
--- Генерація вершинного покриття (зі списку суміжності) ---
Знайдене максимальне парування (M): {(15, 21), (32, 37), (3, 53), (18, 78), (1, 34), (52, 55), (89, 98), (66, 72), (75, 90), (28, 39), (30, 97), (31, 68), (19, 42), (4, 54), (7, 13), (20, 77), (88, 99), (29, 69), (36, 70), (67, 76), (24, 56), (57, 65), (50, 81), (22, 43), (10, 23), (16, 73), (8, 93), (26, 80), (25, 82), (0, 95), (6, 71), (47, 60), (48, 86), (49, 91), (63, 84), (41, 59), (35, 46), (11, 58), (44, 64), (40, 45), (5, 17), (12, 38), (14, 96), (74, 83), (51, 87), (9, 27), (85, 92), (33, 94)}
Згенероване вершинне покриття (C): [0, 1, 3, 4, 5, 6, 7, 8, 9, 10, 11, 12, 13, 14, 15, 16, 17, 18, 19, 20, 21, 22, 23, 24, 25, 26, 27, 28, 29, 30, 31, 32, 33, 34, 35, 36, 37, 38, 39, 40, 41, 42, 43, 44, 45, 46, 47, 48, 49, 50, 51, 52, 53, 54, 55, 56, 57, 58, 59, 60, 63, 64, 65, 66, 67, 68, 69, 70, 71, 72, 73, 74, 75, 76, 77, 78, 80, 81, 82, 83, 84, 85, 86, 87, 88, 89, 90, 91, 92, 93, 94, 95, 96, 97, 98, 99]

--- Генерація вершинного покриття (зі списку суміжності) ---
Знайдене максимальне парування (M): {(11, 36), (53, 69), (30, 46), (5, 59), (82, 96), (15, 42), (9, 60), (12, 28), (72, 97), (13, 63), (52, 73), (50, 85), (68, 78), (57, 84), (16, 74), (14, 55), (21, 70), (81, 93), (8, 48), (7, 77), (41, 54), (58, 64), (35, 38), (40, 92), (6, 90), (3, 18), (67, 79), (25, 49), (31, 95), (45, 94), (22, 98), (32, 66), (2, 65), (4, 99), (17, 29), (1, 20), (44, 86), (33, 43), (62, 91), (26, 37), (27, 75), (19, 71), (24, 61), (80, 87), (34, 47), (23, 56), (76, 83), (0, 88)}
Згенероване вершинне покриття (C): [0, 1, 2, 3, 4, 5, 6, 7, 8, 9, 11, 12, 13, 14, 15, 16, 17, 18, 19, 20, 21, 22, 23, 24, 25, 26, 27, 28, 29, 30, 31, 32, 33, 34, 35, 36, 37, 38, 40, 41, 42, 43, 44, 45, 46, 47, 48, 49, 50, 52, 53, 54, 55, 56, 57, 58, 59, 60, 61, 62, 63, 64, 65, 66, 67, 68, 69, 70, 71, 72, 73, 74, 75, 76, 77, 78, 79, 80, 81, 82, 83, 84, 85, 86, 87, 88, 90, 91, 92, 93, 94, 95, 96, 97, 98, 99]

--- Генерація вершинного покриття (зі списку суміжності) ---
Знайдене максимальне парування (M): {(4, 55), (24, 88), (10, 43), (6, 91), (77, 81), (5, 65), (28, 73), (53, 90), (64, 96), (20, 38), (87, 98), (26, 57), (2, 11), (15, 63), (17, 27), (29, 62), (40, 68), (93, 95), (14, 46), (39, 69), (16, 86), (21, 76), (23, 67), (12, 70), (18, 92), (50, 66), (51, 61), (41, 60), (42, 71), (8, 75), (78, 94), (9, 74), (48, 59), (7, 79), (13, 34), (49, 97), (44, 52), (32, 83), (3, 72), (25, 54), (47, 84), (0, 58), (22, 30), (31, 36), (19, 80), (56, 99), (33, 85), (35, 82), (1, 89)}
Згенероване вершинне покриття (C): [0, 1, 2, 3, 4, 5, 6, 7, 8, 9, 10, 11, 12, 13, 14, 15, 16, 17, 18, 19, 20, 21, 22, 23, 24, 25, 26, 27, 28, 29, 30, 31, 32, 33, 34, 35, 36, 38, 39, 40, 41, 42, 43, 44, 46, 47, 48, 49, 50, 51, 52, 53, 54, 55, 56, 57, 58, 59, 60, 61, 62, 63, 64, 65, 66, 67, 68, 69, 70, 71, 72, 73, 74, 75, 76, 77, 78, 79, 80, 81, 82, 83, 84, 85, 86, 87, 88, 89, 90, 91, 92, 93, 94, 95, 96, 97, 98, 99]

--- Генерація вершинного покриття (зі списку суміжності) ---
Знайдене максимальне парування (M): {(76, 92), (4, 49), (35, 88), (41, 98), (6, 24), (55, 84), (44, 57), (72, 97), (70, 85), (47, 86), (17, 94), (69, 95), (27, 40), (9, 38), (28, 39), (53, 68), (23, 64), (14, 61), (54, 73), (22, 62), (66, 93), (63, 82), (46, 56), (8, 11), (10, 60), (5, 15), (33, 71), (34, 45), (13, 18), (1, 78), (43, 87), (79, 89), (20, 67), (0, 37), (26, 31), (30, 59), (25, 48), (21, 29), (7, 36), (77, 91), (51, 81), (58, 90), (3, 32), (52, 83), (65, 74), (80, 99), (2, 12), (16, 75)}
Згенероване вершинне покриття (C): [0, 1, 2, 3, 4, 5, 6, 7, 8, 9, 10, 11, 12, 13, 14, 15, 16, 17, 18, 20, 21, 22, 23, 24, 25, 26, 27, 28, 29, 30, 31, 32, 33, 34, 35, 36, 37, 38, 39, 40, 41, 43, 44, 45, 46, 47, 48, 49, 51, 52, 53, 54, 55, 56, 57, 58, 59, 60, 61, 62, 63, 64, 65, 66, 67, 68, 69, 70, 71, 72, 73, 74, 75, 76, 77, 78, 79, 80, 81, 82, 83, 84, 85, 86, 87, 88, 89, 90, 91, 92, 93, 94, 95, 97, 98, 99]

--- Генерація вершинного покриття (зі списку суміжності) ---
Знайдене максимальне парування (M): {(0, 97), (13, 94), (41, 61), (14, 80), (28, 76), (20, 47), (7, 68), (1, 15), (5, 34), (54, 55), (17, 36), (43, 88), (33, 99), (39, 81), (23, 82), (6, 9), (35, 53), (24, 59), (37, 84), (18, 46), (58, 91), (52, 78), (4, 32), (8, 26), (85, 87), (57, 77), (38, 73), (3, 51), (2, 31), (25, 30), (19, 56), (27, 60), (29, 42), (11, 64), (45, 90), (66, 67), (49, 63), (12, 96), (83, 89), (50, 86), (69, 93), (65, 71), (48, 70), (44, 79), (16, 75), (10, 22), (74, 98), (21, 62)}
Згенероване вершинне покриття (C): [0, 1, 2, 3, 4, 5, 6, 7, 8, 9, 10, 11, 12, 13, 14, 15, 16, 17, 18, 19, 20, 21, 22, 23, 24, 25, 26, 27, 28, 29, 30, 31, 32, 33, 34, 35, 36, 37, 38, 39, 41, 42, 43, 44, 45, 46, 47, 48, 49, 50, 51, 52, 53, 54, 55, 56, 57, 58, 59, 60, 61, 62, 63, 64, 65, 66, 67, 68, 69, 70, 71, 73, 74, 75, 76, 77, 78, 79, 80, 81, 82, 83, 84, 85, 86, 87, 88, 89, 90, 91, 93, 94, 96, 97, 98, 99]

--- Генерація вершинного покриття (зі списку суміжності) ---
Знайдене максимальне парування (M): {(39, 79), (40, 78), (11, 42), (22, 66), (26, 88), (29, 84), (70, 73), (15, 51), (4, 18), (14, 92), (91, 98), (25, 71), (69, 95), (27, 46), (9, 99), (6, 72), (5, 52), (33, 50), (3, 12), (54, 94), (48, 53), (21, 36), (34, 97), (20, 43), (28, 87), (57, 62), (38, 55), (41, 81), (13, 16), (61, 93), (37, 44), (68, 89), (45, 60), (30, 47), (35, 49), (64, 85), (24, 82), (1, 59), (67, 90), (10, 77), (58, 96), (0, 76), (8, 31), (65, 83), (7, 63), (32, 86)}
Згенероване вершинне покриття (C): [0, 1, 3, 4, 5, 6, 7, 8, 9, 10, 11, 12, 13, 14, 15, 16, 18, 20, 21, 22, 24, 25, 26, 27, 28, 29, 30, 31, 32, 33, 34, 35, 36, 37, 38, 39, 40, 41, 42, 43, 44, 45, 46, 47, 48, 49, 50, 51, 52, 53, 54, 55, 57, 58, 59, 60, 61, 62, 63, 64, 65, 66, 67, 68, 69, 70, 71, 72, 73, 76, 77, 78, 79, 81, 82, 83, 84, 85, 86, 87, 88, 89, 90, 91, 92, 93, 94, 95, 96, 97, 98, 99]

--- Генерація вершинного покриття (зі списку суміжності) ---
Знайдене максимальне парування (M): {(0, 30), (18, 23), (13, 33), (72, 76), (64, 75), (42, 54), (17, 61), (14, 71), (12, 37), (28, 88), (9, 26), (48, 60), (68, 69), (29, 65), (15, 78), (46, 87), (35, 99), (7, 25), (38, 95), (16, 34), (86, 89), (56, 79), (4, 81), (39, 44), (97, 98), (58, 94), (36, 91), (5, 27), (45, 51), (66, 83), (10, 32), (2, 22), (20, 70), (8, 96), (6, 77), (43, 93), (31, 67), (41, 47), (63, 90), (53, 85), (55, 82), (24, 49), (80, 84), (1, 59), (52, 74), (11, 21), (57, 73), (50, 92), (19, 40)}
Згенероване вершинне покриття (C): [0, 1, 2, 4, 5, 6, 7, 8, 9, 10, 11, 12, 13, 14, 15, 16, 17, 18, 19, 20, 21, 22, 23, 24, 25, 26, 27, 28, 29, 30, 31, 32, 33, 34, 35, 36, 37, 38, 39, 40, 41, 42, 43, 44, 45, 46, 47, 48, 49, 50, 51, 52, 53, 54, 55, 56, 57, 58, 59, 60, 61, 63, 64, 65, 66, 67, 68, 69, 70, 71, 72, 73, 74, 75, 76, 77, 78, 79, 80, 81, 82, 83, 84, 85, 86, 87, 88, 89, 90, 91, 92, 93, 94, 95, 96, 97, 98, 99]

--- Генерація вершинного покриття (зі списку суміжності) ---
Знайдене максимальне парування (M): {(36, 56), (14, 59), (31, 75), (6, 82), (67, 68), (7, 90), (39, 88), (9, 60), (2, 48), (35, 54), (43, 61), (50, 79), (38, 53), (32, 76), (46, 78), (3, 49), (21, 58), (72, 84), (33, 41), (16, 25), (29, 34), (77, 83), (8, 17), (66, 71), (11, 85), (74, 87), (51, 91), (4, 47), (27, 97), (10, 99), (5, 57), (40, 94), (81, 95), (20, 24), (28, 65), (44, 55), (23, 26), (42, 64), (70, 86), (0, 12), (52, 89), (37, 98), (93, 96), (30, 92), (15, 73), (1, 19), (22, 45), (18, 69)}
Згенероване вершинне покриття (C): [0, 1, 2, 3, 4, 5, 6, 7, 8, 9, 10, 11, 12, 14, 15, 16, 17, 18, 19, 20, 21, 22, 23, 24, 25, 26, 27, 28, 29, 30, 31, 32, 33, 34, 35, 36, 37, 38, 39, 40, 41, 42, 43, 44, 45, 46, 47, 48, 49, 50, 51, 52, 53, 54, 55, 56, 57, 58, 59, 60, 61, 64, 65, 66, 67, 68, 69, 70, 71, 72, 73, 74, 75, 76, 77, 78, 79, 81, 82, 83, 84, 85, 86, 87, 88, 89, 90, 91, 92, 93, 94, 95, 96, 97, 98, 99]

--- Генерація вершинного покриття (зі списку суміжності) ---
Знайдене максимальне парування (M): {(15, 79), (54, 71), (88, 97), (82, 90), (2, 39), (37, 67), (7, 99), (18, 38), (10, 55), (41, 64), (21, 95), (44, 66), (16, 62), (48, 72), (9, 87), (76, 85), (3, 46), (49, 80), (1, 24), (47, 70), (4, 69), (17, 60), (43, 45), (6, 29), (11, 53), (51, 61), (14, 30), (31, 98), (8, 81), (5, 94), (19, 26), (28, 93), (56, 57), (40, 73), (13, 22), (68, 92), (23, 75), (34, 84), (33, 58), (20, 36), (50, 89), (32, 77), (52, 83), (27, 96), (74, 86), (42, 91), (63, 65), (12, 59)}
Згенероване вершинне покриття (C): [1, 2, 3, 4, 5, 6, 7, 8, 9, 10, 11, 12, 13, 14, 15, 16, 17, 18, 19, 20, 21, 22, 23, 24, 26, 27, 28, 29, 30, 31, 32, 33, 34, 36, 37, 38, 39, 40, 41, 42, 43, 44, 45, 46, 47, 48, 49, 50, 51, 52, 53, 54, 55, 56, 57, 58, 59, 60, 61, 62, 63, 64, 65, 66, 67, 68, 69, 70, 71, 72, 73, 74, 75, 76, 77, 79, 80, 81, 82, 83, 84, 85, 86, 87, 88, 89, 90, 91, 92, 93, 94, 95, 96, 97, 98, 99]

--- Генерація вершинного покриття (зі списку суміжності) ---
Знайдене максимальне парування (M): {(30, 52), (16, 17), (1, 98), (8, 55), (49, 96), (9, 66), (29, 32), (26, 45), (46, 54), (34, 92), (70, 88), (35, 85), (31, 47), (2, 24), (4, 94), (21, 61), (42, 93), (15, 72), (37, 48), (23, 64), (6, 78), (68, 90), (28, 63), (25, 75), (10, 57), (22, 89), (5, 41), (11, 62), (3, 33), (53, 58), (19, 99), (81, 86), (36, 60), (13, 40), (38, 97), (67, 84), (7, 91), (20, 27), (18, 39), (69, 87), (44, 73), (0, 12), (43, 77), (76, 80), (65, 83), (79, 82), (14, 50), (56, 59)}
Згенероване вершинне покриття (C): [0, 1, 2, 3, 4, 5, 6, 7, 8, 9, 10, 11, 12, 13, 14, 15, 16, 17, 18, 19, 20, 21, 22, 23, 24, 25, 26, 27, 28, 29, 30, 31, 32, 33, 34, 35, 36, 37, 38, 39, 40, 41, 42, 43, 44, 45, 46, 47, 48, 49, 50, 52, 53, 54, 55, 56, 57, 58, 59, 60, 61, 62, 63, 64, 65, 66, 67, 68, 69, 70, 72, 73, 75, 76, 77, 78, 79, 80, 81, 82, 83, 84, 85, 86, 87, 88, 89, 90, 91, 92, 93, 94, 96, 97, 98, 99]

--- Генерація вершинного покриття (зі списку суміжності) ---
Знайдене максимальне парування (M): {(50, 52), (26, 91), (28, 55), (48, 94), (32, 49), (45, 74), (67, 89), (12, 37), (86, 99), (2, 60), (5, 92), (3, 47), (20, 53), (1, 24), (33, 44), (41, 51), (14, 58), (46, 96), (54, 79), (82, 95), (9, 56), (4, 17), (11, 59), (97, 98), (25, 61), (0, 10), (13, 65), (42, 83), (38, 64), (19, 90), (6, 62), (68, 80), (43, 87), (71, 76), (63, 75), (18, 70), (72, 77), (40, 73), (15, 31), (7, 88), (16, 36), (34, 78), (23, 81), (21, 93), (27, 84), (22, 39), (29, 66), (57, 85)}
Згенероване вершинне покриття (C): [0, 1, 2, 3, 4, 5, 6, 7, 9, 10, 11, 12, 13, 14, 15, 16, 17, 18, 19, 20, 21, 22, 23, 24, 25, 26, 27, 28, 29, 31, 32, 33, 34, 36, 37, 38, 39, 40, 41, 42, 43, 44, 45, 46, 47, 48, 49, 50, 51, 52, 53, 54, 55, 56, 57, 58, 59, 60, 61, 62, 63, 64, 65, 66, 67, 68, 70, 71, 72, 73, 74, 75, 76, 77, 78, 79, 80, 81, 82, 83, 84, 85, 86, 87, 88, 89, 90, 91, 92, 93, 94, 95, 96, 97, 98, 99]

--- Генерація вершинного покриття (зі списку суміжності) ---
Знайдене максимальне парування (M): {(73, 84), (25, 32), (41, 46), (40, 90), (3, 10), (43, 52), (15, 42), (44, 60), (16, 50), (31, 93), (67, 86), (92, 94), (51, 80), (55, 99), (8, 97), (26, 78), (6, 75), (34, 61), (17, 48), (1, 33), (20, 74), (69, 76), (64, 95), (22, 98), (13, 59), (39, 47), (4, 35), (19, 81), (9, 28), (49, 70), (24, 83), (72, 77), (5, 54), (62, 82), (18, 85), (63, 87), (27, 57), (71, 91), (45, 96), (2, 58), (30, 89), (36, 38), (11, 79), (7, 66), (23, 56), (0, 88), (12, 53), (21, 68)}
Згенероване вершинне покриття (C): [0, 1, 2, 3, 4, 5, 6, 7, 8, 9, 10, 11, 12, 13, 15, 16, 17, 18, 19, 20, 21, 22, 23, 24, 25, 26, 27, 28, 30, 31, 32, 33, 34, 35, 36, 38, 39, 40, 41, 42, 43, 44, 45, 46, 47, 48, 49, 50, 51, 52, 53, 54, 55, 56, 57, 58, 59, 60, 61, 62, 63, 64, 66, 67, 68, 69, 70, 71, 72, 73, 74, 75, 76, 77, 78, 79, 80, 81, 82, 83, 84, 85, 86, 87, 88, 89, 90, 91, 92, 93, 94, 95, 96, 97, 98, 99]

--- Генерація вершинного покриття (зі списку суміжності) ---
Знайдене максимальне парування (M): {(6, 21), (1, 34), (41, 52), (62, 93), (50, 73), (32, 55), (12, 25), (15, 48), (17, 18), (87, 98), (43, 67), (0, 90), (13, 20), (22, 65), (30, 45), (58, 61), (79, 96), (7, 37), (60, 70), (59, 81), (44, 80), (75, 89), (5, 33), (28, 99), (66, 83), (2, 77), (4, 53), (63, 72), (29, 76), (11, 40), (82, 85), (35, 92), (42, 46), (36, 57), (38, 91), (23, 78), (84, 94), (16, 39), (19, 68), (86, 88), (8, 71), (26, 64), (54, 56), (49, 69), (14, 47), (9, 97), (74, 95)}
Згенероване вершинне покриття (C): [0, 1, 2, 4, 5, 6, 7, 8, 9, 11, 12, 13, 14, 15, 16, 17, 18, 19, 20, 21, 22, 23, 25, 26, 28, 29, 30, 32, 33, 34, 35, 36, 37, 38, 39, 40, 41, 42, 43, 44, 45, 46, 47, 48, 49, 50, 52, 53, 54, 55, 56, 57, 58, 59, 60, 61, 62, 63, 64, 65, 66, 67, 68, 69, 70, 71, 72, 73, 74, 75, 76, 77, 78, 79, 80, 81, 82, 83, 84, 85, 86, 87, 88, 89, 90, 91, 92, 93, 94, 95, 96, 97, 98, 99]

--- Генерація вершинного покриття (зі списку суміжності) ---
Знайдене максимальне парування (M): {(81, 82), (13, 88), (22, 60), (41, 98), (37, 67), (24, 39), (23, 77), (69, 74), (45, 92), (35, 63), (20, 38), (12, 95), (8, 85), (3, 43), (25, 28), (68, 87), (1, 94), (58, 61), (54, 76), (42, 56), (32, 51), (73, 86), (31, 89), (11, 53), (21, 91), (40, 46), (70, 96), (15, 62), (2, 16), (10, 17), (30, 84), (7, 64), (27, 97), (26, 80), (0, 34), (44, 49), (59, 71), (36, 72), (4, 83), (19, 65), (5, 78), (48, 52), (18, 57), (14, 99), (6, 55), (47, 93), (9, 33), (29, 66)}
Згенероване вершинне покриття (C): [0, 1, 2, 3, 4, 5, 6, 7, 8, 9, 10, 11, 12, 13, 14, 15, 16, 17, 18, 19, 20, 21, 22, 23, 24, 25, 26, 27, 28, 29, 30, 31, 32, 33, 34, 35, 36, 37, 38, 39, 40, 41, 42, 43, 44, 45, 46, 47, 48, 49, 51, 52, 53, 54, 55, 56, 57, 58, 59, 60, 61, 62, 63, 64, 65, 66, 67, 68, 69, 70, 71, 72, 73, 74, 76, 77, 78, 80, 81, 82, 83, 84, 85, 86, 87, 88, 89, 91, 92, 93, 94, 95, 96, 97, 98, 99]

--- Генерація вершинного покриття (зі списку суміжності) ---
Знайдене максимальне парування (M): {(64, 66), (16, 20), (32, 43), (5, 68), (35, 60), (23, 40), (78, 95), (42, 99), (63, 73), (71, 80), (48, 84), (18, 74), (14, 55), (15, 87), (76, 97), (47, 67), (3, 12), (11, 59), (38, 49), (36, 82), (2, 53), (56, 94), (69, 91), (17, 26), (29, 52), (34, 51), (10, 81), (30, 96), (28, 44), (22, 58), (85, 90), (75, 98), (79, 86), (57, 92), (54, 72), (1, 93), (50, 65), (19, 62), (24, 46), (37, 77), (13, 61), (4, 25), (21, 41), (0, 6), (31, 45), (83, 89), (9, 33), (7, 8)}
Згенероване вершинне покриття (C): [0, 1, 2, 3, 4, 5, 6, 7, 8, 9, 10, 11, 12, 13, 14, 15, 16, 17, 18, 19, 20, 21, 22, 23, 24, 25, 26, 28, 29, 30, 31, 32, 33, 34, 35, 36, 37, 38, 40, 41, 42, 43, 44, 45, 46, 47, 48, 49, 50, 51, 52, 53, 54, 55, 56, 57, 58, 59, 60, 61, 62, 63, 64, 65, 66, 67, 68, 69, 71, 72, 73, 74, 75, 76, 77, 78, 79, 80, 81, 82, 83, 84, 85, 86, 87, 89, 90, 91, 92, 93, 94, 95, 96, 97, 98, 99]

--- Генерація вершинного покриття (зі списку суміжності) ---
Знайдене максимальне парування (M): {(12, 71), (21, 80), (51, 56), (9, 66), (50, 73), (77, 96), (29, 59), (32, 79), (74, 94), (24, 87), (13, 20), (26, 78), (7, 83), (54, 82), (10, 45), (36, 64), (22, 86), (8, 14), (41, 75), (18, 46), (57, 68), (34, 42), (17, 90), (40, 61), (19, 35), (93, 97), (1, 23), (28, 47), (85, 99), (33, 95), (31, 67), (43, 44), (53, 76), (16, 91), (25, 39), (58, 72), (6, 92), (2, 49), (27, 60), (52, 62), (69, 84), (30, 65), (5, 81), (48, 55), (37, 89), (4, 98), (15, 70), (11, 88)}
Згенероване вершинне покриття (C): [1, 2, 4, 5, 6, 7, 8, 9, 10, 11, 12, 13, 14, 15, 16, 17, 18, 19, 20, 21, 22, 23, 24, 25, 26, 27, 28, 29, 30, 31, 32, 33, 34, 35, 36, 37, 39, 40, 41, 42, 43, 44, 45, 46, 47, 48, 49, 50, 51, 52, 53, 54, 55, 56, 57, 58, 59, 60, 61, 62, 64, 65, 66, 67, 68, 69, 70, 71, 72, 73, 74, 75, 76, 77, 78, 79, 80, 81, 82, 83, 84, 85, 86, 87, 88, 89, 90, 91, 92, 93, 94, 95, 96, 97, 98, 99]

--- Генерація вершинного покриття (зі списку суміжності) ---
Знайдене максимальне парування (M): {(44, 91), (39, 88), (57, 76), (3, 13), (22, 87), (53, 96), (58, 80), (52, 67), (8, 18), (2, 60), (31, 47), (93, 95), (15, 72), (41, 42), (81, 84), (17, 48), (56, 70), (30, 54), (55, 77), (21, 24), (49, 98), (23, 79), (12, 94), (33, 65), (5, 85), (7, 46), (38, 61), (26, 62), (34, 51), (1, 20), (35, 74), (10, 32), (25, 82), (9, 37), (27, 63), (4, 68), (69, 78), (59, 83), (40, 45), (14, 90), (11, 73), (43, 71), (28, 92), (19, 89), (50, 86), (16, 66), (6, 64), (29, 75)}
Згенероване вершинне покриття (C): [1, 2, 3, 4, 5, 6, 7, 8, 9, 10, 11, 12, 13, 14, 15, 16, 17, 18, 19, 20, 21, 22, 23, 24, 25, 26, 27, 28, 29, 30, 31, 32, 33, 34, 35, 37, 38, 39, 40, 41, 42, 43, 44, 45, 46, 47, 48, 49, 50, 51, 52, 53, 54, 55, 56, 57, 58, 59, 60, 61, 62, 63, 64, 65, 66, 67, 68, 69, 70, 71, 72, 73, 74, 75, 76, 77, 78, 79, 80, 81, 82, 83, 84, 85, 86, 87, 88, 89, 90, 91, 92, 93, 94, 95, 96, 98]

--- Генерація вершинного покриття (зі списку суміжності) ---
Знайдене максимальне парування (M): {(20, 23), (48, 97), (86, 87), (56, 83), (5, 71), (4, 18), (36, 92), (3, 95), (75, 81), (50, 94), (10, 85), (31, 59), (62, 68), (1, 15), (12, 55), (14, 52), (19, 51), (13, 93), (54, 82), (26, 35), (64, 89), (33, 53), (37, 78), (22, 28), (42, 65), (47, 79), (25, 61), (8, 69), (45, 91), (9, 77), (27, 88), (76, 84), (2, 80), (30, 96), (16, 70), (0, 43), (24, 34), (32, 41), (66, 98), (6, 46), (17, 74), (29, 39), (58, 90), (67, 99), (38, 60), (57, 73), (40, 63), (7, 11)}
Згенероване вершинне покриття (C): [0, 1, 2, 3, 4, 5, 6, 7, 8, 9, 10, 11, 12, 13, 14, 15, 16, 17, 18, 19, 20, 22, 23, 24, 25, 26, 27, 28, 29, 30, 31, 32, 33, 34, 35, 36, 37, 38, 39, 40, 41, 42, 43, 45, 46, 47, 48, 50, 51, 52, 53, 54, 55, 56, 57, 58, 59, 60, 61, 62, 63, 64, 65, 66, 67, 68, 69, 70, 71, 73, 74, 75, 76, 77, 78, 79, 80, 81, 82, 83, 84, 85, 86, 87, 88, 89, 90, 91, 92, 93, 94, 95, 96, 97, 98, 99]

--- Генерація вершинного покриття (зі списку суміжності) ---
Знайдене максимальне парування (M): {(88, 94), (55, 72), (37, 58), (14, 65), (40, 90), (29, 35), (64, 96), (12, 86), (3, 83), (52, 76), (74, 82), (91, 98), (69, 95), (26, 84), (1, 30), (50, 54), (13, 93), (16, 31), (18, 25), (81, 99), (4, 11), (39, 41), (34, 85), (6, 44), (43, 63), (42, 71), (5, 15), (46, 53), (21, 97), (32, 75), (23, 48), (10, 87), (57, 80), (49, 73), (38, 70), (2, 77), (62, 67), (47, 51), (33, 89), (24, 92), (19, 56), (61, 68), (20, 27), (36, 78), (0, 9), (8, 28), (7, 60), (66, 79), (45, 59)}
Згенероване вершинне покриття (C): [0, 1, 2, 3, 4, 5, 6, 7, 8, 9, 10, 11, 12, 13, 14, 15, 16, 18, 19, 20, 21, 23, 24, 25, 26, 27, 28, 29, 30, 31, 32, 33, 34, 35, 36, 37, 38, 39, 40, 41, 42, 43, 44, 45, 46, 47, 48, 49, 50, 51, 52, 53, 54, 55, 56, 57, 58, 59, 60, 61, 62, 63, 64, 65, 66, 67, 68, 69, 70, 71, 72, 73, 74, 75, 76, 77, 78, 79, 80, 81, 82, 83, 84, 85, 86, 87, 88, 89, 90, 91, 92, 93, 94, 95, 96, 97, 98, 99]

--- Генерація вершинного покриття (зі списку суміжності) ---
Знайдене максимальне парування (M): {(64, 72), (54, 71), (31, 84), (26, 39), (49, 99), (19, 55), (16, 47), (52, 70), (27, 80), (28, 79), (58, 98), (6, 57), (45, 46), (68, 78), (1, 15), (35, 87), (42, 96), (2, 29), (11, 38), (13, 93), (59, 60), (51, 67), (14, 24), (17, 23), (74, 75), (0, 4), (12, 36), (22, 34), (10, 69), (5, 97), (8, 32), (88, 92), (62, 73), (90, 95), (20, 21), (37, 65), (18, 94), (53, 91), (50, 77), (7, 48), (61, 83), (44, 76), (33, 82), (40, 63), (3, 41), (66, 85), (9, 30), (43, 86)}
Згенероване вершинне покриття (C): [0, 1, 2, 3, 4, 5, 6, 7, 8, 9, 10, 11, 12, 13, 14, 15, 16, 17, 18, 19, 20, 21, 22, 23, 24, 26, 27, 28, 29, 30, 31, 32, 33, 34, 35, 36, 37, 38, 39, 40, 41, 42, 43, 44, 45, 46, 47, 48, 49, 50, 51, 52, 53, 54, 55, 57, 58, 59, 60, 61, 62, 63, 64, 65, 66, 67, 68, 69, 70, 71, 72, 73, 74, 75, 76, 77, 78, 79, 80, 82, 83, 84, 85, 86, 87, 88, 90, 91, 92, 93, 94, 95, 96, 97, 98, 99]

--- Генерація вершинного покриття (зі списку суміжності) ---
Знайдене максимальне парування (M): {(88, 94), (19, 46), (2, 45), (51, 59), (7, 32), (17, 73), (0, 66), (35, 63), (67, 92), (23, 37), (33, 75), (49, 62), (20, 50), (65, 91), (54, 58), (1, 39), (72, 87), (14, 15), (69, 76), (9, 71), (36, 79), (24, 53), (60, 82), (31, 43), (13, 68), (40, 61), (44, 77), (30, 90), (8, 93), (22, 55), (16, 21), (11, 95), (26, 83), (3, 5), (34, 81), (84, 97), (6, 98), (4, 28), (18, 48), (52, 74), (42, 85), (12, 47), (27, 96), (10, 25), (41, 89), (80, 99), (29, 57), (38, 78)}
Згенероване вершинне покриття (C): [0, 1, 2, 3, 4, 5, 6, 7, 8, 9, 10, 11, 12, 13, 14, 15, 16, 17, 18, 19, 20, 21, 22, 23, 24, 25, 26, 27, 28, 29, 30, 31, 32, 33, 34, 35, 36, 37, 38, 39, 40, 41, 42, 43, 44, 45, 46, 47, 48, 49, 50, 51, 52, 53, 54, 55, 57, 58, 59, 60, 61, 62, 63, 65, 66, 67, 68, 69, 71, 72, 73, 74, 75, 76, 77, 78, 79, 80, 81, 82, 83, 84, 85, 87, 88, 89, 90, 91, 92, 93, 94, 95, 96, 97, 98, 99]

--- Генерація вершинного покриття (зі списку суміжності) ---
Знайдене максимальне парування (M): {(32, 37), (24, 76), (19, 98), (22, 66), (5, 59), (13, 42), (54, 77), (45, 74), (31, 87), (15, 51), (70, 85), (1, 61), (16, 53), (26, 63), (10, 12), (11, 78), (28, 33), (43, 82), (48, 69), (18, 65), (7, 80), (71, 89), (27, 58), (2, 93), (21, 79), (38, 95), (46, 56), (25, 49), (44, 62), (17, 84), (30, 81), (34, 39), (41, 90), (60, 97), (6, 68), (52, 96), (47, 57), (35, 40), (9, 55), (36, 75), (72, 92), (64, 94), (4, 83), (3, 20), (0, 67), (8, 86), (23, 50), (88, 91)}
Згенероване вершинне покриття (C): [0, 1, 2, 3, 4, 5, 6, 7, 8, 9, 10, 11, 12, 13, 15, 16, 17, 18, 19, 20, 21, 22, 23, 24, 25, 26, 27, 28, 30, 31, 32, 33, 34, 35, 36, 37, 38, 39, 40, 41, 42, 43, 44, 45, 46, 47, 48, 49, 50, 51, 52, 53, 54, 55, 56, 57, 58, 59, 60, 61, 62, 63, 64, 65, 66, 67, 68, 69, 70, 71, 72, 74, 75, 76, 77, 78, 79, 80, 81, 82, 83, 84, 85, 86, 87, 88, 89, 90, 91, 92, 93, 94, 95, 96, 97, 98]

--- Генерація вершинного покриття (зі списку суміжності) ---
Знайдене максимальне парування (M): {(18, 78), (45, 68), (17, 55), (39, 88), (26, 42), (9, 60), (16, 41), (59, 82), (86, 96), (65, 70), (35, 66), (19, 85), (75, 81), (93, 95), (27, 43), (34, 61), (25, 92), (38, 83), (0, 99), (31, 77), (7, 22), (73, 89), (11, 53), (3, 76), (23, 94), (6, 47), (37, 84), (13, 62), (14, 33), (20, 49), (29, 52), (21, 48), (40, 58), (51, 91), (46, 74), (36, 63), (30, 56), (2, 98), (69, 72), (10, 50), (64, 97), (1, 4), (32, 71), (80, 90), (8, 28), (12, 44), (15, 67), (24, 79)}
Згенероване вершинне покриття (C): [0, 1, 2, 3, 4, 6, 7, 8, 9, 10, 11, 12, 13, 14, 15, 16, 17, 18, 19, 20, 21, 22, 23, 24, 25, 26, 27, 28, 29, 30, 31, 32, 33, 34, 35, 36, 37, 38, 39, 40, 41, 42, 43, 44, 45, 46, 47, 48, 49, 50, 51, 52, 53, 55, 56, 58, 59, 60, 61, 62, 63, 64, 65, 66, 67, 68, 69, 70, 71, 72, 73, 74, 75, 76, 77, 78, 79, 80, 81, 82, 83, 84, 85, 86, 88, 89, 90, 91, 92, 93, 94, 95, 96, 97, 98, 99]

--- Генерація вершинного покриття (зі списку суміжності) ---
Знайдене максимальне парування (M): {(2, 88), (68, 94), (9, 42), (19, 46), (38, 93), (29, 90), (31, 81), (24, 51), (30, 64), (60, 80), (8, 76), (69, 92), (4, 36), (59, 91), (37, 45), (15, 75), (3, 43), (11, 99), (28, 48), (13, 41), (53, 83), (66, 79), (40, 98), (20, 95), (70, 87), (5, 21), (65, 72), (34, 39), (35, 74), (55, 58), (44, 85), (1, 32), (0, 89), (18, 82), (16, 33), (54, 78), (7, 27), (56, 84), (62, 97), (26, 52), (49, 63), (23, 96), (17, 86), (10, 77), (57, 73), (12, 50), (14, 47), (6, 67)}
Згенероване вершинне покриття (C): [0, 1, 2, 3, 4, 5, 6, 7, 8, 9, 10, 11, 12, 13, 14, 15, 16, 17, 18, 19, 20, 21, 23, 24, 26, 27, 28, 29, 30, 31, 32, 33, 34, 35, 36, 37, 38, 39, 40, 41, 42, 43, 44, 45, 46, 47, 48, 49, 50, 51, 52, 53, 54, 55, 56, 57, 58, 59, 60, 62, 63, 64, 65, 66, 67, 68, 69, 70, 72, 73, 74, 75, 76, 77, 78, 79, 80, 81, 82, 83, 84, 85, 86, 87, 88, 89, 90, 91, 92, 93, 94, 95, 96, 97, 98, 99]

--- Генерація вершинного покриття (зі списку суміжності) ---
Знайдене максимальне парування (M): {(36, 56), (35, 42), (6, 39), (70, 85), (46, 57), (20, 38), (40, 50), (12, 98), (21, 58), (41, 91), (28, 45), (18, 80), (49, 83), (22, 68), (13, 29), (54, 67), (11, 47), (81, 90), (72, 93), (9, 10), (5, 15), (23, 94), (52, 69), (55, 95), (61, 87), (30, 84), (7, 64), (1, 78), (24, 25), (0, 92), (14, 48), (19, 99), (51, 97), (66, 86), (34, 63), (62, 82), (31, 76), (26, 37), (8, 53), (4, 16), (17, 65), (43, 59), (33, 73), (2, 3), (32, 71), (60, 96), (44, 79), (75, 88)}
Згенероване вершинне покриття (C): [0, 1, 2, 3, 4, 5, 6, 7, 8, 9, 10, 11, 12, 13, 14, 15, 16, 17, 18, 19, 20, 21, 22, 23, 24, 25, 26, 28, 29, 30, 31, 32, 33, 34, 35, 36, 37, 38, 39, 40, 41, 42, 43, 44, 45, 46, 47, 48, 49, 50, 51, 52, 53, 54, 55, 56, 57, 58, 59, 60, 61, 62, 63, 64, 65, 66, 67, 68, 69, 70, 71, 72, 73, 75, 76, 78, 79, 80, 81, 82, 83, 84, 85, 86, 87, 88, 90, 91, 92, 93, 94, 95, 96, 97, 98, 99]

--- Генерація вершинного покриття (зі списку суміжності) ---
Знайдене максимальне парування (M): {(19, 43), (82, 87), (2, 36), (15, 94), (56, 77), (62, 81), (35, 45), (51, 65), (84, 99), (23, 34), (8, 76), (32, 73), (66, 72), (92, 97), (26, 75), (10, 27), (63, 79), (68, 93), (4, 69), (3, 67), (7, 89), (25, 55), (46, 53), (47, 85), (33, 71), (14, 91), (5, 39), (44, 86), (17, 41), (20, 64), (11, 40), (13, 31), (1, 29), (18, 88), (9, 61), (30, 59), (12, 90), (50, 80), (48, 52), (49, 54), (38, 57), (24, 70), (22, 42), (16, 60), (37, 95), (58, 96), (74, 83), (28, 98)}
Згенероване вершинне покриття (C): [1, 2, 3, 4, 5, 7, 8, 9, 10, 11, 12, 13, 14, 15, 16, 17, 18, 19, 20, 22, 23, 24, 25, 26, 27, 28, 29, 30, 31, 32, 33, 34, 35, 36, 37, 38, 39, 40, 41, 42, 43, 44, 45, 46, 47, 48, 49, 50, 51, 52, 53, 54, 55, 56, 57, 58, 59, 60, 61, 62, 63, 64, 65, 66, 67, 68, 69, 70, 71, 72, 73, 74, 75, 76, 77, 79, 80, 81, 82, 83, 84, 85, 86, 87, 88, 89, 90, 91, 92, 93, 94, 95, 96, 97, 98, 99]

--- Генерація вершинного покриття (зі списку суміжності) ---
Знайдене максимальне парування (M): {(15, 21), (18, 20), (3, 7), (14, 83), (22, 90), (30, 73), (57, 60), (29, 56), (12, 49), (74, 88), (37, 54), (11, 93), (41, 45), (13, 44), (32, 51), (27, 64), (24, 50), (9, 71), (53, 95), (39, 47), (34, 91), (31, 66), (94, 96), (59, 98), (10, 87), (0, 92), (36, 48), (25, 33), (38, 72), (17, 62), (70, 77), (58, 75), (67, 78), (2, 52), (19, 68), (6, 40), (63, 99), (35, 61), (5, 84), (1, 4), (69, 81), (26, 55), (16, 23), (76, 80), (8, 86), (43, 89), (79, 82), (42, 97), (46, 85)}
Згенероване вершинне покриття (C): [0, 1, 2, 3, 4, 5, 6, 7, 8, 9, 10, 11, 12, 13, 14, 15, 16, 17, 18, 19, 20, 21, 22, 23, 24, 25, 26, 27, 29, 30, 31, 32, 33, 34, 35, 36, 37, 38, 39, 40, 41, 42, 43, 44, 45, 46, 47, 48, 49, 50, 51, 52, 53, 54, 55, 56, 57, 58, 59, 60, 61, 62, 63, 64, 66, 67, 68, 69, 70, 71, 72, 73, 74, 75, 76, 77, 78, 79, 80, 81, 82, 83, 84, 85, 86, 87, 88, 89, 90, 91, 92, 93, 94, 95, 96, 97, 98, 99]

--- Генерація вершинного покриття (зі списку суміжності) ---
Знайдене максимальне парування (M): {(64, 72), (24, 88), (14, 53), (9, 42), (71, 96), (37, 73), (21, 28), (19, 70), (51, 62), (23, 31), (69, 83), (92, 94), (26, 63), (65, 76), (91, 95), (50, 97), (11, 29), (30, 36), (68, 81), (8, 45), (2, 56), (67, 85), (4, 20), (18, 43), (17, 78), (38, 46), (0, 7), (41, 84), (59, 99), (33, 80), (44, 77), (57, 74), (22, 52), (34, 54), (15, 25), (90, 98), (40, 79), (58, 60), (39, 89), (27, 66), (5, 75), (16, 48), (13, 55), (47, 87), (6, 49), (12, 93), (3, 32), (35, 82), (10, 86)}
Згенероване вершинне покриття (C): [0, 2, 3, 4, 5, 6, 7, 8, 9, 10, 11, 12, 13, 14, 15, 16, 17, 18, 19, 20, 21, 22, 23, 24, 25, 26, 27, 28, 29, 30, 31, 32, 33, 34, 35, 36, 37, 38, 39, 40, 41, 42, 43, 44, 45, 46, 47, 48, 49, 50, 51, 52, 53, 54, 55, 56, 57, 58, 59, 60, 62, 63, 64, 65, 66, 67, 68, 69, 70, 71, 72, 73, 74, 75, 76, 77, 78, 79, 80, 81, 82, 83, 84, 85, 86, 87, 88, 89, 90, 91, 92, 93, 94, 95, 96, 97, 98, 99]

--- Генерація вершинного покриття (зі списку суміжності) ---
Знайдене максимальне парування (M): {(64, 72), (21, 65), (16, 26), (54, 83), (4, 70), (38, 41), (29, 32), (9, 63), (86, 90), (58, 80), (3, 92), (11, 75), (60, 89), (37, 42), (45, 49), (28, 97), (10, 85), (93, 98), (8, 36), (1, 24), (35, 96), (17, 57), (7, 22), (33, 50), (48, 99), (19, 66), (27, 73), (67, 79), (46, 68), (39, 56), (20, 55), (14, 51), (62, 76), (30, 47), (88, 95), (2, 34), (71, 94), (44, 52), (15, 40), (59, 74), (78, 81), (12, 87), (23, 84), (31, 91), (13, 61), (43, 77), (25, 69), (0, 18)}
Згенероване вершинне покриття (C): [0, 1, 2, 3, 4, 7, 8, 9, 10, 11, 12, 13, 14, 15, 16, 17, 18, 19, 20, 21, 22, 23, 24, 25, 26, 27, 28, 29, 30, 31, 32, 33, 34, 35, 36, 37, 38, 39, 40, 41, 42, 43, 44, 45, 46, 47, 48, 49, 50, 51, 52, 54, 55, 56, 57, 58, 59, 60, 61, 62, 63, 64, 65, 66, 67, 68, 69, 70, 71, 72, 73, 74, 75, 76, 77, 78, 79, 80, 81, 83, 84, 85, 86, 87, 88, 89, 90, 91, 92, 93, 94, 95, 96, 97, 98, 99]

--- Генерація вершинного покриття (зі списку суміжності) ---
Знайдене максимальне парування (M): {(79, 94), (43, 46), (7, 20), (30, 58), (27, 65), (31, 84), (19, 61), (54, 86), (67, 92), (42, 78), (5, 83), (57, 66), (18, 50), (59, 91), (32, 82), (24, 90), (8, 39), (62, 74), (9, 47), (37, 60), (51, 55), (26, 41), (38, 49), (40, 98), (29, 52), (13, 77), (36, 48), (68, 89), (25, 33), (72, 80), (1, 93), (34, 69), (35, 95), (63, 87), (45, 75), (12, 23), (64, 85), (53, 88), (4, 22), (21, 96), (10, 71), (17, 28), (0, 70), (44, 76), (3, 99), (2, 6), (15, 73)}
Згенероване вершинне покриття (C): [0, 1, 2, 3, 4, 5, 6, 7, 8, 9, 10, 12, 13, 15, 17, 18, 19, 20, 21, 22, 23, 24, 25, 26, 27, 28, 29, 30, 31, 32, 33, 34, 35, 36, 37, 38, 39, 40, 41, 42, 43, 44, 45, 46, 47, 48, 49, 50, 51, 52, 53, 54, 55, 57, 58, 59, 60, 61, 62, 63, 64, 65, 66, 67, 68, 69, 70, 71, 72, 73, 74, 75, 76, 77, 78, 79, 80, 82, 83, 84, 85, 86, 87, 88, 89, 90, 91, 92, 93, 94, 95, 96, 98, 99]

--- Генерація вершинного покриття (зі списку суміжності) ---
Знайдене максимальне парування (M): {(53, 66), (81, 82), (42, 45), (90, 94), (67, 68), (30, 58), (54, 89), (16, 41), (77, 84), (20, 29), (69, 80), (11, 60), (13, 63), (52, 73), (14, 28), (17, 27), (3, 47), (48, 72), (65, 85), (49, 74), (35, 87), (1, 88), (2, 93), (22, 71), (79, 99), (12, 18), (40, 98), (4, 26), (7, 43), (6, 64), (34, 97), (70, 96), (76, 78), (39, 62), (46, 86), (23, 75), (38, 91), (9, 55), (8, 59), (32, 56), (51, 57), (31, 36), (37, 92), (21, 50), (0, 15), (10, 19), (83, 95)}
Згенероване вершинне покриття (C): [0, 1, 2, 3, 4, 6, 7, 8, 9, 10, 11, 12, 13, 14, 15, 16, 17, 18, 19, 20, 21, 22, 23, 26, 27, 28, 29, 30, 31, 32, 34, 35, 36, 37, 38, 39, 40, 41, 42, 43, 45, 46, 47, 48, 49, 50, 51, 52, 53, 54, 55, 56, 57, 58, 59, 60, 62, 63, 64, 65, 66, 67, 68, 69, 70, 71, 72, 73, 74, 75, 76, 77, 78, 79, 80, 81, 82, 83, 84, 85, 86, 87, 88, 89, 90, 91, 92, 93, 94, 95, 96, 97, 98, 99]

--- Генерація вершинного покриття (зі списку суміжності) ---
Знайдене максимальне парування (M): {(7, 72), (6, 82), (35, 91), (0, 45), (26, 88), (37, 67), (43, 58), (21, 34), (36, 86), (38, 68), (62, 65), (2, 17), (31, 59), (41, 94), (13, 20), (47, 52), (24, 90), (48, 81), (79, 99), (12, 70), (30, 57), (19, 63), (73, 98), (25, 46), (44, 56), (69, 76), (55, 89), (18, 49), (11, 71), (42, 80), (32, 78), (51, 85), (4, 96), (40, 64), (15, 16), (8, 93), (33, 92), (9, 95), (50, 53), (14, 75), (5, 66), (29, 97), (3, 23), (74, 77), (28, 83), (60, 84), (27, 87), (39, 61), (22, 54)}
Згенероване вершинне покриття (C): [0, 2, 3, 4, 5, 6, 7, 8, 9, 11, 12, 13, 14, 15, 16, 17, 18, 19, 20, 21, 22, 23, 24, 25, 26, 27, 28, 29, 30, 31, 32, 33, 34, 35, 36, 37, 38, 39, 40, 41, 42, 43, 44, 45, 46, 47, 48, 49, 50, 51, 52, 53, 54, 55, 56, 57, 58, 59, 60, 61, 62, 63, 64, 65, 66, 67, 68, 69, 70, 71, 72, 73, 74, 75, 76, 77, 78, 79, 80, 81, 82, 83, 84, 85, 86, 87, 88, 89, 90, 91, 92, 93, 94, 95, 96, 97, 98, 99]

--- Генерація вершинного покриття (зі списку суміжності) ---
Знайдене максимальне парування (M): {(32, 40), (43, 46), (28, 61), (6, 27), (24, 54), (69, 80), (44, 60), (9, 78), (16, 68), (36, 95), (37, 42), (1, 76), (19, 94), (3, 55), (82, 83), (62, 89), (52, 57), (20, 86), (56, 85), (10, 63), (75, 77), (59, 90), (38, 58), (5, 39), (23, 48), (17, 99), (65, 81), (11, 25), (30, 41), (18, 79), (8, 50), (47, 66), (4, 71), (12, 72), (0, 49), (26, 98), (21, 29), (73, 97), (34, 84), (7, 45), (22, 33), (14, 96), (35, 64), (31, 51), (2, 67), (15, 70), (74, 92), (88, 91)}
Згенероване вершинне покриття (C): [0, 1, 2, 3, 4, 5, 6, 7, 8, 9, 10, 11, 12, 14, 15, 16, 17, 18, 19, 20, 21, 22, 23, 24, 25, 26, 27, 28, 29, 30, 31, 32, 33, 34, 35, 36, 37, 38, 39, 40, 41, 42, 43, 44, 45, 46, 47, 48, 49, 50, 51, 52, 54, 55, 56, 57, 58, 59, 60, 61, 62, 63, 64, 65, 66, 67, 68, 69, 70, 71, 72, 73, 74, 75, 76, 77, 78, 79, 80, 81, 82, 83, 84, 85, 86, 88, 89, 90, 91, 92, 94, 95, 96, 97, 98, 99]

--- Генерація вершинного покриття (зі списку суміжності) ---
Знайдене максимальне парування (M): {(56, 62), (36, 65), (19, 46), (73, 81), (23, 83), (44, 57), (47, 80), (42, 66), (22, 87), (4, 82), (43, 79), (27, 95), (26, 72), (1, 85), (31, 77), (15, 32), (49, 92), (68, 99), (48, 96), (5, 6), (16, 89), (3, 18), (21, 88), (11, 53), (54, 94), (35, 50), (10, 75), (60, 91), (30, 90), (29, 64), (24, 25), (12, 51), (17, 41), (20, 67), (55, 70), (2, 98), (52, 59), (9, 58), (37, 74), (7, 45), (86, 97), (14, 84), (34, 38), (33, 76), (69, 93), (40, 63), (39, 61), (71, 78)}
Згенероване вершинне покриття (C): [1, 2, 3, 4, 5, 6, 7, 9, 10, 11, 12, 14, 15, 16, 17, 18, 19, 20, 21, 22, 23, 24, 25, 26, 27, 29, 30, 31, 32, 33, 34, 35, 36, 37, 38, 39, 40, 41, 42, 43, 44, 45, 46, 47, 48, 49, 50, 51, 52, 53, 54, 55, 56, 57, 58, 59, 60, 61, 62, 63, 64, 65, 66, 67, 68, 69, 70, 71, 72, 73, 74, 75, 76, 77, 78, 79, 80, 81, 82, 83, 84, 85, 86, 87, 88, 89, 90, 91, 92, 93, 94, 95, 96, 97, 98, 99]

--- Генерація вершинного покриття (зі списку суміжності) ---
Знайдене максимальне парування (M): {(40, 78), (58, 59), (43, 46), (3, 62), (6, 85), (15, 33), (54, 74), (53, 87), (77, 84), (8, 76), (5, 22), (1, 67), (52, 79), (49, 65), (93, 95), (0, 18), (2, 99), (26, 29), (11, 44), (41, 57), (69, 73), (55, 80), (64, 89), (23, 24), (72, 90), (12, 94), (13, 68), (47, 97), (36, 42), (10, 35), (34, 60), (56, 66), (25, 39), (7, 27), (38, 45), (50, 71), (70, 83), (21, 96), (14, 32), (51, 81), (61, 92), (28, 37), (9, 88), (30, 86), (31, 48), (4, 98), (75, 91), (16, 17)}
Згенероване вершинне покриття (C): [0, 1, 2, 3, 4, 5, 6, 7, 8, 9, 10, 11, 12, 13, 14, 15, 16, 17, 18, 21, 22, 23, 24, 25, 26, 27, 28, 29, 30, 31, 32, 33, 34, 35, 36, 37, 38, 39, 40, 41, 42, 43, 44, 45, 46, 47, 48, 49, 50, 51, 52, 53, 54, 55, 56, 57, 58, 59, 60, 61, 62, 64, 65, 66, 67, 68, 69, 70, 71, 72, 73, 74, 75, 76, 77, 78, 79, 80, 81, 83, 84, 85, 86, 87, 88, 89, 90, 91, 92, 93, 94, 95, 96, 97, 98, 99]

--- Генерація вершинного покриття (зі списку суміжності) ---
Знайдене максимальне парування (M): {(36, 53), (41, 43), (12, 65), (7, 20), (48, 88), (55, 75), (13, 39), (40, 96), (5, 62), (21, 31), (27, 71), (17, 18), (15, 57), (46, 69), (28, 91), (60, 95), (47, 49), (1, 85), (0, 38), (2, 29), (8, 54), (6, 26), (73, 86), (58, 67), (16, 37), (45, 79), (10, 63), (11, 68), (23, 42), (33, 74), (30, 87), (76, 81), (19, 32), (51, 97), (90, 92), (34, 72), (50, 77), (22, 24), (44, 70), (14, 84), (25, 66), (61, 83), (89, 93), (3, 35), (9, 82), (80, 99), (59, 98), (4, 52)}
Згенероване вершинне покриття (C): [0, 1, 2, 3, 4, 5, 6, 7, 8, 9, 10, 11, 12, 13, 14, 15, 16, 17, 18, 19, 20, 21, 22, 23, 24, 25, 26, 27, 28, 29, 30, 31, 32, 33, 34, 35, 36, 37, 38, 39, 40, 41, 42, 43, 44, 45, 46, 47, 48, 49, 50, 51, 52, 53, 54, 55, 57, 58, 59, 60, 61, 62, 63, 65, 66, 67, 68, 69, 70, 71, 72, 73, 74, 75, 76, 77, 79, 80, 81, 82, 83, 84, 85, 86, 87, 88, 89, 90, 91, 92, 93, 95, 96, 97, 98, 99]

--- Генерація вершинного покриття (зі списку суміжності) ---
Знайдене максимальне парування (M): {(11, 97), (24, 42), (36, 68), (20, 35), (60, 71), (89, 92), (2, 66), (32, 67), (0, 17), (48, 69), (25, 83), (7, 16), (5, 49), (88, 93), (62, 86), (58, 79), (6, 99), (29, 40), (31, 37), (84, 95), (50, 78), (56, 94), (23, 91), (9, 77), (13, 65), (8, 87), (19, 26), (61, 96), (4, 41), (44, 80), (53, 70), (1, 90), (15, 22), (12, 63), (18, 30), (51, 54), (3, 75), (55, 82), (27, 72), (34, 81), (33, 64), (21, 38), (10, 74), (46, 73), (59, 98), (28, 43), (57, 85)}
Згенероване вершинне покриття (C): [0, 1, 2, 3, 4, 5, 6, 7, 8, 9, 10, 11, 12, 13, 15, 16, 17, 18, 19, 20, 21, 22, 23, 24, 25, 26, 27, 28, 29, 30, 31, 32, 33, 34, 35, 36, 37, 38, 40, 41, 42, 43, 44, 46, 48, 49, 50, 51, 53, 54, 55, 56, 57, 58, 59, 60, 61, 62, 63, 64, 65, 66, 67, 68, 69, 70, 71, 72, 73, 74, 75, 77, 78, 79, 80, 81, 82, 83, 84, 85, 86, 87, 88, 89, 90, 91, 92, 93, 94, 95, 96, 97, 98, 99]

--- Генерація вершинного покриття (зі списку суміжності) ---
Знайдене максимальне парування (M): {(18, 72), (24, 94), (25, 93), (43, 46), (6, 30), (16, 99), (2, 45), (3, 10), (70, 76), (21, 31), (14, 22), (77, 96), (40, 50), (0, 78), (51, 86), (9, 29), (17, 97), (12, 55), (48, 81), (64, 71), (28, 54), (7, 92), (8, 57), (58, 79), (13, 56), (20, 34), (83, 84), (4, 90), (39, 53), (42, 80), (65, 69), (60, 91), (19, 38), (1, 26), (88, 98), (36, 66), (5, 63), (32, 47), (41, 62), (44, 61), (15, 49), (23, 35), (11, 67), (33, 73), (75, 82), (27, 87), (37, 95), (52, 74), (85, 89)}
Згенероване вершинне покриття (C): [0, 1, 2, 3, 4, 5, 6, 7, 8, 9, 10, 11, 12, 13, 14, 15, 16, 17, 18, 19, 20, 21, 22, 23, 24, 25, 26, 27, 28, 29, 30, 31, 32, 33, 34, 35, 36, 37, 38, 39, 40, 41, 42, 43, 44, 45, 46, 47, 48, 49, 50, 51, 52, 53, 54, 55, 56, 57, 58, 60, 61, 62, 63, 64, 65, 66, 67, 69, 70, 71, 72, 73, 74, 75, 76, 77, 78, 79, 80, 81, 82, 83, 84, 85, 86, 87, 88, 89, 90, 91, 92, 93, 94, 95, 96, 97, 98, 99]

--- Генерація вершинного покриття (зі списку суміжності) ---
Знайдене максимальне парування (M): {(53, 66), (25, 84), (55, 57), (22, 69), (23, 74), (3, 65), (21, 86), (5, 19), (43, 67), (37, 97), (14, 34), (38, 68), (85, 94), (26, 78), (11, 32), (56, 70), (48, 87), (79, 93), (54, 88), (10, 63), (33, 62), (8, 75), (42, 80), (30, 81), (36, 91), (59, 96), (0, 83), (29, 64), (15, 71), (28, 47), (49, 82), (41, 44), (2, 92), (7, 27), (24, 46), (1, 50), (4, 77), (18, 39), (45, 90), (51, 72), (12, 99), (13, 58), (6, 52), (16, 60), (35, 73), (17, 40), (76, 89), (61, 98)}
Згенероване вершинне покриття (C): [0, 1, 2, 3, 4, 5, 6, 7, 8, 10, 11, 12, 13, 14, 15, 16, 17, 18, 19, 21, 22, 23, 24, 25, 26, 27, 28, 29, 30, 32, 33, 34, 35, 36, 37, 38, 39, 40, 41, 42, 43, 44, 45, 46, 47, 48, 49, 50, 51, 52, 53, 54, 55, 56, 57, 58, 59, 60, 61, 62, 63, 64, 65, 66, 67, 68, 69, 70, 71, 72, 73, 74, 75, 76, 77, 78, 79, 80, 81, 82, 83, 84, 85, 86, 87, 88, 89, 90, 91, 92, 93, 94, 96, 97, 98, 99]

--- Генерація вершинного покриття (зі списку суміжності) ---
Знайдене максимальне парування (M): {(23, 50), (3, 16), (77, 84), (33, 57), (42, 60), (53, 96), (54, 95), (36, 83), (20, 38), (0, 8), (21, 46), (11, 81), (39, 63), (13, 78), (62, 74), (14, 64), (47, 73), (87, 91), (31, 89), (5, 67), (41, 66), (30, 69), (34, 94), (24, 68), (7, 58), (28, 99), (52, 90), (45, 48), (10, 32), (19, 35), (61, 93), (22, 55), (71, 82), (37, 56), (6, 80), (79, 98), (18, 85), (15, 92), (72, 86), (1, 44), (17, 43), (49, 97), (25, 51), (9, 76), (27, 29), (26, 70), (75, 88), (12, 59)}
Згенероване вершинне покриття (C): [0, 1, 3, 5, 6, 7, 8, 9, 10, 11, 12, 13, 14, 15, 16, 17, 18, 19, 20, 21, 22, 23, 24, 25, 26, 27, 28, 29, 30, 31, 32, 33, 34, 35, 36, 37, 38, 39, 41, 42, 43, 44, 45, 46, 47, 48, 49, 50, 51, 52, 53, 54, 55, 56, 57, 58, 59, 60, 61, 62, 63, 64, 66, 67, 68, 69, 70, 71, 72, 73, 74, 75, 76, 77, 78, 79, 80, 81, 82, 83, 84, 85, 86, 87, 88, 89, 90, 91, 92, 93, 94, 95, 96, 97, 98, 99]

--- Генерація вершинного покриття (зі списку суміжності) ---
Знайдене максимальне парування (M): {(64, 66), (0, 42), (4, 58), (11, 39), (8, 61), (70, 73), (56, 89), (26, 57), (3, 95), (27, 86), (38, 65), (47, 98), (9, 29), (7, 68), (19, 91), (44, 90), (43, 88), (50, 51), (62, 77), (15, 23), (72, 84), (21, 76), (6, 87), (71, 92), (13, 41), (22, 25), (55, 83), (10, 60), (31, 34), (80, 97), (30, 32), (96, 99), (40, 82), (5, 63), (24, 49), (36, 78), (54, 93), (52, 74), (20, 45), (46, 67), (2, 12), (1, 16), (17, 37), (33, 85), (75, 94), (48, 79), (18, 69)}
Згенероване вершинне покриття (C): [0, 1, 2, 3, 4, 5, 6, 7, 8, 9, 10, 11, 12, 13, 15, 16, 17, 18, 19, 20, 21, 22, 23, 24, 25, 26, 27, 29, 30, 31, 32, 33, 34, 36, 37, 38, 39, 40, 41, 42, 43, 44, 45, 46, 47, 48, 49, 50, 51, 52, 54, 55, 56, 57, 58, 60, 61, 62, 63, 64, 65, 66, 67, 68, 69, 70, 71, 72, 73, 74, 75, 76, 77, 78, 79, 80, 82, 83, 84, 85, 86, 87, 88, 89, 90, 91, 92, 93, 94, 95, 96, 97, 98, 99]

--- Генерація вершинного покриття (зі списку суміжності) ---
Знайдене максимальне парування (M): {(18, 23), (73, 84), (13, 33), (35, 36), (44, 51), (71, 93), (61, 64), (58, 77), (2, 48), (10, 67), (29, 50), (69, 92), (1, 9), (15, 66), (27, 31), (30, 94), (14, 49), (7, 74), (54, 76), (4, 63), (20, 83), (53, 89), (16, 37), (25, 75), (45, 85), (34, 88), (86, 95), (22, 46), (8, 87), (6, 65), (24, 80), (52, 96), (43, 81), (39, 62), (19, 99), (0, 98), (47, 60), (59, 68), (32, 56), (3, 72), (11, 55), (40, 91), (12, 90), (21, 38), (17, 28), (26, 70), (57, 82), (5, 41)}
Згенероване вершинне покриття (C): [0, 1, 2, 3, 4, 5, 6, 7, 8, 9, 10, 11, 12, 13, 14, 15, 16, 17, 18, 19, 20, 21, 22, 23, 24, 25, 26, 27, 28, 29, 30, 31, 32, 33, 34, 35, 36, 37, 38, 39, 40, 41, 43, 44, 45, 46, 47, 48, 49, 50, 51, 52, 53, 54, 55, 56, 57, 58, 59, 60, 61, 62, 63, 64, 65, 66, 67, 68, 69, 70, 71, 72, 73, 74, 75, 76, 77, 80, 81, 82, 83, 84, 85, 86, 87, 88, 89, 90, 91, 92, 93, 94, 95, 96, 98, 99]

--- Генерація вершинного покриття (зі списку суміжності) ---
Знайдене максимальне парування (M): {(68, 91), (18, 72), (24, 36), (21, 92), (16, 47), (27, 71), (22, 26), (57, 60), (40, 53), (5, 37), (11, 81), (83, 97), (4, 48), (10, 88), (45, 61), (6, 84), (7, 86), (8, 63), (0, 59), (35, 56), (80, 85), (29, 52), (58, 94), (19, 20), (65, 78), (50, 93), (76, 87), (13, 25), (64, 67), (34, 75), (90, 95), (1, 38), (44, 46), (54, 99), (14, 32), (17, 77), (30, 74), (31, 42), (66, 73), (23, 96), (12, 41), (70, 98), (2, 15), (43, 89), (79, 82), (28, 49)}
Згенероване вершинне покриття (C): [0, 1, 2, 4, 5, 6, 7, 8, 10, 11, 12, 13, 14, 15, 16, 17, 18, 19, 20, 21, 22, 23, 24, 25, 26, 27, 28, 29, 30, 31, 32, 34, 35, 36, 37, 38, 40, 41, 42, 43, 44, 45, 46, 47, 48, 49, 50, 52, 53, 54, 56, 57, 58, 59, 60, 61, 63, 64, 65, 66, 67, 68, 70, 71, 72, 73, 74, 75, 76, 77, 78, 79, 80, 81, 82, 83, 84, 85, 86, 87, 88, 89, 90, 91, 92, 93, 94, 95, 96, 97, 98, 99]

--- Генерація вершинного покриття (зі списку суміжності) ---
Знайдене максимальне парування (M): {(27, 53), (21, 71), (23, 68), (30, 61), (5, 77), (84, 93), (6, 51), (67, 95), (11, 72), (85, 91), (32, 79), (1, 76), (55, 59), (40, 74), (34, 58), (7, 80), (26, 87), (0, 41), (81, 96), (62, 86), (15, 99), (64, 89), (10, 63), (38, 52), (3, 88), (31, 43), (24, 65), (14, 45), (19, 35), (75, 92), (13, 83), (9, 37), (18, 82), (28, 56), (12, 66), (8, 50), (25, 42), (57, 98), (29, 94), (47, 69), (4, 16), (20, 33), (48, 49), (39, 46), (44, 70), (78, 90), (22, 97), (2, 73)}
Згенероване вершинне покриття (C): [0, 1, 2, 3, 4, 5, 6, 7, 8, 9, 10, 11, 12, 13, 14, 15, 16, 18, 19, 20, 21, 22, 23, 24, 25, 26, 27, 28, 29, 30, 31, 32, 33, 34, 35, 37, 38, 39, 40, 41, 42, 43, 44, 45, 46, 47, 48, 49, 50, 51, 52, 53, 55, 56, 57, 58, 59, 61, 62, 63, 64, 65, 66, 67, 68, 69, 70, 71, 72, 73, 74, 75, 76, 77, 78, 79, 80, 81, 82, 83, 84, 85, 86, 87, 88, 89, 90, 91, 92, 93, 94, 95, 96, 97, 98, 99]

--- Генерація вершинного покриття (зі списку суміжності) ---
Знайдене максимальне парування (M): {(6, 76), (46, 94), (32, 98), (45, 65), (26, 33), (54, 77), (38, 99), (34, 74), (7, 29), (43, 52), (31, 96), (11, 63), (9, 78), (66, 84), (10, 30), (37, 48), (51, 95), (1, 88), (25, 89), (22, 68), (21, 24), (13, 47), (41, 60), (35, 56), (2, 59), (61, 72), (8, 14), (5, 79), (75, 80), (19, 23), (12, 39), (57, 71), (42, 86), (83, 93), (40, 64), (18, 73), (4, 53), (49, 85), (82, 91), (20, 97), (36, 87), (44, 67), (27, 81), (17, 28), (15, 55), (3, 90), (70, 92), (62, 69)}
Згенероване вершинне покриття (C): [1, 2, 3, 4, 5, 6, 7, 8, 9, 10, 11, 12, 13, 14, 15, 17, 18, 19, 20, 21, 22, 23, 24, 25, 26, 27, 28, 29, 30, 31, 32, 33, 34, 35, 36, 37, 38, 39, 40, 41, 42, 43, 44, 45, 46, 47, 48, 49, 51, 52, 53, 54, 55, 56, 57, 59, 60, 61, 62, 63, 64, 65, 66, 67, 68, 69, 70, 71, 72, 73, 74, 75, 76, 77, 78, 79, 80, 81, 82, 83, 84, 85, 86, 87, 88, 89, 90, 91, 92, 93, 94, 95, 96, 97, 98, 99]

--- Генерація вершинного покриття (зі списку суміжності) ---
Знайдене максимальне парування (M): {(30, 49), (21, 28), (53, 87), (11, 51), (50, 98), (5, 10), (15, 45), (55, 93), (1, 61), (25, 65), (17, 94), (43, 76), (6, 57), (66, 96), (40, 77), (20, 71), (18, 83), (9, 88), (36, 67), (2, 44), (8, 60), (34, 79), (46, 56), (0, 4), (52, 78), (19, 26), (62, 64), (54, 63), (29, 70), (14, 48), (68, 89), (35, 92), (39, 74), (12, 72), (41, 59), (23, 81), (22, 27), (7, 69), (31, 91), (47, 90), (85, 86), (3, 38), (32, 80), (58, 99), (13, 73), (16, 75), (24, 82), (42, 97)}
Згенероване вершинне покриття (C): [0, 1, 2, 3, 4, 5, 6, 7, 8, 9, 10, 11, 12, 13, 14, 15, 16, 17, 18, 19, 20, 21, 22, 23, 24, 25, 26, 27, 28, 29, 30, 31, 32, 34, 35, 36, 38, 39, 40, 41, 42, 43, 44, 45, 46, 47, 48, 49, 50, 51, 52, 53, 54, 55, 56, 57, 58, 59, 60, 61, 62, 63, 64, 65, 66, 67, 68, 69, 70, 71, 72, 73, 74, 75, 76, 77, 78, 79, 80, 81, 82, 83, 85, 86, 87, 88, 89, 90, 91, 92, 93, 94, 96, 97, 98, 99]

--- Генерація вершинного покриття (зі списку суміжності) ---
Знайдене максимальне парування (M): {(0, 36), (52, 98), (9, 42), (35, 39), (5, 62), (24, 51), (4, 76), (3, 80), (67, 86), (30, 73), (44, 69), (41, 79), (50, 94), (29, 53), (2, 14), (27, 95), (13, 78), (75, 90), (1, 21), (25, 28), (45, 64), (23, 82), (32, 48), (87, 91), (12, 85), (20, 31), (70, 81), (34, 88), (7, 46), (57, 68), (58, 97), (19, 93), (22, 55), (6, 77), (65, 96), (66, 92), (10, 38), (47, 60), (26, 37), (59, 71), (33, 61), (89, 99), (18, 63), (54, 56), (43, 83), (49, 72), (16, 17), (8, 40)}
Згенероване вершинне покриття (C): [0, 1, 2, 3, 4, 5, 6, 7, 8, 9, 10, 12, 13, 14, 16, 17, 18, 19, 20, 21, 22, 23, 24, 25, 26, 27, 28, 29, 30, 31, 32, 33, 34, 35, 36, 37, 38, 39, 40, 41, 42, 43, 44, 45, 46, 47, 48, 49, 50, 51, 52, 53, 54, 55, 56, 57, 58, 59, 60, 61, 62, 63, 64, 65, 66, 67, 68, 69, 70, 71, 72, 73, 75, 76, 77, 78, 79, 80, 81, 82, 83, 85, 86, 87, 88, 89, 90, 91, 92, 93, 94, 95, 96, 97, 98, 99]

--- Генерація вершинного покриття (зі списку суміжності) ---
Знайдене максимальне парування (M): {(45, 62), (18, 81), (11, 39), (4, 67), (43, 52), (7, 93), (5, 13), (80, 89), (26, 60), (92, 97), (16, 69), (41, 85), (24, 78), (21, 61), (34, 55), (1, 30), (6, 72), (33, 38), (28, 66), (56, 82), (27, 70), (25, 46), (53, 86), (12, 88), (57, 68), (2, 71), (75, 83), (0, 19), (31, 58), (36, 42), (65, 84), (40, 64), (17, 32), (14, 63), (10, 47), (9, 49), (15, 95), (29, 94), (54, 90), (37, 77), (8, 74), (23, 99), (91, 96), (35, 73), (51, 87), (44, 79), (22, 48), (50, 98)}
Згенероване вершинне покриття (C): [0, 1, 2, 4, 5, 6, 7, 8, 9, 10, 11, 12, 13, 14, 15, 16, 17, 18, 19, 21, 22, 23, 24, 25, 26, 27, 28, 29, 30, 31, 32, 33, 34, 35, 36, 37, 38, 39, 40, 41, 42, 43, 44, 45, 46, 47, 48, 49, 50, 51, 52, 53, 54, 55, 56, 57, 58, 60, 61, 62, 63, 64, 65, 66, 67, 68, 69, 70, 71, 72, 73, 74, 75, 77, 78, 79, 80, 81, 82, 83, 84, 85, 86, 87, 88, 89, 90, 91, 92, 93, 94, 95, 96, 97, 98, 99]

--- Генерація вершинного покриття (зі списку суміжності) ---
Знайдене максимальне парування (M): {(7, 23), (29, 81), (19, 52), (58, 71), (67, 83), (5, 80), (31, 44), (65, 70), (12, 34), (39, 51), (61, 79), (10, 18), (13, 66), (0, 78), (3, 43), (17, 45), (25, 86), (59, 63), (15, 90), (16, 95), (2, 41), (53, 89), (54, 88), (21, 94), (42, 68), (11, 62), (4, 84), (32, 69), (6, 50), (9, 77), (8, 26), (57, 74), (85, 96), (30, 40), (56, 60), (46, 92), (73, 82), (24, 37), (47, 72), (27, 75), (20, 91), (1, 22), (36, 87), (55, 97), (14, 38), (93, 99), (48, 76)}
Згенероване вершинне покриття (C): [0, 1, 2, 3, 4, 5, 6, 7, 8, 9, 10, 11, 12, 13, 14, 15, 16, 17, 18, 19, 20, 21, 22, 23, 24, 25, 26, 27, 29, 30, 31, 32, 34, 36, 37, 38, 39, 40, 41, 42, 43, 44, 45, 46, 47, 48, 50, 51, 52, 53, 54, 55, 56, 57, 58, 59, 60, 61, 62, 63, 65, 66, 67, 68, 69, 70, 71, 72, 73, 74, 75, 76, 77, 78, 79, 80, 81, 82, 83, 84, 85, 86, 87, 88, 89, 90, 91, 92, 93, 94, 95, 96, 97, 99]

--- Генерація вершинного покриття (зі списку суміжності) ---
Знайдене максимальне парування (M): {(18, 72), (33, 97), (14, 62), (26, 27), (22, 75), (29, 84), (23, 74), (20, 99), (83, 91), (1, 73), (5, 95), (7, 10), (63, 79), (37, 69), (36, 67), (8, 51), (9, 56), (16, 34), (3, 82), (87, 94), (30, 66), (6, 47), (40, 49), (60, 76), (50, 90), (17, 35), (31, 52), (53, 58), (39, 64), (57, 80), (88, 89), (11, 28), (85, 93), (43, 96), (15, 25), (55, 70), (48, 86), (32, 41), (81, 92), (61, 68), (24, 46), (19, 71), (2, 12), (13, 21), (38, 78), (45, 59)}
Згенероване вершинне покриття (C): [1, 2, 3, 5, 6, 7, 8, 9, 10, 11, 12, 13, 14, 15, 16, 17, 18, 19, 20, 21, 22, 23, 24, 25, 26, 27, 28, 29, 30, 31, 32, 33, 34, 35, 36, 37, 38, 39, 40, 41, 43, 45, 46, 47, 48, 49, 50, 51, 52, 53, 55, 56, 57, 58, 59, 60, 61, 62, 63, 64, 66, 67, 68, 69, 70, 71, 72, 73, 74, 75, 76, 78, 79, 80, 81, 82, 83, 84, 85, 86, 87, 88, 89, 90, 91, 92, 93, 94, 95, 96, 97, 99]

Середній час виконання: 0.0001803732 секунд
