
--- Генерація вершинного покриття (зі списку суміжності) ---
Знайдене максимальне парування (M): {(24, 30), (2, 14), (12, 46), (1, 25), (6, 9), (18, 26), (42, 48), (34, 39), (5, 13), (3, 45), (16, 21), (8, 44), (4, 43), (35, 37), (15, 41), (29, 40), (28, 49)}
Згенероване вершинне покриття (C): [1, 2, 3, 4, 5, 6, 8, 9, 12, 13, 14, 15, 16, 18, 21, 24, 25, 26, 28, 29, 30, 34, 35, 37, 39, 40, 41, 42, 43, 44, 45, 46, 48, 49]

--- Генерація вершинного покриття (зі списку суміжності) ---
Знайдене максимальне парування (M): {(7, 43), (21, 36), (37, 42), (1, 28), (26, 40), (2, 33), (16, 35), (44, 45), (5, 49), (0, 48), (10, 17), (6, 8), (4, 25), (9, 31), (14, 29), (18, 38), (3, 32), (12, 15)}
Згенероване вершинне покриття (C): [0, 1, 2, 3, 4, 5, 6, 7, 8, 9, 10, 12, 14, 15, 16, 17, 18, 21, 25, 26, 28, 29, 31, 32, 33, 35, 36, 37, 38, 40, 42, 43, 44, 45, 48, 49]

--- Генерація вершинного покриття (зі списку суміжності) ---
Знайдене максимальне парування (M): {(14, 30), (22, 34), (33, 39), (1, 46), (23, 29), (21, 32), (13, 16), (11, 48), (17, 38), (15, 26), (28, 41), (4, 18), (0, 44), (20, 47), (5, 12), (2, 24)}
Згенероване вершинне покриття (C): [0, 1, 2, 4, 5, 11, 12, 13, 14, 15, 16, 17, 18, 20, 21, 22, 23, 24, 26, 28, 29, 30, 32, 33, 34, 38, 39, 41, 44, 46, 47, 48]

--- Генерація вершинного покриття (зі списку суміжності) ---
Знайдене максимальне парування (M): {(9, 45), (16, 35), (26, 33), (1, 43), (20, 29), (23, 28), (17, 24), (14, 37), (34, 40), (22, 41), (10, 27), (8, 42), (6, 32), (2, 47), (4, 11), (21, 36), (7, 49), (30, 38), (15, 46), (19, 31)}
Згенероване вершинне покриття (C): [1, 2, 4, 6, 7, 8, 9, 10, 11, 14, 15, 16, 17, 19, 20, 21, 22, 23, 24, 26, 27, 28, 29, 30, 31, 32, 33, 34, 35, 36, 37, 38, 40, 41, 42, 43, 45, 46, 47, 49]

--- Генерація вершинного покриття (зі списку суміжності) ---
Знайдене максимальне парування (M): {(0, 23), (7, 27), (1, 19), (9, 42), (16, 45), (30, 46), (24, 36), (15, 17), (32, 39), (4, 44), (2, 22), (18, 25), (43, 48), (29, 37), (8, 31), (20, 41), (21, 33)}
Згенероване вершинне покриття (C): [0, 1, 2, 4, 7, 8, 9, 15, 16, 17, 18, 19, 20, 21, 22, 23, 24, 25, 27, 29, 30, 31, 32, 33, 36, 37, 39, 41, 42, 43, 44, 45, 46, 48]

--- Генерація вершинного покриття (зі списку суміжності) ---
Знайдене максимальне парування (M): {(1, 41), (12, 17), (46, 49), (21, 39), (4, 38), (7, 10), (5, 27), (16, 22), (8, 45), (2, 3), (24, 25), (9, 34), (19, 32), (15, 29), (11, 31), (18, 37), (28, 40)}
Згенероване вершинне покриття (C): [1, 2, 3, 4, 5, 7, 8, 9, 10, 11, 12, 15, 16, 17, 18, 19, 21, 22, 24, 25, 27, 28, 29, 31, 32, 34, 37, 38, 39, 40, 41, 45, 46, 49]

--- Генерація вершинного покриття (зі списку суміжності) ---
Знайдене максимальне парування (M): {(1, 18), (17, 46), (14, 27), (8, 20), (26, 39), (7, 48), (23, 38), (0, 25), (3, 32), (11, 34), (6, 35), (24, 37), (2, 40), (5, 41), (10, 31)}
Згенероване вершинне покриття (C): [0, 1, 2, 3, 5, 6, 7, 8, 10, 11, 14, 17, 18, 20, 23, 24, 25, 26, 27, 31, 32, 34, 35, 37, 38, 39, 40, 41, 46, 48]

--- Генерація вершинного покриття (зі списку суміжності) ---
Знайдене максимальне парування (M): {(12, 27), (31, 34), (4, 19), (0, 45), (2, 42), (35, 36), (20, 23), (21, 38), (6, 49), (22, 39), (14, 16), (24, 48), (40, 44), (11, 15), (13, 28), (7, 25), (3, 9), (46, 47)}
Згенероване вершинне покриття (C): [0, 2, 3, 4, 6, 7, 9, 11, 12, 13, 14, 15, 16, 19, 20, 21, 22, 23, 24, 25, 27, 28, 31, 34, 35, 36, 38, 39, 40, 42, 44, 45, 46, 47, 48, 49]

--- Генерація вершинного покриття (зі списку суміжності) ---
Знайдене максимальне парування (M): {(4, 9), (16, 38), (1, 43), (17, 42), (6, 11), (10, 27), (24, 35), (3, 12), (7, 34), (20, 40), (21, 39), (0, 19), (5, 36), (28, 44), (32, 47), (46, 49), (22, 33), (8, 13), (31, 45), (2, 15)}
Згенероване вершинне покриття (C): [0, 1, 2, 3, 4, 5, 6, 7, 8, 9, 10, 11, 12, 13, 15, 16, 17, 19, 20, 21, 22, 24, 27, 28, 31, 32, 33, 34, 35, 36, 38, 39, 40, 42, 43, 44, 45, 46, 47, 49]

--- Генерація вершинного покриття (зі списку суміжності) ---
Знайдене максимальне парування (M): {(0, 23), (20, 27), (31, 33), (6, 46), (32, 49), (34, 45), (42, 43), (28, 38), (13, 35), (9, 21), (7, 22), (1, 39), (17, 47), (4, 24), (2, 48), (16, 41), (8, 18), (15, 37)}
Згенероване вершинне покриття (C): [0, 1, 2, 4, 6, 7, 8, 9, 13, 15, 16, 17, 18, 20, 21, 22, 23, 24, 27, 28, 31, 32, 33, 34, 35, 37, 38, 39, 41, 42, 43, 45, 46, 47, 48, 49]

--- Генерація вершинного покриття (зі списку суміжності) ---
Знайдене максимальне парування (M): {(7, 27), (23, 24), (8, 14), (36, 41), (9, 12), (17, 35), (39, 43), (29, 34), (25, 49), (46, 48), (31, 38), (13, 37), (5, 28), (16, 33), (10, 47), (1, 22)}
Згенероване вершинне покриття (C): [1, 5, 7, 8, 9, 10, 12, 13, 14, 16, 17, 22, 23, 24, 25, 27, 28, 29, 31, 33, 34, 35, 36, 37, 38, 39, 41, 43, 46, 47, 48, 49]

--- Генерація вершинного покриття (зі списку суміжності) ---
Знайдене максимальне парування (M): {(24, 30), (6, 41), (3, 8), (13, 27), (2, 14), (1, 15), (7, 36), (18, 42), (11, 45), (21, 39), (12, 29), (22, 49), (16, 32), (5, 23), (9, 44), (4, 34), (43, 48), (10, 28)}
Згенероване вершинне покриття (C): [1, 2, 3, 4, 5, 6, 7, 8, 9, 10, 11, 12, 13, 14, 15, 16, 18, 21, 22, 23, 24, 27, 28, 29, 30, 32, 34, 36, 39, 41, 42, 43, 44, 45, 48, 49]

--- Генерація вершинного покриття (зі списку суміжності) ---
Знайдене максимальне парування (M): {(3, 40), (2, 27), (1, 18), (24, 46), (38, 45), (35, 36), (10, 14), (11, 13), (16, 32), (6, 49), (20, 39), (12, 21), (0, 5), (9, 37), (30, 41), (28, 34), (8, 31)}
Згенероване вершинне покриття (C): [0, 1, 2, 3, 5, 6, 8, 9, 10, 11, 12, 13, 14, 16, 18, 20, 21, 24, 27, 28, 30, 31, 32, 34, 35, 36, 37, 38, 39, 40, 41, 45, 46, 49]

--- Генерація вершинного покриття (зі списку суміжності) ---
Знайдене максимальне парування (M): {(29, 43), (8, 33), (22, 46), (13, 20), (34, 40), (4, 6), (2, 45), (19, 26), (0, 28), (10, 42), (1, 23), (24, 32), (18, 44), (7, 37), (25, 30), (3, 15), (14, 21), (17, 49)}
Згенероване вершинне покриття (C): [0, 1, 2, 3, 4, 6, 7, 8, 10, 13, 14, 15, 17, 18, 19, 20, 21, 22, 23, 24, 25, 26, 28, 29, 30, 32, 33, 34, 37, 40, 42, 43, 44, 45, 46, 49]

--- Генерація вершинного покриття (зі списку суміжності) ---
Знайдене максимальне парування (M): {(3, 7), (13, 45), (29, 44), (2, 5), (9, 26), (1, 15), (10, 33), (24, 47), (23, 27), (17, 35), (22, 49), (4, 41), (12, 48), (28, 38), (0, 46), (18, 42), (6, 40), (8, 31), (19, 37)}
Згенероване вершинне покриття (C): [0, 1, 2, 3, 4, 5, 6, 7, 8, 9, 10, 12, 13, 15, 17, 18, 19, 22, 23, 24, 26, 27, 28, 29, 31, 33, 35, 37, 38, 40, 41, 42, 44, 45, 46, 47, 48, 49]

--- Генерація вершинного покриття (зі списку суміжності) ---
Знайдене максимальне парування (M): {(20, 40), (19, 27), (6, 21), (47, 49), (16, 29), (34, 42), (2, 46), (33, 45), (8, 23), (7, 9), (5, 32), (15, 35), (12, 25), (17, 18), (11, 14), (0, 43), (10, 41), (26, 37)}
Згенероване вершинне покриття (C): [0, 2, 5, 6, 7, 8, 9, 10, 11, 12, 14, 15, 16, 17, 18, 19, 20, 21, 23, 25, 26, 27, 29, 32, 33, 34, 35, 37, 40, 41, 42, 43, 45, 46, 47, 49]

--- Генерація вершинного покриття (зі списку суміжності) ---
Знайдене максимальне парування (M): {(25, 45), (18, 49), (1, 31), (26, 30), (40, 46), (19, 36), (11, 34), (5, 39), (9, 21), (10, 48), (7, 22), (17, 41), (12, 15), (24, 47), (4, 27), (0, 37), (38, 43), (6, 29)}
Згенероване вершинне покриття (C): [0, 1, 4, 5, 6, 7, 9, 10, 11, 12, 15, 17, 18, 19, 21, 22, 24, 25, 26, 27, 29, 30, 31, 34, 36, 37, 38, 39, 40, 41, 43, 45, 46, 47, 48, 49]

--- Генерація вершинного покриття (зі списку суміжності) ---
Знайдене максимальне парування (M): {(16, 32), (4, 6), (11, 48), (24, 39), (17, 42), (7, 10), (13, 29), (0, 41), (1, 36), (38, 40), (3, 21), (5, 18), (34, 45), (30, 44), (2, 31), (33, 49), (14, 20), (8, 22), (23, 47), (28, 37)}
Згенероване вершинне покриття (C): [0, 1, 2, 3, 4, 5, 6, 7, 8, 10, 11, 13, 14, 16, 17, 18, 20, 21, 22, 23, 24, 28, 29, 30, 31, 32, 33, 34, 36, 37, 38, 39, 40, 41, 42, 44, 45, 47, 48, 49]

--- Генерація вершинного покриття (зі списку суміжності) ---
Знайдене максимальне парування (M): {(12, 19), (0, 2), (40, 44), (22, 32), (9, 14), (34, 49), (5, 37), (11, 26), (6, 23), (33, 47), (21, 30), (8, 35), (17, 41), (13, 25), (1, 38), (31, 42), (29, 48), (20, 39), (4, 46)}
Згенероване вершинне покриття (C): [0, 1, 2, 4, 5, 6, 8, 9, 11, 12, 13, 14, 17, 19, 20, 21, 22, 23, 25, 26, 29, 30, 31, 32, 33, 34, 35, 37, 38, 39, 40, 41, 42, 44, 46, 47, 48, 49]

--- Генерація вершинного покриття (зі списку суміжності) ---
Знайдене максимальне парування (M): {(5, 31), (11, 23), (25, 29), (4, 26), (2, 24), (0, 35), (32, 33), (6, 43), (21, 22), (30, 38), (15, 19), (3, 18), (17, 40), (39, 48), (36, 37), (12, 14), (9, 49)}
Згенероване вершинне покриття (C): [0, 2, 3, 4, 5, 6, 9, 11, 12, 14, 15, 17, 18, 19, 21, 22, 23, 24, 25, 26, 29, 30, 31, 32, 33, 35, 36, 37, 38, 39, 40, 43, 48, 49]

--- Генерація вершинного покриття (зі списку суміжності) ---
Знайдене максимальне парування (M): {(8, 30), (2, 4), (0, 36), (32, 34), (14, 43), (7, 45), (13, 16), (18, 35), (3, 42), (22, 23), (6, 17), (15, 26), (9, 40), (33, 37), (19, 44), (46, 47), (10, 41), (1, 38)}
Згенероване вершинне покриття (C): [0, 1, 2, 3, 4, 6, 7, 8, 9, 10, 13, 14, 15, 16, 17, 18, 19, 22, 23, 26, 30, 32, 33, 34, 35, 36, 37, 38, 40, 41, 42, 43, 44, 45, 46, 47]

--- Генерація вершинного покриття (зі списку суміжності) ---
Знайдене максимальне парування (M): {(9, 16), (20, 49), (26, 33), (18, 40), (4, 28), (35, 39), (42, 47), (7, 24), (3, 29), (10, 48), (0, 15), (2, 6), (25, 37), (14, 21), (1, 45), (32, 38), (27, 44), (5, 12)}
Згенероване вершинне покриття (C): [0, 1, 2, 3, 4, 5, 6, 7, 9, 10, 12, 14, 15, 16, 18, 20, 21, 24, 25, 26, 27, 28, 29, 32, 33, 35, 37, 38, 39, 40, 42, 44, 45, 47, 48, 49]

--- Генерація вершинного покриття (зі списку суміжності) ---
Знайдене максимальне парування (M): {(22, 31), (14, 30), (9, 13), (35, 43), (5, 11), (17, 45), (12, 39), (27, 41), (0, 32), (15, 20), (7, 48), (4, 25), (38, 49), (26, 37)}
Згенероване вершинне покриття (C): [0, 4, 5, 7, 9, 11, 12, 13, 14, 15, 17, 20, 22, 25, 26, 27, 30, 31, 32, 35, 37, 38, 39, 41, 43, 45, 48, 49]

--- Генерація вершинного покриття (зі списку суміжності) ---
Знайдене максимальне парування (M): {(9, 10), (31, 34), (3, 24), (45, 46), (2, 36), (14, 23), (4, 22), (7, 29), (18, 19), (5, 26), (35, 44), (20, 48), (25, 43), (11, 40), (30, 47), (16, 33), (21, 37), (27, 41)}
Згенероване вершинне покриття (C): [2, 3, 4, 5, 7, 9, 10, 11, 14, 16, 18, 19, 20, 21, 22, 23, 24, 25, 26, 27, 29, 30, 31, 33, 34, 35, 36, 37, 40, 41, 43, 44, 45, 46, 47, 48]

--- Генерація вершинного покриття (зі списку суміжності) ---
Знайдене максимальне парування (M): {(25, 39), (12, 33), (2, 4), (10, 44), (9, 11), (5, 17), (45, 48), (1, 23), (15, 29), (42, 49), (21, 34), (18, 31), (20, 28), (32, 38), (35, 41), (19, 40)}
Згенероване вершинне покриття (C): [1, 2, 4, 5, 9, 10, 11, 12, 15, 17, 18, 19, 20, 21, 23, 25, 28, 29, 31, 32, 33, 34, 35, 38, 39, 40, 41, 42, 44, 45, 48, 49]

--- Генерація вершинного покриття (зі списку суміжності) ---
Знайдене максимальне парування (M): {(18, 33), (13, 27), (19, 49), (36, 41), (5, 43), (20, 23), (3, 42), (1, 4), (15, 38), (40, 44), (9, 24), (12, 47), (16, 34), (21, 46), (2, 31), (11, 30), (22, 28)}
Згенероване вершинне покриття (C): [1, 2, 3, 4, 5, 9, 11, 12, 13, 15, 16, 18, 19, 20, 21, 22, 23, 24, 27, 28, 30, 31, 33, 34, 36, 38, 40, 41, 42, 43, 44, 46, 47, 49]

--- Генерація вершинного покриття (зі списку суміжності) ---
Знайдене максимальне парування (M): {(25, 45), (21, 23), (29, 30), (15, 43), (2, 31), (7, 26), (24, 35), (13, 44), (4, 40), (19, 41), (12, 34), (5, 22), (38, 49), (0, 33), (6, 28)}
Згенероване вершинне покриття (C): [0, 2, 4, 5, 6, 7, 12, 13, 15, 19, 21, 22, 23, 24, 25, 26, 28, 29, 30, 31, 33, 34, 35, 38, 40, 41, 43, 44, 45, 49]

--- Генерація вершинного покриття (зі списку суміжності) ---
Знайдене максимальне парування (M): {(27, 31), (6, 21), (10, 30), (14, 23), (22, 43), (13, 39), (1, 49), (5, 7), (26, 42), (15, 32), (20, 29), (19, 38), (34, 47), (4, 37), (3, 12), (16, 33), (24, 40), (2, 8)}
Згенероване вершинне покриття (C): [1, 2, 3, 4, 5, 6, 7, 8, 10, 12, 13, 14, 15, 16, 19, 20, 21, 22, 23, 24, 26, 27, 29, 30, 31, 32, 33, 34, 37, 38, 39, 40, 42, 43, 47, 49]

--- Генерація вершинного покриття (зі списку суміжності) ---
Знайдене максимальне парування (M): {(5, 14), (19, 36), (6, 40), (21, 32), (18, 29), (43, 49), (3, 42), (26, 39), (8, 41), (11, 25), (31, 35), (2, 38), (15, 45), (9, 27), (23, 34), (10, 28), (7, 24)}
Згенероване вершинне покриття (C): [2, 3, 5, 6, 7, 8, 9, 10, 11, 14, 15, 18, 19, 21, 23, 24, 25, 26, 27, 28, 29, 31, 32, 34, 35, 36, 38, 39, 40, 41, 42, 43, 45, 49]

--- Генерація вершинного покриття (зі списку суміжності) ---
Знайдене максимальне парування (M): {(2, 33), (19, 27), (35, 40), (1, 15), (6, 46), (12, 39), (22, 43), (10, 17), (4, 41), (20, 32), (3, 45), (0, 25), (34, 44), (47, 48), (7, 8), (36, 37), (21, 23), (9, 49)}
Згенероване вершинне покриття (C): [0, 1, 2, 3, 4, 6, 7, 8, 9, 10, 12, 15, 17, 19, 20, 21, 22, 23, 25, 27, 32, 33, 34, 35, 36, 37, 39, 40, 41, 43, 44, 45, 46, 47, 48, 49]

--- Генерація вершинного покриття (зі списку суміжності) ---
Знайдене максимальне парування (M): {(31, 35), (45, 46), (19, 33), (47, 49), (30, 36), (13, 26), (18, 34), (7, 40), (9, 22), (24, 37), (6, 25), (12, 14), (3, 17), (23, 32), (5, 20), (29, 48), (8, 28), (1, 16), (27, 38)}
Згенероване вершинне покриття (C): [1, 3, 5, 6, 7, 8, 9, 12, 13, 14, 16, 17, 18, 19, 20, 22, 23, 24, 25, 26, 27, 28, 29, 30, 31, 32, 33, 34, 35, 36, 37, 38, 40, 45, 46, 47, 48, 49]

--- Генерація вершинного покриття (зі списку суміжності) ---
Знайдене максимальне парування (M): {(1, 28), (0, 46), (4, 17), (20, 38), (32, 34), (7, 23), (14, 36), (41, 42), (3, 26), (2, 29), (30, 45), (5, 10), (24, 44), (15, 35), (13, 18), (19, 37)}
Згенероване вершинне покриття (C): [0, 1, 2, 3, 4, 5, 7, 10, 13, 14, 15, 17, 18, 19, 20, 23, 24, 26, 28, 29, 30, 32, 34, 35, 36, 37, 38, 41, 42, 44, 45, 46]

--- Генерація вершинного покриття (зі списку суміжності) ---
Знайдене максимальне парування (M): {(18, 49), (22, 31), (4, 29), (8, 33), (15, 24), (30, 46), (37, 48), (40, 42), (7, 26), (5, 23), (10, 20), (1, 39), (2, 9), (6, 36), (25, 34), (28, 41), (14, 38), (19, 21)}
Згенероване вершинне покриття (C): [1, 2, 4, 5, 6, 7, 8, 9, 10, 14, 15, 18, 19, 20, 21, 22, 23, 24, 25, 26, 28, 29, 30, 31, 33, 34, 36, 37, 38, 39, 40, 41, 42, 46, 48, 49]

--- Генерація вершинного покриття (зі списку суміжності) ---
Знайдене максимальне парування (M): {(12, 33), (3, 43), (19, 46), (14, 23), (0, 35), (4, 22), (18, 29), (15, 20), (2, 21), (30, 31), (6, 36), (17, 47), (11, 44), (1, 10), (39, 45), (32, 38), (5, 28)}
Згенероване вершинне покриття (C): [0, 1, 2, 3, 4, 5, 6, 10, 11, 12, 14, 15, 17, 18, 19, 20, 21, 22, 23, 28, 29, 30, 31, 32, 33, 35, 36, 38, 39, 43, 44, 45, 46, 47]

--- Генерація вершинного покриття (зі списку суміжності) ---
Знайдене максимальне парування (M): {(13, 27), (35, 39), (3, 16), (23, 34), (5, 22), (9, 26), (47, 49), (1, 21), (28, 48), (2, 32), (15, 41), (14, 24), (0, 31), (17, 44), (7, 30), (4, 10), (38, 45), (20, 33), (18, 42)}
Згенероване вершинне покриття (C): [0, 1, 2, 3, 4, 5, 7, 9, 10, 13, 14, 15, 16, 17, 18, 20, 21, 22, 23, 24, 26, 27, 28, 30, 31, 32, 33, 34, 35, 38, 39, 41, 42, 44, 45, 47, 48, 49]

--- Генерація вершинного покриття (зі списку суміжності) ---
Знайдене максимальне парування (M): {(16, 36), (5, 21), (26, 40), (3, 43), (1, 15), (18, 23), (38, 45), (14, 20), (25, 47), (7, 13), (30, 35), (11, 12), (8, 32), (39, 42), (0, 34), (29, 37), (4, 33)}
Згенероване вершинне покриття (C): [0, 1, 3, 4, 5, 7, 8, 11, 12, 13, 14, 15, 16, 18, 20, 21, 23, 25, 26, 29, 30, 32, 33, 34, 35, 36, 37, 38, 39, 40, 42, 43, 45, 47]

--- Генерація вершинного покриття (зі списку суміжності) ---
Знайдене максимальне парування (M): {(2, 14), (18, 34), (21, 26), (10, 11), (13, 27), (41, 49), (7, 42), (22, 24), (33, 39), (17, 29), (3, 20), (5, 46), (23, 28), (4, 40), (6, 25), (1, 45), (16, 30), (0, 37)}
Згенероване вершинне покриття (C): [0, 1, 2, 3, 4, 5, 6, 7, 10, 11, 13, 14, 16, 17, 18, 20, 21, 22, 23, 24, 25, 26, 27, 28, 29, 30, 33, 34, 37, 39, 40, 41, 42, 45, 46, 49]

--- Генерація вершинного покриття (зі списку суміжності) ---
Знайдене максимальне парування (M): {(19, 30), (18, 33), (20, 34), (10, 40), (9, 42), (4, 48), (11, 13), (1, 24), (12, 43), (16, 28), (6, 7), (14, 35), (8, 38), (15, 44), (5, 22), (3, 37), (39, 41), (0, 17)}
Згенероване вершинне покриття (C): [0, 1, 3, 4, 5, 6, 7, 8, 9, 10, 11, 12, 13, 14, 15, 16, 17, 18, 19, 20, 22, 24, 28, 30, 33, 34, 35, 37, 38, 39, 40, 41, 42, 43, 44, 48]

--- Генерація вершинного покриття (зі списку суміжності) ---
Знайдене максимальне парування (M): {(5, 15), (3, 30), (23, 46), (9, 20), (32, 34), (6, 29), (7, 27), (24, 26), (18, 38), (12, 22), (8, 40), (35, 44), (1, 45), (13, 37), (31, 47), (33, 49), (0, 17)}
Згенероване вершинне покриття (C): [0, 1, 3, 5, 6, 7, 8, 9, 12, 13, 15, 17, 18, 20, 22, 23, 24, 26, 27, 29, 30, 31, 32, 33, 34, 35, 37, 38, 40, 44, 45, 46, 47, 49]

--- Генерація вершинного покриття (зі списку суміжності) ---
Знайдене максимальне парування (M): {(22, 47), (29, 49), (20, 34), (24, 27), (0, 7), (17, 30), (6, 8), (38, 48), (1, 39), (31, 45), (10, 16), (40, 44), (3, 32), (9, 37), (5, 19), (4, 46), (2, 11)}
Згенероване вершинне покриття (C): [0, 1, 2, 3, 4, 5, 6, 7, 8, 9, 10, 11, 16, 17, 19, 20, 22, 24, 27, 29, 30, 31, 32, 34, 37, 38, 39, 40, 44, 45, 46, 47, 48, 49]

--- Генерація вершинного покриття (зі списку суміжності) ---
Знайдене максимальне парування (M): {(45, 49), (0, 36), (8, 27), (24, 46), (22, 40), (2, 10), (37, 38), (5, 13), (29, 48), (15, 16), (32, 42), (31, 44), (6, 35), (17, 18), (25, 30), (19, 21), (1, 9), (4, 20)}
Згенероване вершинне покриття (C): [0, 1, 2, 4, 5, 6, 8, 9, 10, 13, 15, 16, 17, 18, 19, 20, 21, 22, 24, 25, 27, 29, 30, 31, 32, 35, 36, 37, 38, 40, 42, 44, 45, 46, 48, 49]

--- Генерація вершинного покриття (зі списку суміжності) ---
Знайдене максимальне парування (M): {(32, 46), (20, 44), (9, 29), (36, 43), (14, 49), (41, 45), (1, 39), (5, 15), (6, 47), (23, 42), (27, 33), (28, 38), (8, 35), (16, 18), (26, 31), (11, 12), (4, 37), (17, 34), (2, 24)}
Згенероване вершинне покриття (C): [1, 2, 4, 5, 6, 8, 9, 11, 12, 14, 15, 16, 17, 18, 20, 23, 24, 26, 27, 28, 29, 31, 32, 33, 34, 35, 36, 37, 38, 39, 41, 42, 43, 44, 45, 46, 47, 49]

--- Генерація вершинного покриття (зі списку суміжності) ---
Знайдене максимальне парування (M): {(24, 30), (5, 15), (1, 18), (4, 45), (13, 14), (11, 42), (25, 32), (20, 27), (48, 49), (12, 29), (7, 35), (36, 47), (22, 23), (16, 44), (17, 31), (3, 38), (33, 40), (19, 37)}
Згенероване вершинне покриття (C): [1, 3, 4, 5, 7, 11, 12, 13, 14, 15, 16, 17, 18, 19, 20, 22, 23, 24, 25, 27, 29, 30, 31, 32, 33, 35, 36, 37, 38, 40, 42, 44, 45, 47, 48, 49]

--- Генерація вершинного покриття (зі списку суміжності) ---
Знайдене максимальне парування (M): {(10, 21), (12, 36), (3, 17), (7, 16), (9, 41), (39, 49), (14, 45), (40, 48), (15, 32), (11, 25), (31, 35), (30, 47), (18, 28), (0, 5), (6, 29), (37, 43), (2, 44), (42, 46)}
Згенероване вершинне покриття (C): [0, 2, 3, 5, 6, 7, 9, 10, 11, 12, 14, 15, 16, 17, 18, 21, 25, 28, 29, 30, 31, 32, 35, 36, 37, 39, 40, 41, 42, 43, 44, 45, 46, 47, 48, 49]

--- Генерація вершинного покриття (зі списку суміжності) ---
Знайдене максимальне парування (M): {(33, 36), (1, 37), (32, 49), (17, 30), (34, 43), (7, 10), (16, 31), (2, 47), (5, 12), (4, 23), (14, 27), (0, 13), (8, 29), (24, 28), (9, 46), (3, 11), (18, 42), (40, 45), (20, 48), (19, 22)}
Згенероване вершинне покриття (C): [0, 1, 2, 3, 4, 5, 7, 8, 9, 10, 11, 12, 13, 14, 16, 17, 18, 19, 20, 22, 23, 24, 27, 28, 29, 30, 31, 32, 33, 34, 36, 37, 40, 42, 43, 45, 46, 47, 48, 49]

--- Генерація вершинного покриття (зі списку суміжності) ---
Знайдене максимальне парування (M): {(10, 15), (18, 42), (13, 20), (30, 36), (4, 28), (6, 39), (17, 38), (31, 45), (9, 40), (16, 44), (12, 25), (32, 35), (1, 48), (5, 29), (14, 41), (21, 27), (3, 37)}
Згенероване вершинне покриття (C): [1, 3, 4, 5, 6, 9, 10, 12, 13, 14, 15, 16, 17, 18, 20, 21, 25, 27, 28, 29, 30, 31, 32, 35, 36, 37, 38, 39, 40, 41, 42, 44, 45, 48]

--- Генерація вершинного покриття (зі списку суміжності) ---
Знайдене максимальне парування (M): {(11, 23), (28, 46), (10, 24), (2, 7), (1, 34), (13, 42), (33, 35), (20, 37), (0, 47), (8, 9), (36, 48), (5, 29), (6, 45), (3, 15), (16, 17)}
Згенероване вершинне покриття (C): [0, 1, 2, 3, 5, 6, 7, 8, 9, 10, 11, 13, 15, 16, 17, 20, 23, 24, 28, 29, 33, 34, 35, 36, 37, 42, 45, 46, 47, 48]

--- Генерація вершинного покриття (зі списку суміжності) ---
Знайдене максимальне парування (M): {(31, 40), (9, 23), (19, 27), (10, 24), (43, 46), (39, 47), (8, 16), (15, 26), (4, 44), (6, 13), (1, 36), (38, 41), (20, 48), (17, 21), (2, 37), (5, 12)}
Згенероване вершинне покриття (C): [1, 2, 4, 5, 6, 8, 9, 10, 12, 13, 15, 16, 17, 19, 20, 21, 23, 24, 26, 27, 31, 36, 37, 38, 39, 40, 41, 43, 44, 46, 47, 48]

--- Генерація вершинного покриття (зі списку суміжності) ---
Знайдене максимальне парування (M): {(7, 43), (0, 4), (30, 49), (21, 48), (8, 42), (1, 40), (31, 36), (13, 24), (18, 35), (19, 26), (5, 17), (23, 34), (2, 44), (3, 11)}
Згенероване вершинне покриття (C): [0, 1, 2, 3, 4, 5, 7, 8, 11, 13, 17, 18, 19, 21, 23, 24, 26, 30, 31, 34, 35, 36, 40, 42, 43, 44, 48, 49]

--- Генерація вершинного покриття (зі списку суміжності) ---
Знайдене максимальне парування (M): {(11, 23), (7, 27), (6, 31), (12, 46), (19, 43), (24, 36), (20, 37), (32, 38), (3, 16), (21, 41), (1, 33), (29, 35), (14, 25), (4, 8), (17, 34), (15, 28), (5, 18)}
Згенероване вершинне покриття (C): [1, 3, 4, 5, 6, 7, 8, 11, 12, 14, 15, 16, 17, 18, 19, 20, 21, 23, 24, 25, 27, 28, 29, 31, 32, 33, 34, 35, 36, 37, 38, 41, 43, 46]

Середній час виконання: 0.0000190496 секунд
