
--- Генерація вершинного покриття (зі списку суміжності) ---
Знайдене максимальне парування (M): {(3, 16), (4, 21), (29, 32), (0, 5), (8, 12), (34, 37), (28, 36), (24, 26), (2, 38), (27, 33), (1, 14), (10, 20), (13, 19), (7, 18), (25, 39), (23, 35), (17, 22), (11, 15), (30, 31)}
Згенероване вершинне покриття (C): [0, 1, 2, 3, 4, 5, 7, 8, 10, 11, 12, 13, 14, 15, 16, 17, 18, 19, 20, 21, 22, 23, 24, 25, 26, 27, 28, 29, 30, 31, 32, 33, 34, 35, 36, 37, 38, 39]

--- Генерація вершинного покриття (зі списку суміжності) ---
Знайдене максимальне парування (M): {(10, 37), (13, 33), (18, 20), (4, 6), (35, 39), (31, 38), (17, 30), (2, 23), (1, 24), (7, 19), (32, 36), (16, 28), (5, 9), (14, 15), (0, 34), (22, 27), (3, 26), (11, 12), (8, 25)}
Згенероване вершинне покриття (C): [0, 1, 2, 3, 4, 5, 6, 7, 8, 9, 10, 11, 12, 13, 14, 15, 16, 17, 18, 19, 20, 22, 23, 24, 25, 26, 27, 28, 30, 31, 32, 33, 34, 35, 36, 37, 38, 39]

--- Генерація вершинного покриття (зі списку суміжності) ---
Знайдене максимальне парування (M): {(10, 11), (2, 23), (15, 30), (17, 39), (21, 38), (27, 33), (26, 36), (16, 32), (4, 31), (8, 35), (20, 29), (7, 28), (3, 19), (9, 37), (6, 25), (12, 34), (5, 22)}
Згенероване вершинне покриття (C): [2, 3, 4, 5, 6, 7, 8, 9, 10, 11, 12, 15, 16, 17, 19, 20, 21, 22, 23, 25, 26, 27, 28, 29, 30, 31, 32, 33, 34, 35, 36, 37, 38, 39]

--- Генерація вершинного покриття (зі списку суміжності) ---
Знайдене максимальне парування (M): {(9, 39), (14, 25), (4, 30), (11, 23), (2, 29), (7, 19), (21, 24), (26, 38), (3, 18), (20, 37), (12, 27), (34, 36), (5, 33), (17, 35), (0, 28), (8, 32), (13, 22), (6, 10), (1, 16)}
Згенероване вершинне покриття (C): [0, 1, 2, 3, 4, 5, 6, 7, 8, 9, 10, 11, 12, 13, 14, 16, 17, 18, 19, 20, 21, 22, 23, 24, 25, 26, 27, 28, 29, 30, 32, 33, 34, 35, 36, 37, 38, 39]

--- Генерація вершинного покриття (зі списку суміжності) ---
Знайдене максимальне парування (M): {(16, 20), (18, 26), (15, 33), (0, 14), (9, 23), (28, 36), (19, 27), (2, 32), (4, 5), (7, 34), (3, 24), (10, 11), (1, 17), (8, 38), (13, 31), (6, 37), (21, 35), (22, 30), (29, 39)}
Згенероване вершинне покриття (C): [0, 1, 2, 3, 4, 5, 6, 7, 8, 9, 10, 11, 13, 14, 15, 16, 17, 18, 19, 20, 21, 22, 23, 24, 26, 27, 28, 29, 30, 31, 32, 33, 34, 35, 36, 37, 38, 39]

--- Генерація вершинного покриття (зі списку суміжності) ---
Знайдене максимальне парування (M): {(18, 26), (35, 36), (0, 2), (32, 33), (15, 23), (4, 14), (20, 22), (12, 39), (13, 34), (7, 24), (6, 31), (3, 29), (17, 28), (19, 25), (11, 21), (1, 10), (9, 27), (5, 38), (30, 37)}
Згенероване вершинне покриття (C): [0, 1, 2, 3, 4, 5, 6, 7, 9, 10, 11, 12, 13, 14, 15, 17, 18, 19, 20, 21, 22, 23, 24, 25, 26, 27, 28, 29, 30, 31, 32, 33, 34, 35, 36, 37, 38, 39]

--- Генерація вершинного покриття (зі списку суміжності) ---
Знайдене максимальне парування (M): {(10, 15), (3, 33), (27, 30), (19, 26), (12, 35), (8, 16), (6, 39), (4, 7), (24, 25), (29, 32), (23, 34), (28, 37), (14, 22), (0, 18), (13, 31), (5, 38), (1, 9), (11, 17)}
Згенероване вершинне покриття (C): [0, 1, 3, 4, 5, 6, 7, 8, 9, 10, 11, 12, 13, 14, 15, 16, 17, 18, 19, 22, 23, 24, 25, 26, 27, 28, 29, 30, 31, 32, 33, 34, 35, 37, 38, 39]

--- Генерація вершинного покриття (зі списку суміжності) ---
Знайдене максимальне парування (M): {(6, 12), (16, 26), (14, 31), (4, 39), (11, 35), (0, 32), (21, 24), (34, 36), (28, 29), (10, 20), (7, 9), (15, 19), (25, 33), (3, 8), (22, 27), (23, 38), (1, 13), (17, 37), (2, 30)}
Згенероване вершинне покриття (C): [0, 1, 2, 3, 4, 6, 7, 8, 9, 10, 11, 12, 13, 14, 15, 16, 17, 19, 20, 21, 22, 23, 24, 25, 26, 27, 28, 29, 30, 31, 32, 33, 34, 35, 36, 37, 38, 39]

--- Генерація вершинного покриття (зі списку суміжності) ---
Знайдене максимальне парування (M): {(32, 34), (26, 39), (7, 35), (6, 33), (21, 31), (12, 37), (11, 14), (10, 18), (4, 17), (8, 20), (3, 36), (5, 27), (2, 16), (0, 28), (15, 19), (13, 25), (23, 29), (9, 24), (1, 22)}
Згенероване вершинне покриття (C): [0, 1, 2, 3, 4, 5, 6, 7, 8, 9, 10, 11, 12, 13, 14, 15, 16, 17, 18, 19, 20, 21, 22, 23, 24, 25, 26, 27, 28, 29, 31, 32, 33, 34, 35, 36, 37, 39]

--- Генерація вершинного покриття (зі списку суміжності) ---
Знайдене максимальне парування (M): {(7, 27), (16, 36), (21, 30), (11, 35), (2, 26), (1, 8), (0, 32), (4, 12), (14, 39), (9, 31), (5, 10), (6, 13), (24, 38), (33, 37), (18, 28), (15, 19), (20, 22), (17, 34)}
Згенероване вершинне покриття (C): [0, 1, 2, 4, 5, 6, 7, 8, 9, 10, 11, 12, 13, 14, 15, 16, 17, 18, 19, 20, 21, 22, 24, 26, 27, 28, 30, 31, 32, 33, 34, 35, 36, 37, 38, 39]

--- Генерація вершинного покриття (зі списку суміжності) ---
Знайдене максимальне парування (M): {(24, 30), (7, 17), (12, 16), (18, 35), (22, 29), (4, 27), (0, 8), (14, 31), (36, 37), (10, 21), (2, 26), (32, 33), (5, 6), (20, 28), (13, 19), (1, 23), (3, 11), (38, 39), (9, 15)}
Згенероване вершинне покриття (C): [0, 1, 2, 3, 4, 5, 6, 7, 8, 9, 10, 11, 12, 13, 14, 15, 16, 17, 18, 19, 20, 21, 22, 23, 24, 26, 27, 28, 29, 30, 31, 32, 33, 35, 36, 37, 38, 39]

--- Генерація вершинного покриття (зі списку суміжності) ---
Знайдене максимальне парування (M): {(6, 15), (18, 23), (20, 38), (0, 8), (10, 17), (2, 13), (7, 12), (24, 28), (11, 37), (16, 36), (4, 19), (21, 35), (31, 33), (29, 39), (14, 26), (3, 32), (9, 27), (30, 34), (1, 22)}
Згенероване вершинне покриття (C): [0, 1, 2, 3, 4, 6, 7, 8, 9, 10, 11, 12, 13, 14, 15, 16, 17, 18, 19, 20, 21, 22, 23, 24, 26, 27, 28, 29, 30, 31, 32, 33, 34, 35, 36, 37, 38, 39]

--- Генерація вершинного покриття (зі списку суміжності) ---
Знайдене максимальне парування (M): {(15, 21), (6, 18), (20, 26), (12, 22), (4, 33), (0, 14), (19, 24), (8, 30), (17, 36), (13, 23), (11, 29), (2, 32), (16, 31), (7, 28), (25, 34), (3, 27), (37, 38), (5, 35), (1, 10)}
Згенероване вершинне покриття (C): [0, 1, 2, 3, 4, 5, 6, 7, 8, 10, 11, 12, 13, 14, 15, 16, 17, 18, 19, 20, 21, 22, 23, 24, 25, 26, 27, 28, 29, 30, 31, 32, 33, 34, 35, 36, 37, 38]

--- Генерація вершинного покриття (зі списку суміжності) ---
Знайдене максимальне парування (M): {(10, 37), (35, 36), (6, 24), (21, 22), (3, 16), (18, 32), (11, 20), (4, 38), (34, 39), (27, 33), (0, 28), (7, 9), (25, 30), (23, 26), (12, 29), (5, 17), (1, 13), (2, 15), (19, 31)}
Згенероване вершинне покриття (C): [0, 1, 2, 3, 4, 5, 6, 7, 9, 10, 11, 12, 13, 15, 16, 17, 18, 19, 20, 21, 22, 23, 24, 25, 26, 27, 28, 29, 30, 31, 32, 33, 34, 35, 36, 37, 38, 39]

--- Генерація вершинного покриття (зі списку суміжності) ---
Знайдене максимальне парування (M): {(0, 7), (17, 23), (10, 11), (15, 24), (6, 37), (4, 19), (9, 32), (20, 33), (1, 21), (8, 36), (35, 39), (18, 29), (14, 16), (31, 38), (13, 25), (28, 34), (5, 22), (2, 30)}
Згенероване вершинне покриття (C): [0, 1, 2, 4, 5, 6, 7, 8, 9, 10, 11, 13, 14, 15, 16, 17, 18, 19, 20, 21, 22, 23, 24, 25, 28, 29, 30, 31, 32, 33, 34, 35, 36, 37, 38, 39]

--- Генерація вершинного покриття (зі списку суміжності) ---
Знайдене максимальне парування (M): {(0, 23), (25, 29), (16, 18), (1, 31), (12, 15), (21, 32), (9, 28), (3, 36), (27, 33), (17, 19), (8, 35), (5, 10), (7, 22), (6, 26), (24, 38), (4, 14), (11, 37), (13, 34)}
Згенероване вершинне покриття (C): [0, 1, 3, 4, 5, 6, 7, 8, 9, 10, 11, 12, 13, 14, 15, 16, 17, 18, 19, 21, 22, 23, 24, 25, 26, 27, 28, 29, 31, 32, 33, 34, 35, 36, 37, 38]

--- Генерація вершинного покриття (зі списку суміжності) ---
Знайдене максимальне парування (M): {(20, 23), (35, 39), (19, 21), (13, 14), (11, 26), (16, 25), (18, 31), (6, 38), (34, 36), (8, 17), (5, 24), (27, 33), (0, 28), (10, 32), (15, 22), (1, 29), (7, 30), (9, 12), (4, 37)}
Згенероване вершинне покриття (C): [0, 1, 4, 5, 6, 7, 8, 9, 10, 11, 12, 13, 14, 15, 16, 17, 18, 19, 20, 21, 22, 23, 24, 25, 26, 27, 28, 29, 30, 31, 32, 33, 34, 35, 36, 37, 38, 39]

--- Генерація вершинного покриття (зі списку суміжності) ---
Знайдене максимальне парування (M): {(13, 33), (18, 35), (8, 9), (3, 37), (0, 11), (19, 36), (15, 29), (12, 24), (22, 34), (10, 17), (25, 27), (26, 28), (4, 7), (6, 31), (20, 30), (5, 23), (14, 38), (1, 16), (2, 21)}
Згенероване вершинне покриття (C): [0, 1, 2, 3, 4, 5, 6, 7, 8, 9, 10, 11, 12, 13, 14, 15, 16, 17, 18, 19, 20, 21, 22, 23, 24, 25, 26, 27, 28, 29, 30, 31, 33, 34, 35, 36, 37, 38]

--- Генерація вершинного покриття (зі списку суміжності) ---
Знайдене максимальне парування (M): {(7, 33), (14, 30), (6, 37), (29, 36), (9, 22), (12, 39), (17, 18), (10, 20), (3, 35), (34, 38), (5, 26), (11, 25), (8, 32), (0, 24), (2, 21), (1, 19), (27, 28), (15, 31)}
Згенероване вершинне покриття (C): [0, 1, 2, 3, 5, 6, 7, 8, 9, 10, 11, 12, 14, 15, 17, 18, 19, 20, 21, 22, 24, 25, 26, 27, 28, 29, 30, 31, 32, 33, 34, 35, 36, 37, 38, 39]

--- Генерація вершинного покриття (зі списку суміжності) ---
Знайдене максимальне парування (M): {(16, 26), (6, 15), (25, 32), (13, 39), (12, 22), (8, 9), (2, 5), (27, 28), (1, 18), (10, 17), (30, 35), (11, 31), (0, 37), (7, 24), (21, 29), (3, 23), (20, 36), (14, 38), (19, 34)}
Згенероване вершинне покриття (C): [0, 1, 2, 3, 5, 6, 7, 8, 9, 10, 11, 12, 13, 14, 15, 16, 17, 18, 19, 20, 21, 22, 23, 24, 25, 26, 27, 28, 29, 30, 31, 32, 34, 35, 36, 37, 38, 39]

--- Генерація вершинного покриття (зі списку суміжності) ---
Знайдене максимальне парування (M): {(6, 12), (7, 27), (25, 29), (33, 36), (10, 38), (11, 16), (21, 30), (23, 39), (8, 26), (9, 15), (19, 35), (4, 24), (28, 37), (2, 31), (0, 17), (14, 34), (3, 5), (1, 22)}
Згенероване вершинне покриття (C): [0, 1, 2, 3, 4, 5, 6, 7, 8, 9, 10, 11, 12, 14, 15, 16, 17, 19, 21, 22, 23, 24, 25, 26, 27, 28, 29, 30, 31, 33, 34, 35, 36, 37, 38, 39]

--- Генерація вершинного покриття (зі списку суміжності) ---
Знайдене максимальне парування (M): {(35, 36), (13, 39), (18, 38), (9, 32), (15, 23), (5, 6), (16, 34), (12, 21), (20, 37), (22, 31), (3, 30), (14, 27), (8, 17), (24, 28), (1, 26), (4, 25), (10, 19), (7, 11), (0, 33)}
Згенероване вершинне покриття (C): [0, 1, 3, 4, 5, 6, 7, 8, 9, 10, 11, 12, 13, 14, 15, 16, 17, 18, 19, 20, 21, 22, 23, 24, 25, 26, 27, 28, 30, 31, 32, 33, 34, 35, 36, 37, 38, 39]

--- Генерація вершинного покриття (зі списку суміжності) ---
Знайдене максимальне парування (M): {(7, 20), (15, 27), (6, 30), (18, 38), (8, 9), (28, 36), (19, 39), (26, 32), (25, 34), (31, 37), (16, 24), (1, 35), (12, 23), (3, 14), (21, 29), (4, 22), (5, 17), (10, 13), (11, 33)}
Згенероване вершинне покриття (C): [1, 3, 4, 5, 6, 7, 8, 9, 10, 11, 12, 13, 14, 15, 16, 17, 18, 19, 20, 21, 22, 23, 24, 25, 26, 27, 28, 29, 30, 31, 32, 33, 34, 35, 36, 37, 38, 39]

--- Генерація вершинного покриття (зі списку суміжності) ---
Знайдене максимальне парування (M): {(26, 27), (18, 29), (5, 13), (20, 35), (3, 25), (8, 21), (19, 30), (37, 39), (10, 24), (6, 32), (22, 28), (23, 36), (2, 16), (1, 38), (15, 34), (9, 12), (4, 31), (11, 33), (7, 14)}
Згенероване вершинне покриття (C): [1, 2, 3, 4, 5, 6, 7, 8, 9, 10, 11, 12, 13, 14, 15, 16, 18, 19, 20, 21, 22, 23, 24, 25, 26, 27, 28, 29, 30, 31, 32, 33, 34, 35, 36, 37, 38, 39]

--- Генерація вершинного покриття (зі списку суміжності) ---
Знайдене максимальне парування (M): {(33, 36), (25, 38), (1, 34), (12, 28), (9, 20), (2, 14), (27, 31), (0, 26), (15, 35), (3, 24), (17, 29), (8, 32), (16, 30), (6, 19), (11, 37), (7, 39), (5, 23), (13, 18), (10, 22)}
Згенероване вершинне покриття (C): [0, 1, 2, 3, 5, 6, 7, 8, 9, 10, 11, 12, 13, 14, 15, 16, 17, 18, 19, 20, 22, 23, 24, 25, 26, 27, 28, 29, 30, 31, 32, 33, 34, 35, 36, 37, 38, 39]

--- Генерація вершинного покриття (зі списку суміжності) ---
Знайдене максимальне парування (M): {(1, 31), (34, 37), (28, 36), (13, 23), (11, 32), (30, 39), (15, 26), (2, 38), (18, 25), (6, 35), (4, 20), (14, 33), (17, 29), (0, 22), (16, 27), (7, 24), (3, 5), (9, 21), (8, 19)}
Згенероване вершинне покриття (C): [0, 1, 2, 3, 4, 5, 6, 7, 8, 9, 11, 13, 14, 15, 16, 17, 18, 19, 20, 21, 22, 23, 24, 25, 26, 27, 28, 29, 30, 31, 32, 33, 34, 35, 36, 37, 38, 39]

--- Генерація вершинного покриття (зі списку суміжності) ---
Знайдене максимальне парування (M): {(25, 35), (3, 10), (14, 16), (17, 24), (27, 31), (28, 39), (15, 38), (18, 34), (20, 37), (2, 4), (8, 26), (13, 22), (7, 12), (1, 29), (6, 19), (21, 32), (5, 23), (11, 30), (9, 36)}
Згенероване вершинне покриття (C): [1, 2, 3, 4, 5, 6, 7, 8, 9, 10, 11, 12, 13, 14, 15, 16, 17, 18, 19, 20, 21, 22, 23, 24, 25, 26, 27, 28, 29, 30, 31, 32, 34, 35, 36, 37, 38, 39]

--- Генерація вершинного покриття (зі списку суміжності) ---
Знайдене максимальне парування (M): {(17, 33), (1, 31), (10, 14), (7, 16), (4, 22), (30, 34), (5, 18), (15, 23), (13, 35), (0, 28), (6, 39), (2, 38), (27, 32), (3, 25), (11, 21), (19, 37), (12, 24), (9, 20)}
Згенероване вершинне покриття (C): [0, 1, 2, 3, 4, 5, 6, 7, 9, 10, 11, 12, 13, 14, 15, 16, 17, 18, 19, 20, 21, 22, 23, 24, 25, 27, 28, 30, 31, 32, 33, 34, 35, 37, 38, 39]

--- Генерація вершинного покриття (зі списку суміжності) ---
Знайдене максимальне парування (M): {(33, 39), (12, 28), (4, 18), (3, 37), (2, 11), (14, 34), (8, 27), (15, 23), (24, 32), (0, 7), (19, 26), (16, 21), (13, 25), (1, 35), (29, 30), (17, 22), (5, 20), (36, 38), (6, 9), (10, 31)}
Згенероване вершинне покриття (C): [0, 1, 2, 3, 4, 5, 6, 7, 8, 9, 10, 11, 12, 13, 14, 15, 16, 17, 18, 19, 20, 21, 22, 23, 24, 25, 26, 27, 28, 29, 30, 31, 32, 33, 34, 35, 36, 37, 38, 39]

--- Генерація вершинного покриття (зі списку суміжності) ---
Знайдене максимальне парування (M): {(10, 34), (6, 15), (24, 39), (12, 22), (11, 14), (28, 30), (19, 33), (3, 9), (25, 37), (4, 26), (5, 21), (1, 2), (8, 23), (13, 16), (17, 38), (32, 35), (7, 18), (29, 36), (0, 27)}
Згенероване вершинне покриття (C): [0, 1, 2, 3, 4, 5, 6, 7, 8, 9, 10, 11, 12, 13, 14, 15, 16, 17, 18, 19, 21, 22, 23, 24, 25, 26, 27, 28, 29, 30, 32, 33, 34, 35, 36, 37, 38, 39]

--- Генерація вершинного покриття (зі списку суміжності) ---
Знайдене максимальне парування (M): {(27, 31), (3, 8), (22, 37), (14, 33), (29, 36), (38, 39), (16, 17), (4, 6), (23, 35), (20, 32), (10, 26), (13, 19), (21, 25), (2, 34), (7, 15), (18, 30), (12, 24), (0, 11)}
Згенероване вершинне покриття (C): [0, 2, 3, 4, 6, 7, 8, 10, 11, 12, 13, 14, 15, 16, 17, 18, 19, 20, 21, 22, 23, 24, 25, 26, 27, 29, 30, 31, 32, 33, 34, 35, 36, 37, 38, 39]

--- Генерація вершинного покриття (зі списку суміжності) ---
Знайдене максимальне парування (M): {(1, 12), (0, 20), (7, 23), (5, 30), (6, 24), (11, 19), (15, 39), (13, 29), (16, 28), (10, 32), (4, 34), (14, 25), (35, 37), (2, 18), (3, 22), (9, 33), (8, 31), (21, 27)}
Згенероване вершинне покриття (C): [0, 1, 2, 3, 4, 5, 6, 7, 8, 9, 10, 11, 12, 13, 14, 15, 16, 18, 19, 20, 21, 22, 23, 24, 25, 27, 28, 29, 30, 31, 32, 33, 34, 35, 37, 39]

--- Генерація вершинного покриття (зі списку суміжності) ---
Знайдене максимальне парування (M): {(2, 26), (11, 32), (7, 22), (13, 38), (3, 6), (12, 24), (0, 1), (23, 33), (20, 34), (15, 31), (29, 30), (16, 39), (18, 36), (21, 35), (5, 14), (4, 28), (8, 19), (17, 37), (10, 25)}
Згенероване вершинне покриття (C): [0, 1, 2, 3, 4, 5, 6, 7, 8, 10, 11, 12, 13, 14, 15, 16, 17, 18, 19, 20, 21, 22, 23, 24, 25, 26, 28, 29, 30, 31, 32, 33, 34, 35, 36, 37, 38, 39]

--- Генерація вершинного покриття (зі списку суміжності) ---
Знайдене максимальне парування (M): {(2, 33), (18, 35), (17, 39), (7, 25), (29, 34), (21, 36), (3, 30), (0, 19), (28, 38), (6, 13), (24, 37), (26, 31), (4, 10), (22, 27), (9, 12), (14, 20), (8, 16), (23, 32), (11, 15)}
Згенероване вершинне покриття (C): [0, 2, 3, 4, 6, 7, 8, 9, 10, 11, 12, 13, 14, 15, 16, 17, 18, 19, 20, 21, 22, 23, 24, 25, 26, 27, 28, 29, 30, 31, 32, 33, 34, 35, 36, 37, 38, 39]

--- Генерація вершинного покриття (зі списку суміжності) ---
Знайдене максимальне парування (M): {(24, 27), (3, 37), (11, 20), (1, 30), (10, 39), (13, 35), (7, 25), (6, 38), (23, 33), (4, 32), (8, 29), (0, 28), (16, 18), (15, 31), (12, 26), (5, 14), (9, 21), (19, 22), (17, 34)}
Згенероване вершинне покриття (C): [0, 1, 3, 4, 5, 6, 7, 8, 9, 10, 11, 12, 13, 14, 15, 16, 17, 18, 19, 20, 21, 22, 23, 24, 25, 26, 27, 28, 29, 30, 31, 32, 33, 34, 35, 37, 38, 39]

--- Генерація вершинного покриття (зі списку суміжності) ---
Знайдене максимальне парування (M): {(2, 39), (14, 28), (4, 30), (7, 10), (5, 6), (18, 37), (3, 27), (11, 16), (9, 22), (19, 20), (17, 35), (1, 32), (24, 34), (21, 23), (31, 33), (12, 29), (36, 38), (13, 15), (25, 26)}
Згенероване вершинне покриття (C): [1, 2, 3, 4, 5, 6, 7, 9, 10, 11, 12, 13, 14, 15, 16, 17, 18, 19, 20, 21, 22, 23, 24, 25, 26, 27, 28, 29, 30, 31, 32, 33, 34, 35, 36, 37, 38, 39]

--- Генерація вершинного покриття (зі списку суміжності) ---
Знайдене максимальне парування (M): {(2, 24), (20, 27), (1, 5), (22, 30), (15, 17), (12, 29), (7, 10), (35, 39), (4, 25), (14, 16), (26, 32), (0, 13), (6, 36), (19, 38), (28, 37), (23, 31), (8, 11), (3, 34)}
Згенероване вершинне покриття (C): [0, 1, 2, 3, 4, 5, 6, 7, 8, 10, 11, 12, 13, 14, 15, 16, 17, 19, 20, 22, 23, 24, 25, 26, 27, 28, 29, 30, 31, 32, 34, 35, 36, 37, 38, 39]

--- Генерація вершинного покриття (зі списку суміжності) ---
Знайдене максимальне парування (M): {(6, 18), (16, 20), (12, 13), (8, 9), (28, 33), (19, 27), (10, 24), (32, 36), (29, 31), (4, 26), (17, 23), (35, 37), (2, 34), (7, 30), (22, 39), (11, 15), (3, 38), (0, 21), (1, 25)}
Згенероване вершинне покриття (C): [0, 1, 2, 3, 4, 6, 7, 8, 9, 10, 11, 12, 13, 15, 16, 17, 18, 19, 20, 21, 22, 23, 24, 25, 26, 27, 28, 29, 30, 31, 32, 33, 34, 35, 36, 37, 38, 39]

--- Генерація вершинного покриття (зі списку суміжності) ---
Знайдене максимальне парування (M): {(13, 14), (4, 10), (33, 36), (20, 30), (16, 29), (26, 39), (25, 31), (15, 32), (5, 9), (2, 6), (8, 38), (0, 21), (28, 37), (17, 34), (1, 35), (12, 18), (23, 24), (11, 27)}
Згенероване вершинне покриття (C): [0, 1, 2, 4, 5, 6, 8, 9, 10, 11, 12, 13, 14, 15, 16, 17, 18, 20, 21, 23, 24, 25, 26, 27, 28, 29, 30, 31, 32, 33, 34, 35, 36, 37, 38, 39]

--- Генерація вершинного покриття (зі списку суміжності) ---
Знайдене максимальне парування (M): {(35, 39), (12, 19), (23, 28), (9, 26), (27, 31), (1, 18), (30, 33), (6, 20), (11, 38), (2, 29), (4, 8), (7, 34), (5, 15), (3, 24), (10, 14), (13, 37), (25, 36), (17, 22), (0, 21)}
Згенероване вершинне покриття (C): [0, 1, 2, 3, 4, 5, 6, 7, 8, 9, 10, 11, 12, 13, 14, 15, 17, 18, 19, 20, 21, 22, 23, 24, 25, 26, 27, 28, 29, 30, 31, 33, 34, 35, 36, 37, 38, 39]

--- Генерація вершинного покриття (зі списку суміжності) ---
Знайдене максимальне парування (M): {(16, 26), (35, 36), (4, 6), (7, 32), (20, 38), (12, 37), (8, 24), (30, 39), (22, 25), (29, 34), (3, 21), (14, 27), (9, 19), (1, 11), (2, 31), (15, 28), (5, 17), (10, 13), (0, 18)}
Згенероване вершинне покриття (C): [0, 1, 2, 3, 4, 5, 6, 7, 8, 9, 10, 11, 12, 13, 14, 15, 16, 17, 18, 19, 20, 21, 22, 24, 25, 26, 27, 28, 29, 30, 31, 32, 34, 35, 36, 37, 38, 39]

--- Генерація вершинного покриття (зі списку суміжності) ---
Знайдене максимальне парування (M): {(17, 33), (18, 27), (38, 39), (12, 20), (3, 23), (6, 24), (4, 28), (8, 10), (16, 22), (15, 26), (19, 35), (5, 36), (0, 2), (21, 30), (9, 11), (13, 37), (14, 31), (1, 25)}
Згенероване вершинне покриття (C): [0, 1, 2, 3, 4, 5, 6, 8, 9, 10, 11, 12, 13, 14, 15, 16, 17, 18, 19, 20, 21, 22, 23, 24, 25, 26, 27, 28, 30, 31, 33, 35, 36, 37, 38, 39]

--- Генерація вершинного покриття (зі списку суміжності) ---
Знайдене максимальне парування (M): {(11, 39), (21, 22), (20, 26), (4, 24), (5, 19), (34, 37), (13, 17), (1, 15), (9, 38), (6, 8), (33, 35), (7, 25), (3, 12), (23, 27), (10, 14), (2, 16), (28, 32), (18, 30), (31, 36)}
Згенероване вершинне покриття (C): [1, 2, 3, 4, 5, 6, 7, 8, 9, 10, 11, 12, 13, 14, 15, 16, 17, 18, 19, 20, 21, 22, 23, 24, 25, 26, 27, 28, 30, 31, 32, 33, 34, 35, 36, 37, 38, 39]

--- Генерація вершинного покриття (зі списку суміжності) ---
Знайдене максимальне парування (M): {(9, 39), (18, 35), (3, 16), (23, 28), (22, 29), (8, 27), (17, 36), (1, 21), (2, 26), (0, 38), (7, 19), (15, 20), (25, 37), (5, 33), (6, 13), (12, 32), (4, 34), (11, 24), (10, 31)}
Згенероване вершинне покриття (C): [0, 1, 2, 3, 4, 5, 6, 7, 8, 9, 10, 11, 12, 13, 15, 16, 17, 18, 19, 20, 21, 22, 23, 24, 25, 26, 27, 28, 29, 31, 32, 33, 34, 35, 36, 37, 38, 39]

--- Генерація вершинного покриття (зі списку суміжності) ---
Знайдене максимальне парування (M): {(10, 37), (25, 32), (6, 36), (0, 8), (2, 14), (27, 34), (11, 29), (13, 24), (30, 39), (15, 20), (3, 9), (18, 31), (19, 23), (21, 26), (7, 33), (4, 28), (5, 38), (16, 17), (1, 22)}
Згенероване вершинне покриття (C): [0, 1, 2, 3, 4, 5, 6, 7, 8, 9, 10, 11, 13, 14, 15, 16, 17, 18, 19, 20, 21, 22, 23, 24, 25, 26, 27, 28, 29, 30, 31, 32, 33, 34, 36, 37, 38, 39]

--- Генерація вершинного покриття (зі списку суміжності) ---
Знайдене максимальне парування (M): {(6, 12), (20, 34), (7, 23), (19, 33), (9, 28), (29, 39), (0, 38), (14, 16), (24, 35), (10, 26), (1, 13), (17, 25), (11, 18), (15, 22), (8, 31), (3, 37), (4, 36), (2, 30)}
Згенероване вершинне покриття (C): [0, 1, 2, 3, 4, 6, 7, 8, 9, 10, 11, 12, 13, 14, 15, 16, 17, 18, 19, 20, 22, 23, 24, 25, 26, 28, 29, 30, 31, 33, 34, 35, 36, 37, 38, 39]

--- Генерація вершинного покриття (зі списку суміжності) ---
Знайдене максимальне парування (M): {(29, 35), (14, 22), (5, 19), (23, 37), (31, 38), (1, 9), (30, 36), (8, 39), (6, 17), (18, 34), (4, 20), (11, 28), (10, 26), (24, 25), (7, 33), (2, 3), (0, 12), (27, 32), (13, 21)}
Згенероване вершинне покриття (C): [0, 1, 2, 3, 4, 5, 6, 7, 8, 9, 10, 11, 12, 13, 14, 17, 18, 19, 20, 21, 22, 23, 24, 25, 26, 27, 28, 29, 30, 31, 32, 33, 34, 35, 36, 37, 38, 39]

--- Генерація вершинного покриття (зі списку суміжності) ---
Знайдене максимальне парування (M): {(32, 37), (6, 15), (1, 34), (7, 26), (35, 36), (12, 13), (0, 2), (17, 24), (16, 31), (18, 28), (14, 30), (10, 11), (21, 39), (3, 27), (8, 20), (25, 33), (4, 22), (23, 29), (5, 38)}
Згенероване вершинне покриття (C): [0, 1, 2, 3, 4, 5, 6, 7, 8, 10, 11, 12, 13, 14, 15, 16, 17, 18, 20, 21, 22, 23, 24, 25, 26, 27, 28, 29, 30, 31, 32, 33, 34, 35, 36, 37, 38, 39]

--- Генерація вершинного покриття (зі списку суміжності) ---
Знайдене максимальне парування (M): {(1, 15), (6, 11), (7, 13), (3, 12), (29, 31), (22, 25), (21, 27), (23, 24), (5, 18), (4, 35), (14, 39), (10, 20), (17, 32), (30, 38), (33, 37), (2, 34), (16, 36), (0, 9), (8, 28)}
Згенероване вершинне покриття (C): [0, 1, 2, 3, 4, 5, 6, 7, 8, 9, 10, 11, 12, 13, 14, 15, 16, 17, 18, 20, 21, 22, 23, 24, 25, 27, 28, 29, 30, 31, 32, 33, 34, 35, 36, 37, 38, 39]

--- Генерація вершинного покриття (зі списку суміжності) ---
Знайдене максимальне парування (M): {(16, 26), (0, 39), (4, 12), (22, 32), (20, 38), (17, 24), (2, 8), (19, 36), (7, 28), (18, 37), (6, 35), (3, 15), (1, 14), (9, 34), (25, 30), (5, 11), (31, 33), (10, 13), (27, 29)}
Згенероване вершинне покриття (C): [0, 1, 2, 3, 4, 5, 6, 7, 8, 9, 10, 11, 12, 13, 14, 15, 16, 17, 18, 19, 20, 22, 24, 25, 26, 27, 28, 29, 30, 31, 32, 33, 34, 35, 36, 37, 38, 39]

Середній час виконання: 0.0000489521 секунд
