
--- Генерація вершинного покриття (зі списку суміжності) ---
Знайдене максимальне парування (M): {(53, 66), (33, 39), (8, 46), (43, 49), (0, 48), (16, 32), (15, 42), (20, 41), (35, 72), (17, 36), (55, 56), (18, 71), (14, 52), (25, 28), (64, 74), (26, 38), (13, 47), (5, 67), (51, 73), (2, 7), (31, 58), (23, 57), (6, 10), (1, 29), (27, 54), (12, 69), (3, 60), (50, 59), (4, 65), (24, 40), (11, 61), (44, 70), (9, 21), (22, 45), (63, 68), (19, 37), (30, 34)}
Згенероване вершинне покриття (C): [0, 1, 2, 3, 4, 5, 6, 7, 8, 9, 10, 11, 12, 13, 14, 15, 16, 17, 18, 19, 20, 21, 22, 23, 24, 25, 26, 27, 28, 29, 30, 31, 32, 33, 34, 35, 36, 37, 38, 39, 40, 41, 42, 43, 44, 45, 46, 47, 48, 49, 50, 51, 52, 53, 54, 55, 56, 57, 58, 59, 60, 61, 63, 64, 65, 66, 67, 68, 69, 70, 71, 72, 73, 74]

--- Генерація вершинного покриття (зі списку суміжності) ---
Знайдене максимальне парування (M): {(14, 59), (32, 46), (9, 57), (47, 71), (5, 65), (3, 13), (17, 73), (35, 48), (41, 67), (2, 11), (7, 53), (40, 68), (45, 64), (62, 74), (6, 23), (27, 70), (29, 37), (24, 56), (43, 60), (21, 42), (52, 69), (34, 39), (8, 26), (20, 58), (4, 50), (19, 38), (55, 61), (15, 22), (36, 63), (44, 49), (25, 51), (1, 10), (18, 66), (30, 31), (16, 72), (0, 33)}
Згенероване вершинне покриття (C): [0, 1, 2, 3, 4, 5, 6, 7, 8, 9, 10, 11, 13, 14, 15, 16, 17, 18, 19, 20, 21, 22, 23, 24, 25, 26, 27, 29, 30, 31, 32, 33, 34, 35, 36, 37, 38, 39, 40, 41, 42, 43, 44, 45, 46, 47, 48, 49, 50, 51, 52, 53, 55, 56, 57, 58, 59, 60, 61, 62, 63, 64, 65, 66, 67, 68, 69, 70, 71, 72, 73, 74]

--- Генерація вершинного покриття (зі списку суміжності) ---
Знайдене максимальне парування (M): {(6, 12), (19, 46), (15, 42), (26, 45), (3, 31), (29, 50), (39, 60), (49, 65), (53, 59), (4, 48), (18, 71), (56, 61), (16, 22), (1, 36), (41, 54), (24, 44), (25, 43), (14, 70), (51, 58), (27, 64), (17, 69), (20, 37), (28, 72), (0, 7), (10, 11), (13, 68), (21, 57), (9, 40), (30, 38), (23, 63), (62, 67), (8, 47), (5, 66), (33, 55), (2, 52), (35, 73)}
Згенероване вершинне покриття (C): [0, 1, 2, 3, 4, 5, 6, 7, 8, 9, 10, 11, 12, 13, 14, 15, 16, 17, 18, 19, 20, 21, 22, 23, 24, 25, 26, 27, 28, 29, 30, 31, 33, 35, 36, 37, 38, 39, 40, 41, 42, 43, 44, 45, 46, 47, 48, 49, 50, 51, 52, 53, 54, 55, 56, 57, 58, 59, 60, 61, 62, 63, 64, 65, 66, 67, 68, 69, 70, 71, 72, 73]

--- Генерація вершинного покриття (зі списку суміжності) ---
Знайдене максимальне парування (M): {(29, 72), (28, 55), (44, 45), (58, 62), (50, 70), (18, 32), (9, 35), (27, 46), (5, 43), (14, 52), (21, 73), (3, 64), (2, 47), (20, 34), (23, 33), (65, 66), (48, 59), (8, 26), (15, 71), (11, 25), (17, 41), (19, 38), (6, 10), (0, 40), (31, 67), (36, 63), (16, 42), (24, 49), (30, 68), (60, 69), (61, 74), (22, 39), (1, 13), (7, 51), (54, 56), (4, 37), (12, 53)}
Згенероване вершинне покриття (C): [0, 1, 2, 3, 4, 5, 6, 7, 8, 9, 10, 11, 12, 13, 14, 15, 16, 17, 18, 19, 20, 21, 22, 23, 24, 25, 26, 27, 28, 29, 30, 31, 32, 33, 34, 35, 36, 37, 38, 39, 40, 41, 42, 43, 44, 45, 46, 47, 48, 49, 50, 51, 52, 53, 54, 55, 56, 58, 59, 60, 61, 62, 63, 64, 65, 66, 67, 68, 69, 70, 71, 72, 73, 74]

--- Генерація вершинного покриття (зі списку суміжності) ---
Знайдене максимальне парування (M): {(32, 37), (36, 62), (15, 33), (25, 47), (46, 51), (21, 31), (10, 55), (52, 70), (42, 69), (9, 72), (18, 50), (2, 17), (5, 40), (63, 67), (7, 74), (41, 45), (34, 73), (13, 38), (3, 6), (4, 14), (11, 59), (35, 53), (0, 1), (44, 68), (12, 39), (8, 20), (29, 61), (54, 66), (58, 60), (30, 56), (27, 57), (24, 43), (26, 49), (16, 48), (65, 71), (19, 22)}
Згенероване вершинне покриття (C): [0, 1, 2, 3, 4, 5, 6, 7, 8, 9, 10, 11, 12, 13, 14, 15, 16, 17, 18, 19, 20, 21, 22, 24, 25, 26, 27, 29, 30, 31, 32, 33, 34, 35, 36, 37, 38, 39, 40, 41, 42, 43, 44, 45, 46, 47, 48, 49, 50, 51, 52, 53, 54, 55, 56, 57, 58, 59, 60, 61, 62, 63, 65, 66, 67, 68, 69, 70, 71, 72, 73, 74]

--- Генерація вершинного покриття (зі списку суміжності) ---
Знайдене максимальне парування (M): {(56, 65), (11, 36), (4, 58), (30, 64), (3, 19), (5, 74), (21, 40), (9, 14), (6, 54), (48, 63), (28, 33), (2, 23), (12, 67), (17, 57), (37, 66), (50, 60), (0, 53), (15, 59), (1, 20), (8, 29), (71, 73), (39, 68), (22, 70), (32, 44), (10, 47), (16, 42), (13, 49), (35, 52), (43, 62), (46, 61), (26, 55), (31, 45), (34, 38), (7, 51), (25, 72), (18, 69), (27, 41)}
Згенероване вершинне покриття (C): [0, 1, 2, 3, 4, 5, 6, 7, 8, 9, 10, 11, 12, 13, 14, 15, 16, 17, 18, 19, 20, 21, 22, 23, 25, 26, 27, 28, 29, 30, 31, 32, 33, 34, 35, 36, 37, 38, 39, 40, 41, 42, 43, 44, 45, 46, 47, 48, 49, 50, 51, 52, 53, 54, 55, 56, 57, 58, 59, 60, 61, 62, 63, 64, 65, 66, 67, 68, 69, 70, 71, 72, 73, 74]

--- Генерація вершинного покриття (зі списку суміжності) ---
Знайдене максимальне парування (M): {(31, 69), (30, 49), (46, 51), (21, 25), (38, 41), (3, 22), (20, 44), (16, 53), (23, 34), (17, 36), (19, 33), (37, 54), (47, 52), (7, 13), (32, 42), (8, 60), (18, 40), (4, 26), (28, 29), (39, 65), (35, 74), (45, 48), (6, 71), (64, 67), (27, 57), (5, 66), (43, 50), (14, 72), (0, 61), (1, 56), (2, 55), (10, 62), (9, 73), (15, 70), (11, 24), (63, 68), (12, 59)}
Згенероване вершинне покриття (C): [0, 1, 2, 3, 4, 5, 6, 7, 8, 9, 10, 11, 12, 13, 14, 15, 16, 17, 18, 19, 20, 21, 22, 23, 24, 25, 26, 27, 28, 29, 30, 31, 32, 33, 34, 35, 36, 37, 38, 39, 40, 41, 42, 43, 44, 45, 46, 47, 48, 49, 50, 51, 52, 53, 54, 55, 56, 57, 59, 60, 61, 62, 63, 64, 65, 66, 67, 68, 69, 70, 71, 72, 73, 74]

--- Генерація вершинного покриття (зі списку суміжності) ---
Знайдене максимальне парування (M): {(63, 74), (23, 68), (0, 42), (16, 26), (45, 62), (19, 52), (2, 54), (10, 55), (4, 24), (46, 57), (65, 70), (18, 53), (35, 72), (28, 36), (22, 56), (37, 48), (17, 39), (6, 14), (1, 30), (21, 73), (25, 34), (29, 69), (27, 61), (47, 67), (33, 50), (3, 15), (38, 43), (9, 71), (8, 44), (11, 49), (32, 41), (5, 20), (13, 64), (7, 51), (40, 60), (12, 59), (31, 66)}
Згенероване вершинне покриття (C): [0, 1, 2, 3, 4, 5, 6, 7, 8, 9, 10, 11, 12, 13, 14, 15, 16, 17, 18, 19, 20, 21, 22, 23, 24, 25, 26, 27, 28, 29, 30, 31, 32, 33, 34, 35, 36, 37, 38, 39, 40, 41, 42, 43, 44, 45, 46, 47, 48, 49, 50, 51, 52, 53, 54, 55, 56, 57, 59, 60, 61, 62, 63, 64, 65, 66, 67, 68, 69, 70, 71, 72, 73, 74]

--- Генерація вершинного покриття (зі списку суміжності) ---
Знайдене максимальне парування (M): {(4, 61), (14, 59), (19, 67), (52, 73), (2, 5), (20, 47), (48, 63), (18, 53), (25, 71), (13, 69), (39, 60), (34, 46), (31, 65), (54, 64), (36, 58), (37, 51), (3, 55), (43, 45), (11, 44), (38, 40), (32, 66), (41, 72), (26, 62), (35, 74), (21, 57), (16, 24), (42, 49), (30, 50), (8, 56), (28, 68), (12, 17), (23, 29), (22, 33), (0, 6), (15, 70), (1, 10), (9, 27)}
Згенероване вершинне покриття (C): [0, 1, 2, 3, 4, 5, 6, 8, 9, 10, 11, 12, 13, 14, 15, 16, 17, 18, 19, 20, 21, 22, 23, 24, 25, 26, 27, 28, 29, 30, 31, 32, 33, 34, 35, 36, 37, 38, 39, 40, 41, 42, 43, 44, 45, 46, 47, 48, 49, 50, 51, 52, 53, 54, 55, 56, 57, 58, 59, 60, 61, 62, 63, 64, 65, 66, 67, 68, 69, 70, 71, 72, 73, 74]

--- Генерація вершинного покриття (зі списку суміжності) ---
Знайдене максимальне парування (M): {(35, 36), (20, 23), (37, 73), (24, 51), (16, 41), (47, 74), (5, 10), (22, 29), (31, 44), (48, 54), (2, 66), (33, 72), (28, 42), (19, 39), (14, 61), (59, 69), (50, 60), (8, 11), (18, 49), (9, 68), (46, 65), (0, 71), (3, 45), (62, 70), (30, 38), (1, 32), (25, 27), (64, 67), (17, 56), (13, 34), (21, 26), (6, 40), (57, 58), (15, 55), (4, 43), (7, 63), (12, 53)}
Згенероване вершинне покриття (C): [0, 1, 2, 3, 4, 5, 6, 7, 8, 9, 10, 11, 12, 13, 14, 15, 16, 17, 18, 19, 20, 21, 22, 23, 24, 25, 26, 27, 28, 29, 30, 31, 32, 33, 34, 35, 36, 37, 38, 39, 40, 41, 42, 43, 44, 45, 46, 47, 48, 49, 50, 51, 53, 54, 55, 56, 57, 58, 59, 60, 61, 62, 63, 64, 65, 66, 67, 68, 69, 70, 71, 72, 73, 74]

--- Генерація вершинного покриття (зі списку суміжності) ---
Знайдене максимальне парування (M): {(41, 49), (25, 38), (30, 52), (50, 61), (42, 54), (5, 7), (28, 73), (16, 47), (22, 29), (17, 21), (18, 56), (15, 63), (9, 20), (24, 69), (14, 43), (2, 23), (31, 65), (39, 72), (45, 55), (8, 51), (11, 62), (10, 60), (40, 46), (3, 33), (35, 71), (6, 13), (1, 26), (0, 34), (36, 57), (27, 48), (64, 67), (37, 68), (58, 66), (4, 19), (70, 74), (32, 59), (12, 44)}
Згенероване вершинне покриття (C): [0, 1, 2, 3, 4, 5, 6, 7, 8, 9, 10, 11, 12, 13, 14, 15, 16, 17, 18, 19, 20, 21, 22, 23, 24, 25, 26, 27, 28, 29, 30, 31, 32, 33, 34, 35, 36, 37, 38, 39, 40, 41, 42, 43, 44, 45, 46, 47, 48, 49, 50, 51, 52, 54, 55, 56, 57, 58, 59, 60, 61, 62, 63, 64, 65, 66, 67, 68, 69, 70, 71, 72, 73, 74]

--- Генерація вершинного покриття (зі списку суміжності) ---
Знайдене максимальне парування (M): {(12, 71), (45, 65), (70, 73), (42, 60), (51, 68), (29, 41), (11, 69), (0, 8), (5, 40), (47, 49), (21, 67), (55, 62), (36, 61), (9, 50), (3, 58), (4, 66), (26, 35), (6, 44), (23, 27), (30, 72), (14, 33), (22, 34), (37, 38), (20, 52), (10, 32), (56, 57), (17, 53), (24, 46), (7, 39), (16, 48), (2, 64), (19, 25), (1, 13), (54, 59), (31, 63), (15, 18), (28, 43)}
Згенероване вершинне покриття (C): [0, 1, 2, 3, 4, 5, 6, 7, 8, 9, 10, 11, 12, 13, 14, 15, 16, 17, 18, 19, 20, 21, 22, 23, 24, 25, 26, 27, 28, 29, 30, 31, 32, 33, 34, 35, 36, 37, 38, 39, 40, 41, 42, 43, 44, 45, 46, 47, 48, 49, 50, 51, 52, 53, 54, 55, 56, 57, 58, 59, 60, 61, 62, 63, 64, 65, 66, 67, 68, 69, 70, 71, 72, 73]

--- Генерація вершинного покриття (зі списку суміжності) ---
Знайдене максимальне парування (M): {(64, 72), (12, 68), (18, 20), (41, 46), (24, 39), (35, 45), (8, 55), (47, 71), (16, 44), (5, 28), (4, 36), (1, 73), (34, 49), (2, 17), (56, 58), (10, 33), (30, 63), (0, 53), (13, 50), (22, 31), (48, 62), (25, 70), (21, 57), (7, 9), (19, 32), (14, 54), (52, 65), (26, 43), (60, 69), (51, 66), (29, 42), (61, 74), (37, 40), (3, 38), (15, 67), (11, 27), (23, 59)}
Згенероване вершинне покриття (C): [0, 1, 2, 3, 4, 5, 7, 8, 9, 10, 11, 12, 13, 14, 15, 16, 17, 18, 19, 20, 21, 22, 23, 24, 25, 26, 27, 28, 29, 30, 31, 32, 33, 34, 35, 36, 37, 38, 39, 40, 41, 42, 43, 44, 45, 46, 47, 48, 49, 50, 51, 52, 53, 54, 55, 56, 57, 58, 59, 60, 61, 62, 63, 64, 65, 66, 67, 68, 69, 70, 71, 72, 73, 74]

--- Генерація вершинного покриття (зі списку суміжності) ---
Знайдене максимальне парування (M): {(27, 47), (4, 64), (2, 51), (18, 41), (14, 22), (15, 57), (68, 72), (9, 35), (19, 33), (56, 58), (34, 55), (36, 46), (16, 31), (52, 54), (61, 66), (3, 70), (6, 59), (11, 28), (5, 42), (10, 26), (12, 69), (0, 43), (1, 38), (7, 30), (20, 21), (25, 45), (50, 62), (24, 49), (17, 65), (37, 74), (29, 39), (44, 67), (8, 13), (32, 71), (40, 63), (23, 53)}
Згенероване вершинне покриття (C): [0, 1, 2, 3, 4, 5, 6, 7, 8, 9, 10, 11, 12, 13, 14, 15, 16, 17, 18, 19, 20, 21, 22, 23, 24, 25, 26, 27, 28, 29, 30, 31, 32, 33, 34, 35, 36, 37, 38, 39, 40, 41, 42, 43, 44, 45, 46, 47, 49, 50, 51, 52, 53, 54, 55, 56, 57, 58, 59, 61, 62, 63, 64, 65, 66, 67, 68, 69, 70, 71, 72, 74]

--- Генерація вершинного покриття (зі списку суміжності) ---
Знайдене максимальне парування (M): {(9, 39), (15, 30), (37, 64), (56, 71), (32, 49), (27, 65), (35, 51), (33, 57), (18, 41), (5, 19), (42, 72), (16, 68), (17, 36), (26, 69), (3, 61), (25, 40), (58, 73), (7, 34), (10, 60), (0, 28), (55, 67), (6, 74), (1, 29), (8, 53), (12, 23), (13, 46), (4, 22), (43, 62), (48, 52), (31, 45), (11, 70), (21, 50), (38, 66), (14, 44), (20, 63), (2, 24)}
Згенероване вершинне покриття (C): [0, 1, 2, 3, 4, 5, 6, 7, 8, 9, 10, 11, 12, 13, 14, 15, 16, 17, 18, 19, 20, 21, 22, 23, 24, 25, 26, 27, 28, 29, 30, 31, 32, 33, 34, 35, 36, 37, 38, 39, 40, 41, 42, 43, 44, 45, 46, 48, 49, 50, 51, 52, 53, 55, 56, 57, 58, 60, 61, 62, 63, 64, 65, 66, 67, 68, 69, 70, 71, 72, 73, 74]

--- Генерація вершинного покриття (зі списку суміжності) ---
Знайдене максимальне парування (M): {(4, 49), (47, 59), (22, 72), (27, 65), (19, 55), (37, 70), (12, 31), (0, 63), (54, 58), (28, 48), (8, 45), (13, 50), (29, 40), (23, 30), (24, 56), (6, 38), (2, 7), (46, 68), (25, 73), (17, 32), (14, 39), (1, 35), (3, 5), (9, 61), (16, 42), (36, 69), (10, 62), (26, 52), (21, 41), (43, 71), (34, 44), (18, 51), (15, 67), (20, 57), (11, 33), (53, 60)}
Згенероване вершинне покриття (C): [0, 1, 2, 3, 4, 5, 6, 7, 8, 9, 10, 11, 12, 13, 14, 15, 16, 17, 18, 19, 20, 21, 22, 23, 24, 25, 26, 27, 28, 29, 30, 31, 32, 33, 34, 35, 36, 37, 38, 39, 40, 41, 42, 43, 44, 45, 46, 47, 48, 49, 50, 51, 52, 53, 54, 55, 56, 57, 58, 59, 60, 61, 62, 63, 65, 67, 68, 69, 70, 71, 72, 73]

--- Генерація вершинного покриття (зі списку суміжності) ---
Знайдене максимальне парування (M): {(37, 64), (19, 55), (33, 54), (7, 50), (17, 30), (34, 40), (39, 60), (16, 56), (10, 15), (0, 20), (24, 72), (14, 43), (53, 65), (3, 52), (11, 35), (59, 63), (12, 67), (27, 73), (6, 47), (32, 69), (38, 58), (46, 71), (1, 8), (45, 66), (13, 31), (4, 62), (61, 68), (51, 57), (70, 74), (18, 42), (21, 29), (2, 9), (23, 41), (36, 44), (22, 48), (25, 26), (28, 49)}
Згенероване вершинне покриття (C): [0, 1, 2, 3, 4, 6, 7, 8, 9, 10, 11, 12, 13, 14, 15, 16, 17, 18, 19, 20, 21, 22, 23, 24, 25, 26, 27, 28, 29, 30, 31, 32, 33, 34, 35, 36, 37, 38, 39, 40, 41, 42, 43, 44, 45, 46, 47, 48, 49, 50, 51, 52, 53, 54, 55, 56, 57, 58, 59, 60, 61, 62, 63, 64, 65, 66, 67, 68, 69, 70, 71, 72, 73, 74]

--- Генерація вершинного покриття (зі списку суміжності) ---
Знайдене максимальне парування (M): {(34, 56), (44, 45), (15, 27), (70, 73), (31, 32), (10, 28), (30, 64), (0, 57), (51, 65), (29, 53), (36, 40), (4, 39), (5, 46), (49, 69), (20, 74), (37, 63), (11, 50), (42, 62), (24, 59), (9, 68), (1, 2), (19, 23), (13, 71), (18, 58), (17, 47), (33, 43), (3, 72), (21, 38), (12, 35), (48, 52), (8, 16), (66, 67), (6, 55), (7, 60), (14, 41), (22, 54), (25, 26)}
Згенероване вершинне покриття (C): [0, 1, 2, 3, 4, 5, 6, 7, 8, 9, 10, 11, 12, 13, 14, 15, 16, 17, 18, 19, 20, 21, 22, 23, 24, 25, 26, 27, 28, 29, 30, 31, 32, 33, 34, 35, 36, 37, 38, 39, 40, 41, 42, 43, 44, 45, 46, 47, 48, 49, 50, 51, 52, 53, 54, 55, 56, 57, 58, 59, 60, 62, 63, 64, 65, 66, 67, 68, 69, 70, 71, 72, 73, 74]

--- Генерація вершинного покриття (зі списку суміжності) ---
Знайдене максимальне парування (M): {(12, 74), (42, 57), (59, 67), (22, 23), (6, 48), (2, 5), (28, 30), (39, 60), (9, 35), (7, 65), (11, 29), (18, 71), (15, 17), (34, 73), (4, 69), (14, 33), (46, 68), (53, 58), (37, 47), (27, 51), (55, 64), (32, 38), (26, 31), (45, 72), (20, 24), (43, 56), (0, 61), (52, 62), (44, 70), (21, 41), (25, 66), (40, 54), (49, 63), (10, 16), (8, 19), (1, 13), (36, 50)}
Згенероване вершинне покриття (C): [0, 1, 2, 4, 5, 6, 7, 8, 9, 10, 11, 12, 13, 14, 15, 16, 17, 18, 19, 20, 21, 22, 23, 24, 25, 26, 27, 28, 29, 30, 31, 32, 33, 34, 35, 36, 37, 38, 39, 40, 41, 42, 43, 44, 45, 46, 47, 48, 49, 50, 51, 52, 53, 54, 55, 56, 57, 58, 59, 60, 61, 62, 63, 64, 65, 66, 67, 68, 69, 70, 71, 72, 73, 74]

--- Генерація вершинного покриття (зі списку суміжності) ---
Знайдене максимальне парування (M): {(36, 56), (22, 63), (1, 31), (34, 71), (52, 55), (3, 16), (42, 66), (29, 47), (13, 69), (23, 43), (28, 33), (19, 24), (40, 62), (54, 58), (4, 51), (17, 57), (32, 45), (9, 53), (26, 38), (37, 72), (15, 41), (12, 30), (5, 18), (10, 14), (21, 48), (6, 7), (11, 25), (44, 49), (59, 74), (0, 61), (8, 65), (46, 64), (68, 70), (2, 73), (27, 35), (39, 67), (20, 60)}
Згенероване вершинне покриття (C): [0, 1, 2, 3, 4, 5, 6, 7, 8, 9, 10, 11, 12, 13, 14, 15, 16, 17, 18, 19, 20, 21, 22, 23, 24, 25, 26, 27, 28, 29, 30, 31, 32, 33, 34, 35, 36, 37, 38, 39, 40, 41, 42, 43, 44, 45, 46, 47, 48, 49, 51, 52, 53, 54, 55, 56, 57, 58, 59, 60, 61, 62, 63, 64, 65, 66, 67, 68, 69, 70, 71, 72, 73, 74]

--- Генерація вершинного покриття (зі списку суміжності) ---
Знайдене максимальне парування (M): {(25, 38), (43, 49), (4, 73), (33, 54), (5, 68), (12, 28), (18, 44), (2, 66), (19, 24), (11, 41), (51, 55), (56, 67), (15, 47), (46, 59), (9, 74), (32, 69), (34, 42), (10, 72), (13, 71), (48, 62), (3, 36), (31, 64), (0, 40), (7, 21), (14, 60), (20, 30), (22, 27), (1, 50), (23, 26), (29, 45), (35, 61), (16, 57), (39, 58), (17, 37), (6, 70), (53, 63)}
Згенероване вершинне покриття (C): [0, 1, 2, 3, 4, 5, 6, 7, 9, 10, 11, 12, 13, 14, 15, 16, 17, 18, 19, 20, 21, 22, 23, 24, 25, 26, 27, 28, 29, 30, 31, 32, 33, 34, 35, 36, 37, 38, 39, 40, 41, 42, 43, 44, 45, 46, 47, 48, 49, 50, 51, 53, 54, 55, 56, 57, 58, 59, 60, 61, 62, 63, 64, 66, 67, 68, 69, 70, 71, 72, 73, 74]

--- Генерація вершинного покриття (зі списку суміжності) ---
Знайдене максимальне парування (M): {(30, 49), (28, 64), (60, 62), (58, 71), (16, 41), (11, 51), (24, 54), (19, 67), (40, 47), (20, 38), (14, 34), (15, 66), (27, 31), (2, 17), (22, 56), (12, 55), (23, 61), (21, 73), (45, 70), (42, 50), (10, 63), (18, 46), (7, 52), (26, 59), (3, 33), (6, 68), (32, 35), (39, 74), (13, 37), (43, 53), (5, 69), (0, 9), (1, 65), (29, 48), (36, 44), (8, 25)}
Згенероване вершинне покриття (C): [0, 1, 2, 3, 5, 6, 7, 8, 9, 10, 11, 12, 13, 14, 15, 16, 17, 18, 19, 20, 21, 22, 23, 24, 25, 26, 27, 28, 29, 30, 31, 32, 33, 34, 35, 36, 37, 38, 39, 40, 41, 42, 43, 44, 45, 46, 47, 48, 49, 50, 51, 52, 53, 54, 55, 56, 58, 59, 60, 61, 62, 63, 64, 65, 66, 67, 68, 69, 70, 71, 73, 74]

--- Генерація вершинного покриття (зі списку суміжності) ---
Знайдене максимальне парування (M): {(24, 30), (37, 61), (53, 69), (34, 65), (58, 68), (52, 55), (6, 33), (51, 62), (0, 60), (41, 73), (35, 66), (25, 71), (18, 59), (1, 67), (13, 14), (2, 23), (7, 10), (26, 32), (42, 56), (4, 63), (20, 28), (29, 40), (16, 46), (15, 50), (19, 72), (11, 74), (21, 54), (27, 36), (47, 48), (5, 45), (64, 70), (31, 39), (12, 38), (49, 57), (8, 22), (3, 44), (17, 43)}
Згенероване вершинне покриття (C): [0, 1, 2, 3, 4, 5, 6, 7, 8, 10, 11, 12, 13, 14, 15, 16, 17, 18, 19, 20, 21, 22, 23, 24, 25, 26, 27, 28, 29, 30, 31, 32, 33, 34, 35, 36, 37, 38, 39, 40, 41, 42, 43, 44, 45, 46, 47, 48, 49, 50, 51, 52, 53, 54, 55, 56, 57, 58, 59, 60, 61, 62, 63, 64, 65, 66, 67, 68, 69, 70, 71, 72, 73, 74]

--- Генерація вершинного покриття (зі списку суміжності) ---
Знайдене максимальне парування (M): {(7, 20), (2, 42), (45, 71), (32, 43), (34, 74), (13, 54), (3, 19), (17, 70), (8, 67), (0, 69), (31, 56), (6, 60), (9, 41), (5, 46), (23, 73), (27, 61), (21, 30), (4, 72), (14, 18), (35, 47), (29, 37), (57, 59), (65, 66), (40, 58), (15, 16), (36, 51), (11, 25), (24, 28), (44, 49), (22, 33), (48, 52), (38, 63), (26, 64), (1, 10), (39, 55), (12, 53)}
Згенероване вершинне покриття (C): [0, 1, 2, 3, 4, 5, 6, 7, 8, 9, 10, 11, 12, 13, 14, 15, 16, 17, 18, 19, 20, 21, 22, 23, 24, 25, 26, 27, 28, 29, 30, 31, 32, 33, 34, 35, 36, 37, 38, 39, 40, 41, 42, 43, 44, 45, 46, 47, 48, 49, 51, 52, 53, 54, 55, 56, 57, 58, 59, 60, 61, 63, 64, 65, 66, 67, 69, 70, 71, 72, 73, 74]

--- Генерація вершинного покриття (зі списку суміжності) ---
Знайдене максимальне парування (M): {(0, 39), (31, 72), (18, 29), (10, 46), (11, 60), (8, 70), (49, 53), (5, 37), (48, 66), (38, 74), (7, 71), (2, 26), (50, 51), (45, 55), (13, 35), (3, 64), (12, 15), (44, 56), (40, 43), (23, 36), (17, 20), (22, 52), (24, 25), (28, 47), (14, 54), (4, 59), (19, 62), (33, 61), (42, 67), (32, 68), (21, 41), (6, 58), (57, 73), (1, 16), (9, 27), (63, 65), (30, 34)}
Згенероване вершинне покриття (C): [0, 1, 2, 3, 4, 5, 6, 7, 8, 9, 10, 11, 12, 13, 14, 15, 16, 17, 18, 19, 20, 21, 22, 23, 24, 25, 26, 27, 28, 29, 30, 31, 32, 33, 34, 35, 36, 37, 38, 39, 40, 41, 42, 43, 44, 45, 46, 47, 48, 49, 50, 51, 52, 53, 54, 55, 56, 57, 58, 59, 60, 61, 62, 63, 64, 65, 66, 67, 68, 70, 71, 72, 73, 74]

--- Генерація вершинного покриття (зі списку суміжності) ---
Знайдене максимальне парування (M): {(27, 47), (19, 43), (60, 62), (7, 32), (40, 44), (5, 16), (1, 6), (12, 52), (3, 49), (14, 46), (31, 71), (41, 48), (9, 59), (36, 67), (21, 30), (35, 53), (10, 69), (39, 50), (8, 26), (20, 58), (54, 57), (29, 64), (24, 25), (23, 63), (11, 34), (28, 56), (0, 37), (17, 68), (33, 55), (38, 45), (4, 22), (51, 72), (42, 73), (66, 70), (65, 74), (2, 18), (13, 15)}
Згенероване вершинне покриття (C): [0, 1, 2, 3, 4, 5, 6, 7, 8, 9, 10, 11, 12, 13, 14, 15, 16, 17, 18, 19, 20, 21, 22, 23, 24, 25, 26, 27, 28, 29, 30, 31, 32, 33, 34, 35, 36, 37, 38, 39, 40, 41, 42, 43, 44, 45, 46, 47, 48, 49, 50, 51, 52, 53, 54, 55, 56, 57, 58, 59, 60, 62, 63, 64, 65, 66, 67, 68, 69, 70, 71, 72, 73, 74]

--- Генерація вершинного покриття (зі списку суміжності) ---
Знайдене максимальне парування (M): {(17, 52), (37, 64), (15, 39), (14, 71), (30, 61), (60, 62), (22, 23), (33, 57), (24, 54), (6, 36), (48, 51), (4, 18), (40, 53), (49, 74), (7, 19), (59, 63), (2, 32), (67, 73), (26, 38), (8, 69), (0, 68), (16, 55), (21, 45), (9, 31), (10, 20), (27, 42), (11, 25), (34, 66), (28, 56), (3, 72), (13, 46), (1, 50), (35, 58), (43, 65), (44, 70), (12, 47), (5, 41)}
Згенероване вершинне покриття (C): [0, 1, 2, 3, 4, 5, 6, 7, 8, 9, 10, 11, 12, 13, 14, 15, 16, 17, 18, 19, 20, 21, 22, 23, 24, 25, 26, 27, 28, 30, 31, 32, 33, 34, 35, 36, 37, 38, 39, 40, 41, 42, 43, 44, 45, 46, 47, 48, 49, 50, 51, 52, 53, 54, 55, 56, 57, 58, 59, 60, 61, 62, 63, 64, 65, 66, 67, 68, 69, 70, 71, 72, 73, 74]

--- Генерація вершинного покриття (зі списку суміжності) ---
Знайдене максимальне парування (M): {(18, 72), (8, 43), (56, 62), (58, 59), (12, 16), (44, 51), (11, 48), (22, 32), (29, 47), (0, 63), (5, 25), (23, 37), (57, 66), (19, 27), (28, 36), (21, 61), (7, 71), (40, 65), (10, 39), (41, 42), (3, 55), (33, 38), (45, 67), (17, 60), (13, 53), (52, 69), (1, 2), (4, 35), (14, 54), (20, 70), (9, 46), (24, 34), (50, 74), (6, 49), (26, 64), (68, 73), (30, 31)}
Згенероване вершинне покриття (C): [0, 1, 2, 3, 4, 5, 6, 7, 8, 9, 10, 11, 12, 13, 14, 16, 17, 18, 19, 20, 21, 22, 23, 24, 25, 26, 27, 28, 29, 30, 31, 32, 33, 34, 35, 36, 37, 38, 39, 40, 41, 42, 43, 44, 45, 46, 47, 48, 49, 50, 51, 52, 53, 54, 55, 56, 57, 58, 59, 60, 61, 62, 63, 64, 65, 66, 67, 68, 69, 70, 71, 72, 73, 74]

--- Генерація вершинного покриття (зі списку суміжності) ---
Знайдене максимальне парування (M): {(1, 28), (17, 52), (36, 59), (32, 40), (6, 21), (35, 42), (58, 68), (24, 57), (15, 54), (18, 56), (13, 14), (2, 72), (29, 62), (27, 34), (39, 66), (7, 65), (71, 74), (5, 55), (45, 73), (12, 70), (3, 67), (4, 11), (30, 60), (26, 41), (31, 37), (49, 61), (0, 16), (20, 46), (10, 23), (47, 51), (43, 44), (8, 50), (38, 69), (19, 25), (48, 64), (9, 33), (53, 63)}
Згенероване вершинне покриття (C): [0, 1, 2, 3, 4, 5, 6, 7, 8, 9, 10, 11, 12, 13, 14, 15, 16, 17, 18, 19, 20, 21, 23, 24, 25, 26, 27, 28, 29, 30, 31, 32, 33, 34, 35, 36, 37, 38, 39, 40, 41, 42, 43, 44, 45, 46, 47, 48, 49, 50, 51, 52, 53, 54, 55, 56, 57, 58, 59, 60, 61, 62, 63, 64, 65, 66, 67, 68, 69, 70, 71, 72, 73, 74]

--- Генерація вершинного покриття (зі списку суміжності) ---
Знайдене максимальне парування (M): {(34, 68), (1, 46), (9, 57), (10, 52), (3, 16), (28, 67), (17, 70), (7, 41), (35, 60), (2, 14), (48, 69), (13, 20), (27, 58), (42, 44), (47, 64), (32, 51), (19, 72), (12, 36), (31, 49), (45, 53), (6, 59), (8, 29), (37, 56), (62, 73), (25, 30), (5, 63), (4, 65), (50, 71), (24, 61), (39, 43), (26, 55), (23, 38), (0, 21), (40, 66), (22, 54), (15, 18), (11, 33)}
Згенероване вершинне покриття (C): [0, 1, 2, 3, 4, 5, 6, 7, 8, 9, 10, 11, 12, 13, 14, 15, 16, 17, 18, 19, 20, 21, 22, 23, 24, 25, 26, 27, 28, 29, 30, 31, 32, 33, 34, 35, 36, 37, 38, 39, 40, 41, 42, 43, 44, 45, 46, 47, 48, 49, 50, 51, 52, 53, 54, 55, 56, 57, 58, 59, 60, 61, 62, 63, 64, 65, 66, 67, 68, 69, 70, 71, 72, 73]

--- Генерація вершинного покриття (зі списку суміжності) ---
Знайдене максимальне парування (M): {(64, 66), (31, 72), (26, 27), (19, 61), (32, 55), (3, 50), (2, 5), (12, 40), (30, 39), (29, 74), (14, 58), (17, 57), (45, 73), (16, 34), (38, 43), (48, 53), (0, 68), (10, 60), (18, 46), (24, 62), (15, 59), (65, 69), (23, 54), (47, 51), (4, 44), (13, 22), (20, 70), (36, 63), (25, 42), (41, 56), (11, 52), (7, 33), (35, 49), (8, 71), (9, 21), (28, 37), (6, 67)}
Згенероване вершинне покриття (C): [0, 2, 3, 4, 5, 6, 7, 8, 9, 10, 11, 12, 13, 14, 15, 16, 17, 18, 19, 20, 21, 22, 23, 24, 25, 26, 27, 28, 29, 30, 31, 32, 33, 34, 35, 36, 37, 38, 39, 40, 41, 42, 43, 44, 45, 46, 47, 48, 49, 50, 51, 52, 53, 54, 55, 56, 57, 58, 59, 60, 61, 62, 63, 64, 65, 66, 67, 68, 69, 70, 71, 72, 73, 74]

--- Генерація вершинного покриття (зі списку суміжності) ---
Знайдене максимальне парування (M): {(41, 46), (4, 67), (17, 64), (26, 36), (69, 71), (33, 51), (11, 66), (8, 73), (38, 44), (48, 54), (40, 53), (20, 56), (35, 72), (9, 29), (12, 61), (25, 31), (7, 49), (57, 59), (21, 42), (3, 27), (22, 43), (39, 65), (14, 45), (23, 63), (34, 60), (16, 24), (55, 70), (37, 62), (19, 50), (15, 52), (32, 68), (2, 58), (30, 74), (1, 13), (0, 18), (10, 28), (5, 47)}
Згенероване вершинне покриття (C): [0, 1, 2, 3, 4, 5, 7, 8, 9, 10, 11, 12, 13, 14, 15, 16, 17, 18, 19, 20, 21, 22, 23, 24, 25, 26, 27, 28, 29, 30, 31, 32, 33, 34, 35, 36, 37, 38, 39, 40, 41, 42, 43, 44, 45, 46, 47, 48, 49, 50, 51, 52, 53, 54, 55, 56, 57, 58, 59, 60, 61, 62, 63, 64, 65, 66, 67, 68, 69, 70, 71, 72, 73, 74]

--- Генерація вершинного покриття (зі списку суміжності) ---
Знайдене максимальне парування (M): {(4, 61), (26, 27), (10, 49), (12, 74), (52, 55), (32, 58), (28, 67), (8, 64), (44, 63), (60, 71), (16, 41), (11, 14), (39, 54), (53, 56), (2, 72), (5, 34), (36, 46), (3, 9), (30, 57), (19, 66), (51, 70), (7, 43), (48, 62), (17, 35), (38, 73), (0, 40), (1, 29), (59, 68), (15, 37), (6, 22), (20, 24), (18, 42), (31, 33), (25, 69), (23, 47), (45, 50), (13, 21)}
Згенероване вершинне покриття (C): [0, 1, 2, 3, 4, 5, 6, 7, 8, 9, 10, 11, 12, 13, 14, 15, 16, 17, 18, 19, 20, 21, 22, 23, 24, 25, 26, 27, 28, 29, 30, 31, 32, 33, 34, 35, 36, 37, 38, 39, 40, 41, 42, 43, 44, 45, 46, 47, 48, 49, 50, 51, 52, 53, 54, 55, 56, 57, 58, 59, 60, 61, 62, 63, 64, 66, 67, 68, 69, 70, 71, 72, 73, 74]

--- Генерація вершинного покриття (зі списку суміжності) ---
Знайдене максимальне парування (M): {(27, 47), (40, 72), (20, 69), (19, 61), (5, 13), (35, 48), (17, 70), (10, 64), (52, 73), (23, 34), (22, 38), (15, 63), (54, 55), (3, 43), (53, 59), (28, 45), (1, 24), (4, 60), (7, 25), (2, 50), (30, 66), (9, 74), (36, 39), (68, 71), (18, 58), (21, 51), (62, 67), (44, 49), (26, 37), (32, 41), (16, 42), (29, 33), (0, 6), (11, 12), (31, 57), (14, 56)}
Згенероване вершинне покриття (C): [0, 1, 2, 3, 4, 5, 6, 7, 9, 10, 11, 12, 13, 14, 15, 16, 17, 18, 19, 20, 21, 22, 23, 24, 25, 26, 27, 28, 29, 30, 31, 32, 33, 34, 35, 36, 37, 38, 39, 40, 41, 42, 43, 44, 45, 47, 48, 49, 50, 51, 52, 53, 54, 55, 56, 57, 58, 59, 60, 61, 62, 63, 64, 66, 67, 68, 69, 70, 71, 72, 73, 74]

--- Генерація вершинного покриття (зі списку суміжності) ---
Знайдене максимальне парування (M): {(30, 46), (4, 9), (47, 68), (17, 58), (11, 54), (67, 74), (60, 62), (33, 48), (29, 32), (0, 2), (14, 25), (1, 61), (49, 59), (26, 57), (43, 73), (5, 31), (22, 41), (53, 65), (13, 38), (27, 70), (3, 15), (24, 50), (7, 55), (35, 71), (37, 44), (16, 21), (36, 66), (19, 56), (69, 72), (51, 63), (18, 39), (8, 10), (20, 42), (40, 45), (28, 34), (6, 64)}
Згенероване вершинне покриття (C): [0, 1, 2, 3, 4, 5, 6, 7, 8, 9, 10, 11, 13, 14, 15, 16, 17, 18, 19, 20, 21, 22, 24, 25, 26, 27, 28, 29, 30, 31, 32, 33, 34, 35, 36, 37, 38, 39, 40, 41, 42, 43, 44, 45, 46, 47, 48, 49, 50, 51, 53, 54, 55, 56, 57, 58, 59, 60, 61, 62, 63, 64, 65, 66, 67, 68, 69, 70, 71, 72, 73, 74]

--- Генерація вершинного покриття (зі списку суміжності) ---
Знайдене максимальне парування (M): {(23, 68), (15, 27), (50, 70), (29, 32), (51, 62), (60, 71), (1, 6), (39, 54), (7, 53), (11, 20), (5, 34), (8, 42), (45, 67), (33, 47), (14, 64), (37, 66), (18, 22), (41, 63), (28, 69), (16, 52), (31, 40), (2, 4), (0, 10), (24, 65), (9, 25), (46, 74), (13, 19), (36, 48), (43, 44), (17, 59), (30, 56), (55, 73), (21, 35), (57, 61), (26, 58), (3, 38), (49, 72)}
Згенероване вершинне покриття (C): [0, 1, 2, 3, 4, 5, 6, 7, 8, 9, 10, 11, 13, 14, 15, 16, 17, 18, 19, 20, 21, 22, 23, 24, 25, 26, 27, 28, 29, 30, 31, 32, 33, 34, 35, 36, 37, 38, 39, 40, 41, 42, 43, 44, 45, 46, 47, 48, 49, 50, 51, 52, 53, 54, 55, 56, 57, 58, 59, 60, 61, 62, 63, 64, 65, 66, 67, 68, 69, 70, 71, 72, 73, 74]

--- Генерація вершинного покриття (зі списку суміжності) ---
Знайдене максимальне парування (M): {(29, 72), (12, 68), (37, 67), (14, 71), (2, 45), (18, 44), (32, 64), (15, 57), (34, 40), (48, 63), (8, 30), (0, 35), (16, 22), (5, 55), (11, 47), (27, 61), (59, 60), (25, 43), (3, 6), (58, 70), (46, 56), (9, 13), (36, 39), (66, 74), (49, 73), (1, 26), (21, 69), (41, 53), (38, 42), (20, 33), (19, 65), (17, 28), (7, 51), (23, 50), (4, 52), (54, 62), (10, 31)}
Згенероване вершинне покриття (C): [0, 1, 2, 3, 4, 5, 6, 7, 8, 9, 10, 11, 12, 13, 14, 15, 16, 17, 18, 19, 20, 21, 22, 23, 25, 26, 27, 28, 29, 30, 31, 32, 33, 34, 35, 36, 37, 38, 39, 40, 41, 42, 43, 44, 45, 46, 47, 48, 49, 50, 51, 52, 53, 54, 55, 56, 57, 58, 59, 60, 61, 62, 63, 64, 65, 66, 67, 68, 69, 70, 71, 72, 73, 74]

--- Генерація вершинного покриття (зі списку суміжності) ---
Знайдене максимальне парування (M): {(54, 74), (3, 62), (13, 45), (58, 71), (25, 59), (40, 41), (43, 64), (42, 72), (48, 60), (22, 47), (27, 37), (9, 35), (10, 33), (4, 57), (6, 32), (11, 50), (2, 56), (23, 30), (38, 52), (24, 68), (28, 29), (14, 36), (16, 21), (8, 44), (55, 73), (26, 34), (0, 49), (61, 65), (12, 20), (39, 46), (1, 53), (17, 19), (18, 51), (15, 70), (31, 63), (7, 69)}
Згенероване вершинне покриття (C): [0, 1, 2, 3, 4, 6, 7, 8, 9, 10, 11, 12, 13, 14, 15, 16, 17, 18, 19, 20, 21, 22, 23, 24, 25, 26, 27, 28, 29, 30, 31, 32, 33, 34, 35, 36, 37, 38, 39, 40, 41, 42, 43, 44, 45, 46, 47, 48, 49, 50, 51, 52, 53, 54, 55, 56, 57, 58, 59, 60, 61, 62, 63, 64, 65, 68, 69, 70, 71, 72, 73, 74]

--- Генерація вершинного покриття (зі списку суміжності) ---
Знайдене максимальне парування (M): {(36, 56), (47, 59), (41, 43), (10, 49), (0, 48), (50, 64), (52, 61), (14, 74), (11, 57), (9, 17), (24, 66), (4, 45), (18, 68), (25, 28), (34, 58), (13, 32), (27, 55), (26, 38), (69, 73), (21, 42), (12, 33), (44, 65), (35, 62), (20, 46), (5, 39), (1, 72), (2, 19), (23, 51), (29, 67), (3, 54), (6, 16), (7, 70), (15, 31), (8, 71), (40, 60), (30, 37), (53, 63)}
Згенероване вершинне покриття (C): [0, 1, 2, 3, 4, 5, 6, 7, 8, 9, 10, 11, 12, 13, 14, 15, 16, 17, 18, 19, 20, 21, 23, 24, 25, 26, 27, 28, 29, 30, 31, 32, 33, 34, 35, 36, 37, 38, 39, 40, 41, 42, 43, 44, 45, 46, 47, 48, 49, 50, 51, 52, 53, 54, 55, 56, 57, 58, 59, 60, 61, 62, 63, 64, 65, 66, 67, 68, 69, 70, 71, 72, 73, 74]

--- Генерація вершинного покриття (зі списку суміжності) ---
Знайдене максимальне парування (M): {(2, 27), (24, 33), (7, 23), (42, 54), (12, 13), (29, 32), (10, 73), (34, 40), (0, 72), (38, 68), (49, 65), (28, 45), (36, 46), (5, 61), (4, 63), (3, 67), (44, 50), (6, 35), (31, 37), (9, 71), (43, 69), (11, 19), (39, 62), (22, 52), (55, 58), (26, 74), (20, 64), (17, 56), (41, 47), (25, 30), (18, 21), (14, 66), (8, 59), (51, 57), (16, 48), (15, 70), (53, 60)}
Згенероване вершинне покриття (C): [0, 2, 3, 4, 5, 6, 7, 8, 9, 10, 11, 12, 13, 14, 15, 16, 17, 18, 19, 20, 21, 22, 23, 24, 25, 26, 27, 28, 29, 30, 31, 32, 33, 34, 35, 36, 37, 38, 39, 40, 41, 42, 43, 44, 45, 46, 47, 48, 49, 50, 51, 52, 53, 54, 55, 56, 57, 58, 59, 60, 61, 62, 63, 64, 65, 66, 67, 68, 69, 70, 71, 72, 73, 74]

--- Генерація вершинного покриття (зі списку суміжності) ---
Знайдене максимальне парування (M): {(40, 72), (36, 53), (3, 4), (8, 58), (23, 28), (51, 62), (19, 67), (10, 70), (5, 22), (31, 50), (16, 71), (30, 33), (29, 65), (64, 68), (17, 48), (1, 42), (15, 44), (0, 59), (32, 63), (25, 55), (18, 49), (39, 47), (38, 61), (43, 69), (12, 45), (37, 41), (26, 74), (56, 57), (13, 34), (27, 66), (2, 46), (9, 21), (14, 35), (20, 54), (11, 24), (6, 73)}
Згенероване вершинне покриття (C): [0, 1, 2, 3, 4, 5, 6, 8, 9, 10, 11, 12, 13, 14, 15, 16, 17, 18, 19, 20, 21, 22, 23, 24, 25, 26, 27, 28, 29, 30, 31, 32, 33, 34, 35, 36, 37, 38, 39, 40, 41, 42, 43, 44, 45, 46, 47, 48, 49, 50, 51, 53, 54, 55, 56, 57, 58, 59, 61, 62, 63, 64, 65, 66, 67, 68, 69, 70, 71, 72, 73, 74]

--- Генерація вершинного покриття (зі списку суміжності) ---
Знайдене максимальне парування (M): {(1, 40), (28, 64), (44, 54), (5, 65), (15, 45), (52, 70), (38, 59), (16, 62), (8, 24), (25, 74), (4, 42), (27, 43), (11, 32), (6, 67), (9, 53), (41, 63), (3, 21), (50, 72), (10, 66), (29, 49), (48, 56), (57, 68), (23, 39), (7, 58), (2, 19), (37, 47), (22, 55), (34, 60), (31, 73), (13, 46), (12, 20), (18, 36), (30, 71), (51, 69), (26, 61), (14, 35), (0, 33)}
Згенероване вершинне покриття (C): [0, 1, 2, 3, 4, 5, 6, 7, 8, 9, 10, 11, 12, 13, 14, 15, 16, 18, 19, 20, 21, 22, 23, 24, 25, 26, 27, 28, 29, 30, 31, 32, 33, 34, 35, 36, 37, 38, 39, 40, 41, 42, 43, 44, 45, 46, 47, 48, 49, 50, 51, 52, 53, 54, 55, 56, 57, 58, 59, 60, 61, 62, 63, 64, 65, 66, 67, 68, 69, 70, 71, 72, 73, 74]

--- Генерація вершинного покриття (зі списку суміжності) ---
Знайдене максимальне парування (M): {(19, 43), (28, 58), (11, 54), (17, 64), (26, 42), (24, 45), (29, 56), (0, 72), (39, 57), (62, 68), (71, 74), (3, 61), (1, 33), (13, 38), (35, 44), (23, 27), (5, 15), (25, 67), (34, 51), (49, 73), (63, 66), (22, 55), (16, 18), (36, 60), (10, 41), (37, 65), (8, 59), (7, 69), (12, 20), (32, 53), (6, 40), (9, 21), (46, 70), (31, 48), (4, 52), (14, 50), (2, 30)}
Згенероване вершинне покриття (C): [0, 1, 2, 3, 4, 5, 6, 7, 8, 9, 10, 11, 12, 13, 14, 15, 16, 17, 18, 19, 20, 21, 22, 23, 24, 25, 26, 27, 28, 29, 30, 31, 32, 33, 34, 35, 36, 37, 38, 39, 40, 41, 42, 43, 44, 45, 46, 48, 49, 50, 51, 52, 53, 54, 55, 56, 57, 58, 59, 60, 61, 62, 63, 64, 65, 66, 67, 68, 69, 70, 71, 72, 73, 74]

--- Генерація вершинного покриття (зі списку суміжності) ---
Знайдене максимальне парування (M): {(53, 66), (16, 26), (14, 65), (27, 68), (29, 38), (6, 45), (40, 47), (17, 24), (9, 20), (13, 69), (1, 73), (4, 39), (10, 33), (37, 51), (2, 35), (5, 55), (41, 48), (28, 72), (44, 62), (25, 58), (18, 46), (8, 23), (3, 54), (64, 70), (42, 43), (7, 21), (22, 67), (52, 56), (59, 71), (15, 34), (0, 61), (19, 74), (12, 32), (49, 57), (11, 30), (31, 60), (36, 50)}
Згенероване вершинне покриття (C): [0, 1, 2, 3, 4, 5, 6, 7, 8, 9, 10, 11, 12, 13, 14, 15, 16, 17, 18, 19, 20, 21, 22, 23, 24, 25, 26, 27, 28, 29, 30, 31, 32, 33, 34, 35, 36, 37, 38, 39, 40, 41, 42, 43, 44, 45, 46, 47, 48, 49, 50, 51, 52, 53, 54, 55, 56, 57, 58, 59, 60, 61, 62, 64, 65, 66, 67, 68, 69, 70, 71, 72, 73, 74]

--- Генерація вершинного покриття (зі списку суміжності) ---
Знайдене максимальне парування (M): {(12, 65), (50, 70), (18, 38), (58, 74), (43, 61), (2, 54), (4, 24), (14, 28), (29, 47), (57, 72), (45, 49), (19, 30), (7, 62), (0, 26), (31, 56), (10, 33), (32, 51), (11, 59), (1, 48), (17, 69), (3, 21), (35, 68), (13, 71), (5, 27), (37, 41), (20, 55), (9, 34), (40, 67), (15, 22), (36, 63), (6, 25), (53, 73), (60, 66), (46, 52), (8, 16), (23, 44), (39, 64)}
Згенероване вершинне покриття (C): [0, 1, 2, 3, 4, 5, 6, 7, 8, 9, 10, 11, 12, 13, 14, 15, 16, 17, 18, 19, 20, 21, 22, 23, 24, 25, 26, 27, 28, 29, 30, 31, 32, 33, 34, 35, 36, 37, 38, 39, 40, 41, 43, 44, 45, 46, 47, 48, 49, 50, 51, 52, 53, 54, 55, 56, 57, 58, 59, 60, 61, 62, 63, 64, 65, 66, 67, 68, 69, 70, 71, 72, 73, 74]

--- Генерація вершинного покриття (зі списку суміжності) ---
Знайдене максимальне парування (M): {(20, 69), (8, 49), (3, 4), (31, 72), (54, 74), (15, 33), (35, 45), (18, 32), (5, 19), (10, 67), (22, 38), (2, 63), (56, 58), (13, 26), (14, 70), (41, 48), (7, 34), (0, 59), (57, 65), (1, 66), (46, 68), (9, 28), (40, 55), (27, 39), (36, 51), (6, 16), (37, 53), (17, 50), (30, 47), (11, 24), (64, 73), (25, 42), (21, 23), (61, 62), (44, 52), (43, 71), (29, 60)}
Згенероване вершинне покриття (C): [0, 1, 2, 3, 4, 5, 6, 7, 8, 9, 10, 11, 13, 14, 15, 16, 17, 18, 19, 20, 21, 22, 23, 24, 25, 26, 27, 28, 29, 30, 31, 32, 33, 34, 35, 36, 37, 38, 39, 40, 41, 42, 43, 44, 45, 46, 47, 48, 49, 50, 51, 52, 53, 54, 55, 56, 57, 58, 59, 60, 61, 62, 63, 64, 65, 66, 67, 68, 69, 70, 71, 72, 73, 74]

--- Генерація вершинного покриття (зі списку суміжності) ---
Знайдене максимальне парування (M): {(29, 72), (5, 50), (6, 21), (20, 23), (30, 61), (12, 28), (52, 70), (13, 66), (36, 43), (54, 64), (22, 59), (19, 51), (24, 44), (4, 63), (14, 67), (16, 40), (15, 38), (26, 41), (11, 56), (42, 65), (0, 68), (33, 71), (25, 73), (3, 39), (46, 74), (17, 47), (2, 31), (34, 60), (1, 35), (27, 57), (58, 69), (32, 53), (10, 62), (18, 45), (48, 55), (37, 49), (7, 8)}
Згенероване вершинне покриття (C): [0, 1, 2, 3, 4, 5, 6, 7, 8, 10, 11, 12, 13, 14, 15, 16, 17, 18, 19, 20, 21, 22, 23, 24, 25, 26, 27, 28, 29, 30, 31, 32, 33, 34, 35, 36, 37, 38, 39, 40, 41, 42, 43, 44, 45, 46, 47, 48, 49, 50, 51, 52, 53, 54, 55, 56, 57, 58, 59, 60, 61, 62, 63, 64, 65, 66, 67, 68, 69, 70, 71, 72, 73, 74]

--- Генерація вершинного покриття (зі списку суміжності) ---
Знайдене максимальне парування (M): {(14, 53), (36, 65), (31, 72), (30, 55), (22, 32), (16, 50), (2, 60), (10, 67), (17, 24), (39, 51), (26, 63), (8, 70), (12, 46), (56, 58), (7, 28), (45, 59), (3, 73), (38, 49), (44, 62), (21, 57), (37, 41), (35, 74), (1, 23), (9, 34), (4, 71), (0, 52), (11, 61), (19, 68), (25, 54), (5, 69), (18, 42), (33, 64), (6, 43), (40, 48), (27, 29), (13, 15), (20, 66)}
Згенероване вершинне покриття (C): [0, 1, 2, 3, 4, 5, 6, 7, 8, 9, 10, 11, 12, 13, 14, 15, 16, 17, 18, 19, 20, 21, 22, 23, 24, 25, 26, 27, 28, 29, 30, 31, 32, 33, 34, 35, 36, 37, 38, 39, 40, 41, 42, 43, 44, 45, 46, 48, 49, 50, 51, 52, 53, 54, 55, 56, 57, 58, 59, 60, 61, 62, 63, 64, 65, 66, 67, 68, 69, 70, 71, 72, 73, 74]

--- Генерація вершинного покриття (зі списку суміжності) ---
Знайдене максимальне парування (M): {(4, 49), (15, 21), (36, 59), (31, 72), (11, 54), (5, 13), (14, 19), (8, 9), (42, 63), (32, 67), (22, 47), (48, 66), (10, 30), (20, 68), (56, 70), (34, 73), (44, 53), (52, 60), (7, 40), (0, 62), (17, 23), (25, 64), (35, 65), (18, 61), (27, 33), (37, 50), (1, 29), (45, 69), (2, 46), (38, 39), (12, 26), (16, 51), (24, 58), (41, 74), (43, 71), (6, 55)}
Згенероване вершинне покриття (C): [0, 1, 2, 4, 5, 6, 7, 8, 9, 10, 11, 12, 13, 14, 15, 16, 17, 18, 19, 20, 21, 22, 23, 24, 25, 26, 27, 29, 30, 31, 32, 33, 34, 35, 36, 37, 38, 39, 40, 41, 42, 43, 44, 45, 46, 47, 48, 49, 50, 51, 52, 53, 54, 55, 56, 58, 59, 60, 61, 62, 63, 64, 65, 66, 67, 68, 69, 70, 71, 72, 73, 74]

--- Генерація вершинного покриття (зі списку суміжності) ---
Знайдене максимальне парування (M): {(0, 30), (55, 72), (13, 39), (50, 67), (32, 61), (17, 21), (31, 47), (46, 66), (38, 68), (11, 29), (10, 33), (28, 51), (4, 5), (2, 56), (49, 52), (25, 64), (44, 71), (19, 20), (57, 74), (27, 42), (58, 63), (14, 60), (24, 34), (37, 65), (18, 36), (41, 62), (3, 23), (16, 48), (1, 53), (6, 43), (12, 35), (9, 15), (40, 54), (8, 22), (26, 70), (7, 69), (45, 59)}
Згенероване вершинне покриття (C): [0, 1, 2, 3, 4, 5, 6, 7, 8, 9, 10, 11, 12, 13, 14, 15, 16, 17, 18, 19, 20, 21, 22, 23, 24, 25, 26, 27, 28, 29, 30, 31, 32, 33, 34, 35, 36, 37, 38, 39, 40, 41, 42, 43, 44, 45, 46, 47, 48, 49, 50, 51, 52, 53, 54, 55, 56, 57, 58, 59, 60, 61, 62, 63, 64, 65, 66, 67, 68, 69, 70, 71, 72, 74]

Середній час виконання: 0.0002526474 секунд
