
--- Генерація вершинного покриття (зі списку суміжності) ---
Знайдене максимальне парування (M): {(15, 21), (26, 39), (14, 16), (5, 25), (1, 3), (8, 27), (33, 38), (6, 23), (4, 29), (2, 7), (11, 28), (13, 19), (10, 20), (30, 35), (0, 31), (12, 32), (22, 36), (9, 24), (17, 34)}
Згенероване вершинне покриття (C): [0, 1, 2, 3, 4, 5, 6, 7, 8, 9, 10, 11, 12, 13, 14, 15, 16, 17, 19, 20, 21, 22, 23, 24, 25, 26, 27, 28, 29, 30, 31, 32, 33, 34, 35, 36, 38, 39]

--- Генерація вершинного покриття (зі списку суміжності) ---
Знайдене максимальне парування (M): {(6, 24), (20, 35), (5, 16), (2, 8), (11, 26), (28, 39), (18, 25), (15, 38), (21, 33), (12, 30), (31, 37), (4, 23), (9, 13), (0, 10), (29, 36), (27, 32), (19, 22), (17, 34), (7, 14)}
Згенероване вершинне покриття (C): [0, 2, 4, 5, 6, 7, 8, 9, 10, 11, 12, 13, 14, 15, 16, 17, 18, 19, 20, 21, 22, 23, 24, 25, 26, 27, 28, 29, 30, 31, 32, 33, 34, 35, 36, 37, 38, 39]

--- Генерація вершинного покриття (зі списку суміжності) ---
Знайдене максимальне парування (M): {(15, 33), (7, 38), (31, 35), (1, 9), (11, 17), (21, 27), (12, 30), (4, 32), (23, 39), (0, 22), (6, 16), (13, 25), (2, 34), (18, 24), (3, 8), (29, 36), (14, 26), (5, 20), (10, 28)}
Згенероване вершинне покриття (C): [0, 1, 2, 3, 4, 5, 6, 7, 8, 9, 10, 11, 12, 13, 14, 15, 16, 17, 18, 20, 21, 22, 23, 24, 25, 26, 27, 28, 29, 30, 31, 32, 33, 34, 35, 36, 38, 39]

--- Генерація вершинного покриття (зі списку суміжності) ---
Знайдене максимальне парування (M): {(25, 29), (15, 33), (20, 26), (3, 13), (12, 22), (8, 9), (21, 34), (1, 6), (11, 14), (7, 37), (4, 17), (5, 39), (2, 19), (0, 28), (30, 38), (16, 36), (18, 27), (23, 35), (10, 31)}
Згенероване вершинне покриття (C): [0, 1, 2, 3, 4, 5, 6, 7, 8, 9, 10, 11, 12, 13, 14, 15, 16, 17, 18, 19, 20, 21, 22, 23, 25, 26, 27, 28, 29, 30, 31, 33, 34, 35, 36, 37, 38, 39]

--- Генерація вершинного покриття (зі списку суміжності) ---
Знайдене максимальне парування (M): {(18, 23), (4, 39), (11, 26), (27, 34), (1, 24), (7, 13), (15, 20), (2, 38), (25, 37), (14, 30), (5, 33), (0, 31), (6, 28), (16, 36), (12, 17), (9, 21), (8, 19), (3, 32), (10, 22)}
Згенероване вершинне покриття (C): [0, 1, 2, 3, 4, 5, 6, 7, 8, 9, 10, 11, 12, 13, 14, 15, 16, 17, 18, 19, 20, 21, 22, 23, 24, 25, 26, 27, 28, 30, 31, 32, 33, 34, 36, 37, 38, 39]

--- Генерація вершинного покриття (зі списку суміжності) ---
Знайдене максимальне парування (M): {(33, 36), (6, 24), (12, 28), (31, 35), (11, 14), (1, 27), (2, 38), (20, 37), (4, 32), (3, 39), (8, 29), (0, 25), (13, 22), (16, 30), (7, 18), (23, 26), (5, 17), (9, 15), (19, 34)}
Згенероване вершинне покриття (C): [0, 1, 2, 3, 4, 5, 6, 7, 8, 9, 11, 12, 13, 14, 15, 16, 17, 18, 19, 20, 22, 23, 24, 25, 26, 27, 28, 29, 30, 31, 32, 33, 34, 35, 36, 37, 38, 39]

--- Генерація вершинного покриття (зі списку суміжності) ---
Знайдене максимальне парування (M): {(12, 16), (0, 20), (1, 30), (32, 39), (25, 34), (18, 28), (15, 35), (14, 24), (5, 21), (2, 7), (19, 23), (8, 38), (26, 37), (4, 10), (6, 31), (29, 36), (3, 17), (9, 33), (11, 27)}
Згенероване вершинне покриття (C): [0, 1, 2, 3, 4, 5, 6, 7, 8, 9, 10, 11, 12, 14, 15, 16, 17, 18, 19, 20, 21, 23, 24, 25, 26, 27, 28, 29, 30, 31, 32, 33, 34, 35, 36, 37, 38, 39]

--- Генерація вершинного покриття (зі списку суміжності) ---
Знайдене максимальне парування (M): {(0, 30), (29, 38), (14, 28), (2, 20), (33, 35), (15, 26), (25, 37), (23, 36), (5, 27), (13, 16), (3, 39), (9, 31), (18, 24), (4, 10), (6, 34), (17, 19), (12, 32), (1, 7), (8, 22), (11, 21)}
Згенероване вершинне покриття (C): [0, 1, 2, 3, 4, 5, 6, 7, 8, 9, 10, 11, 12, 13, 14, 15, 16, 17, 18, 19, 20, 21, 22, 23, 24, 25, 26, 27, 28, 29, 30, 31, 32, 33, 34, 35, 36, 37, 38, 39]

--- Генерація вершинного покриття (зі списку суміжності) ---
Знайдене максимальне парування (M): {(15, 30), (12, 13), (10, 18), (9, 23), (25, 31), (33, 38), (2, 35), (16, 34), (6, 29), (3, 21), (8, 26), (11, 22), (0, 28), (27, 36), (1, 32), (20, 24), (5, 14), (7, 39), (19, 37)}
Згенероване вершинне покриття (C): [0, 1, 2, 3, 5, 6, 7, 8, 9, 10, 11, 12, 13, 14, 15, 16, 18, 19, 20, 21, 22, 23, 24, 25, 26, 27, 28, 29, 30, 31, 32, 33, 34, 35, 36, 37, 38, 39]

--- Генерація вершинного покриття (зі списку суміжності) ---
Знайдене максимальне парування (M): {(1, 28), (6, 27), (4, 21), (9, 23), (2, 20), (10, 33), (25, 34), (24, 32), (7, 37), (8, 17), (14, 36), (19, 26), (13, 16), (22, 39), (12, 38), (11, 15), (5, 29), (0, 18), (30, 31)}
Згенероване вершинне покриття (C): [0, 1, 2, 4, 5, 6, 7, 8, 9, 10, 11, 12, 13, 14, 15, 16, 17, 18, 19, 20, 21, 22, 23, 24, 25, 26, 27, 28, 29, 30, 31, 32, 33, 34, 36, 37, 38, 39]

--- Генерація вершинного покриття (зі списку суміжності) ---
Знайдене максимальне парування (M): {(6, 21), (16, 32), (23, 31), (2, 11), (13, 17), (1, 33), (20, 28), (18, 34), (12, 24), (4, 35), (10, 14), (0, 19), (3, 36), (7, 9), (30, 38), (15, 25), (26, 37), (5, 8), (22, 39), (27, 29)}
Згенероване вершинне покриття (C): [0, 1, 2, 3, 4, 5, 6, 7, 8, 9, 10, 11, 12, 13, 14, 15, 16, 17, 18, 19, 20, 21, 22, 23, 24, 25, 26, 27, 28, 29, 30, 31, 32, 33, 34, 35, 36, 37, 38, 39]

--- Генерація вершинного покриття (зі списку суміжності) ---
Знайдене максимальне парування (M): {(15, 24), (18, 29), (26, 36), (31, 35), (8, 9), (4, 39), (33, 38), (7, 37), (20, 34), (14, 27), (1, 5), (0, 19), (17, 32), (13, 28), (16, 30), (6, 25), (12, 23), (11, 21), (10, 22)}
Згенероване вершинне покриття (C): [0, 1, 4, 5, 6, 7, 8, 9, 10, 11, 12, 13, 14, 15, 16, 17, 18, 19, 20, 21, 22, 23, 24, 25, 26, 27, 28, 29, 30, 31, 32, 33, 34, 35, 36, 37, 38, 39]

--- Генерація вершинного покриття (зі списку суміжності) ---
Знайдене максимальне парування (M): {(7, 17), (24, 27), (16, 32), (12, 31), (11, 14), (0, 26), (10, 36), (18, 37), (29, 34), (23, 33), (9, 13), (1, 8), (15, 28), (6, 19), (21, 35), (4, 22), (5, 20), (3, 38), (2, 30)}
Згенероване вершинне покриття (C): [0, 1, 2, 3, 4, 5, 6, 7, 8, 9, 10, 11, 12, 13, 14, 15, 16, 17, 18, 19, 20, 21, 22, 23, 24, 26, 27, 28, 29, 30, 31, 32, 33, 34, 35, 36, 37, 38]

--- Генерація вершинного покриття (зі списку суміжності) ---
Знайдене максимальне парування (M): {(6, 15), (14, 16), (20, 26), (21, 25), (5, 10), (9, 11), (2, 8), (3, 34), (37, 39), (19, 27), (23, 24), (12, 30), (4, 29), (0, 13), (28, 35), (32, 38), (18, 36), (22, 33), (1, 7), (17, 31)}
Згенероване вершинне покриття (C): [0, 1, 2, 3, 4, 5, 6, 7, 8, 9, 10, 11, 12, 13, 14, 15, 16, 17, 18, 19, 20, 21, 22, 23, 24, 25, 26, 27, 28, 29, 30, 31, 32, 33, 34, 35, 36, 37, 38, 39]

--- Генерація вершинного покриття (зі списку суміжності) ---
Знайдене максимальне парування (M): {(6, 21), (26, 27), (3, 19), (8, 9), (37, 39), (5, 34), (15, 17), (13, 29), (20, 25), (18, 31), (12, 24), (14, 33), (11, 16), (2, 7), (0, 28), (10, 32), (22, 30), (23, 35), (1, 4), (36, 38)}
Згенероване вершинне покриття (C): [0, 1, 2, 3, 4, 5, 6, 7, 8, 9, 10, 11, 12, 13, 14, 15, 16, 17, 18, 19, 20, 21, 22, 23, 24, 25, 26, 27, 28, 29, 30, 31, 32, 33, 34, 35, 36, 37, 38, 39]

--- Генерація вершинного покриття (зі списку суміжності) ---
Знайдене максимальне парування (M): {(24, 39), (5, 13), (4, 27), (17, 18), (19, 21), (2, 23), (0, 29), (16, 28), (20, 22), (1, 26), (6, 25), (7, 36), (8, 34), (9, 15), (12, 32), (14, 35), (30, 37), (11, 33), (10, 31)}
Згенероване вершинне покриття (C): [0, 1, 2, 4, 5, 6, 7, 8, 9, 10, 11, 12, 13, 14, 15, 16, 17, 18, 19, 20, 21, 22, 23, 24, 25, 26, 27, 28, 29, 30, 31, 32, 33, 34, 35, 36, 37, 39]

--- Генерація вершинного покриття (зі списку суміжності) ---
Знайдене максимальне парування (M): {(6, 15), (29, 38), (4, 18), (14, 22), (34, 37), (17, 24), (10, 12), (19, 30), (9, 35), (13, 20), (0, 32), (16, 28), (1, 27), (3, 36), (5, 39), (25, 33), (7, 21), (2, 31), (23, 26)}
Згенероване вершинне покриття (C): [0, 1, 2, 3, 4, 5, 6, 7, 9, 10, 12, 13, 14, 15, 16, 17, 18, 19, 20, 21, 22, 23, 24, 25, 26, 27, 28, 29, 30, 31, 32, 33, 34, 35, 36, 37, 38, 39]

--- Генерація вершинного покриття (зі списку суміжності) ---
Знайдене максимальне парування (M): {(1, 28), (4, 39), (10, 34), (20, 30), (23, 29), (21, 22), (14, 32), (6, 33), (0, 12), (19, 35), (16, 31), (5, 26), (3, 13), (7, 25), (18, 37), (9, 36), (2, 24), (17, 27)}
Згенероване вершинне покриття (C): [0, 1, 2, 3, 4, 5, 6, 7, 9, 10, 12, 13, 14, 16, 17, 18, 19, 20, 21, 22, 23, 24, 25, 26, 27, 28, 29, 30, 31, 32, 33, 34, 35, 36, 37, 39]

--- Генерація вершинного покриття (зі списку суміжності) ---
Знайдене максимальне парування (M): {(13, 33), (14, 22), (12, 31), (2, 5), (1, 9), (4, 36), (17, 27), (11, 26), (6, 20), (24, 32), (16, 34), (0, 7), (8, 38), (10, 29), (15, 19), (25, 30), (21, 23), (18, 39), (3, 35)}
Згенероване вершинне покриття (C): [0, 1, 2, 3, 4, 5, 6, 7, 8, 9, 10, 11, 12, 13, 14, 15, 16, 17, 18, 19, 20, 21, 22, 23, 24, 25, 26, 27, 29, 30, 31, 32, 33, 34, 35, 36, 38, 39]

--- Генерація вершинного покриття (зі списку суміжності) ---
Знайдене максимальне парування (M): {(35, 36), (20, 23), (12, 13), (14, 25), (0, 17), (10, 15), (26, 32), (2, 38), (7, 28), (21, 30), (1, 5), (9, 22), (27, 39), (6, 16), (24, 31), (3, 11), (29, 33), (4, 34), (19, 37)}
Згенероване вершинне покриття (C): [0, 1, 2, 3, 4, 5, 6, 7, 9, 10, 11, 12, 13, 14, 15, 16, 17, 19, 20, 21, 22, 23, 24, 25, 26, 27, 28, 29, 30, 31, 32, 33, 34, 35, 36, 37, 38, 39]

--- Генерація вершинного покриття (зі списку суміжності) ---
Знайдене максимальне парування (M): {(11, 39), (20, 23), (5, 7), (1, 3), (8, 24), (19, 30), (32, 33), (15, 26), (16, 25), (35, 38), (29, 34), (21, 36), (12, 27), (9, 37), (4, 13), (14, 17), (0, 6), (28, 31), (2, 18), (10, 22)}
Згенероване вершинне покриття (C): [0, 1, 2, 3, 4, 5, 6, 7, 8, 9, 10, 11, 12, 13, 14, 15, 16, 17, 18, 19, 20, 21, 22, 23, 24, 25, 26, 27, 28, 29, 30, 31, 32, 33, 34, 35, 36, 37, 38, 39]

--- Генерація вершинного покриття (зі списку суміжності) ---
Знайдене максимальне парування (M): {(3, 7), (2, 23), (6, 14), (1, 33), (25, 34), (26, 29), (12, 24), (8, 17), (4, 32), (0, 13), (37, 38), (11, 19), (5, 36), (20, 30), (22, 27), (16, 39), (21, 35), (10, 28), (15, 18)}
Згенероване вершинне покриття (C): [0, 1, 2, 3, 4, 5, 6, 7, 8, 10, 11, 12, 13, 14, 15, 16, 17, 18, 19, 20, 21, 22, 23, 24, 25, 26, 27, 28, 29, 30, 32, 33, 34, 35, 36, 37, 38, 39]

--- Генерація вершинного покриття (зі списку суміжності) ---
Знайдене максимальне парування (M): {(16, 20), (25, 35), (1, 34), (3, 13), (0, 11), (10, 15), (2, 14), (17, 36), (33, 38), (7, 19), (6, 23), (21, 24), (29, 37), (12, 39), (30, 32), (4, 28), (5, 26), (9, 18), (8, 31)}
Згенероване вершинне покриття (C): [0, 1, 2, 3, 4, 5, 6, 7, 8, 9, 10, 11, 12, 13, 14, 15, 16, 17, 18, 19, 20, 21, 23, 24, 25, 26, 28, 29, 30, 31, 32, 33, 34, 35, 36, 37, 38, 39]

--- Генерація вершинного покриття (зі списку суміжності) ---
Знайдене максимальне парування (M): {(4, 24), (3, 31), (30, 36), (8, 39), (6, 32), (0, 10), (14, 27), (9, 19), (1, 5), (17, 35), (2, 13), (7, 18), (15, 37), (21, 29), (12, 20), (22, 33), (23, 38), (28, 34), (25, 26)}
Згенероване вершинне покриття (C): [0, 1, 2, 3, 4, 5, 6, 7, 8, 9, 10, 12, 13, 14, 15, 17, 18, 19, 20, 21, 22, 23, 24, 25, 26, 27, 28, 29, 30, 31, 32, 33, 34, 35, 36, 37, 38, 39]

--- Генерація вершинного покриття (зі списку суміжності) ---
Знайдене максимальне парування (M): {(32, 37), (24, 27), (15, 33), (0, 2), (9, 17), (13, 20), (22, 25), (14, 36), (30, 35), (1, 29), (4, 7), (16, 39), (5, 8), (6, 34), (23, 26), (12, 38), (19, 28), (11, 18), (10, 31)}
Згенероване вершинне покриття (C): [0, 1, 2, 4, 5, 6, 7, 8, 9, 10, 11, 12, 13, 14, 15, 16, 17, 18, 19, 20, 22, 23, 24, 25, 26, 27, 28, 29, 30, 31, 32, 33, 34, 35, 36, 37, 38, 39]

--- Генерація вершинного покриття (зі списку суміжності) ---
Знайдене максимальне парування (M): {(2, 27), (3, 4), (1, 34), (6, 39), (23, 28), (20, 29), (32, 33), (11, 38), (14, 21), (9, 10), (19, 26), (5, 36), (8, 35), (0, 31), (16, 18), (13, 25), (15, 22), (7, 30), (12, 17)}
Згенероване вершинне покриття (C): [0, 1, 2, 3, 4, 5, 6, 7, 8, 9, 10, 11, 12, 13, 14, 15, 16, 17, 18, 19, 20, 21, 22, 23, 25, 26, 27, 28, 29, 30, 31, 32, 33, 34, 35, 36, 38, 39]

--- Генерація вершинного покриття (зі списку суміжності) ---
Знайдене максимальне парування (M): {(24, 33), (18, 26), (6, 27), (22, 23), (30, 36), (21, 39), (0, 4), (2, 7), (8, 20), (9, 25), (1, 29), (15, 28), (11, 37), (13, 34), (12, 35), (17, 19), (10, 16), (3, 32), (5, 38)}
Згенероване вершинне покриття (C): [0, 1, 2, 3, 4, 5, 6, 7, 8, 9, 10, 11, 12, 13, 15, 16, 17, 18, 19, 20, 21, 22, 23, 24, 25, 26, 27, 28, 29, 30, 32, 33, 34, 35, 36, 37, 38, 39]

--- Генерація вершинного покриття (зі списку суміжності) ---
Знайдене максимальне парування (M): {(6, 27), (29, 35), (12, 19), (7, 32), (26, 36), (9, 17), (28, 30), (2, 14), (18, 22), (15, 38), (20, 34), (21, 39), (1, 11), (5, 33), (10, 23), (13, 37), (8, 16), (4, 31), (0, 24)}
Згенероване вершинне покриття (C): [0, 1, 2, 4, 5, 6, 7, 8, 9, 10, 11, 12, 13, 14, 15, 16, 17, 18, 19, 20, 21, 22, 23, 24, 26, 27, 28, 29, 30, 31, 32, 33, 34, 35, 36, 37, 38, 39]

--- Генерація вершинного покриття (зі списку суміжності) ---
Знайдене максимальне парування (M): {(13, 30), (24, 27), (6, 21), (7, 29), (12, 31), (17, 18), (0, 8), (10, 39), (16, 22), (33, 38), (32, 36), (26, 35), (4, 20), (11, 19), (3, 5), (15, 37), (14, 23), (2, 9), (28, 34), (1, 25)}
Згенероване вершинне покриття (C): [0, 1, 2, 3, 4, 5, 6, 7, 8, 9, 10, 11, 12, 13, 14, 15, 16, 17, 18, 19, 20, 21, 22, 23, 24, 25, 26, 27, 28, 29, 30, 31, 32, 33, 34, 35, 36, 37, 38, 39]

--- Генерація вершинного покриття (зі списку суміжності) ---
Знайдене максимальне парування (M): {(24, 36), (22, 23), (18, 32), (3, 37), (0, 17), (25, 31), (30, 39), (2, 38), (5, 9), (20, 28), (6, 35), (14, 15), (12, 33), (11, 16), (8, 26), (7, 21), (1, 4), (10, 13), (19, 34)}
Згенероване вершинне покриття (C): [0, 1, 2, 3, 4, 5, 6, 7, 8, 9, 10, 11, 12, 13, 14, 15, 16, 17, 18, 19, 20, 21, 22, 23, 24, 25, 26, 28, 30, 31, 32, 33, 34, 35, 36, 37, 38, 39]

--- Генерація вершинного покриття (зі списку суміжності) ---
Знайдене максимальне парування (M): {(9, 39), (0, 30), (6, 21), (29, 32), (22, 26), (12, 37), (13, 14), (10, 33), (16, 31), (23, 24), (3, 27), (17, 20), (2, 7), (19, 35), (8, 38), (15, 28), (5, 11), (18, 36), (4, 34)}
Згенероване вершинне покриття (C): [0, 2, 3, 4, 5, 6, 7, 8, 9, 10, 11, 12, 13, 14, 15, 16, 17, 18, 19, 20, 21, 22, 23, 24, 26, 27, 28, 29, 30, 31, 32, 33, 34, 35, 36, 37, 38, 39]

--- Генерація вершинного покриття (зі списку суміжності) ---
Знайдене максимальне парування (M): {(32, 34), (35, 39), (14, 31), (19, 21), (17, 30), (2, 11), (9, 20), (0, 23), (10, 33), (24, 29), (3, 6), (22, 37), (5, 27), (1, 26), (16, 18), (15, 28), (7, 36), (4, 25), (8, 13), (12, 38)}
Згенероване вершинне покриття (C): [0, 1, 2, 3, 4, 5, 6, 7, 8, 9, 10, 11, 12, 13, 14, 15, 16, 17, 18, 19, 20, 21, 22, 23, 24, 25, 26, 27, 28, 29, 30, 31, 32, 33, 34, 35, 36, 37, 38, 39]

--- Генерація вершинного покриття (зі списку суміжності) ---
Знайдене максимальне парування (M): {(10, 34), (24, 27), (0, 2), (1, 6), (11, 17), (28, 33), (9, 35), (19, 39), (15, 26), (16, 25), (13, 31), (21, 23), (29, 30), (3, 14), (12, 20), (18, 36), (5, 32), (4, 37), (7, 8)}
Згенероване вершинне покриття (C): [0, 1, 2, 3, 4, 5, 6, 7, 8, 9, 10, 11, 12, 13, 14, 15, 16, 17, 18, 19, 20, 21, 23, 24, 25, 26, 27, 28, 29, 30, 31, 32, 33, 34, 35, 36, 37, 39]

--- Генерація вершинного покриття (зі списку суміжності) ---
Знайдене максимальне парування (M): {(6, 15), (31, 32), (10, 36), (22, 28), (2, 7), (5, 33), (9, 34), (18, 30), (38, 39), (21, 29), (3, 20), (23, 35), (8, 16), (1, 4), (14, 26), (17, 25), (19, 37), (0, 27), (13, 24)}
Згенероване вершинне покриття (C): [0, 1, 2, 3, 4, 5, 6, 7, 8, 9, 10, 13, 14, 15, 16, 17, 18, 19, 20, 21, 22, 23, 24, 25, 26, 27, 28, 29, 30, 31, 32, 33, 34, 35, 36, 37, 38, 39]

--- Генерація вершинного покриття (зі списку суміжності) ---
Знайдене максимальне парування (M): {(6, 36), (12, 28), (4, 33), (5, 31), (0, 26), (18, 19), (20, 22), (16, 37), (8, 14), (24, 25), (30, 38), (32, 35), (7, 39), (23, 29), (2, 3), (1, 10), (17, 34), (13, 21), (11, 27)}
Згенероване вершинне покриття (C): [0, 1, 2, 3, 4, 5, 6, 7, 8, 10, 11, 12, 13, 14, 16, 17, 18, 19, 20, 21, 22, 23, 24, 25, 26, 27, 28, 29, 30, 31, 32, 33, 34, 35, 36, 37, 38, 39]

--- Генерація вершинного покриття (зі списку суміжності) ---
Знайдене максимальне парування (M): {(11, 36), (16, 26), (18, 23), (14, 25), (12, 34), (8, 15), (19, 30), (4, 39), (13, 17), (9, 32), (29, 31), (6, 38), (3, 21), (22, 37), (5, 24), (2, 10), (0, 28), (20, 33), (1, 7), (27, 35)}
Згенероване вершинне покриття (C): [0, 1, 2, 3, 4, 5, 6, 7, 8, 9, 10, 11, 12, 13, 14, 15, 16, 17, 18, 19, 20, 21, 22, 23, 24, 25, 26, 27, 28, 29, 30, 31, 32, 33, 34, 35, 36, 37, 38, 39]

--- Генерація вершинного покриття (зі списку суміжності) ---
Знайдене максимальне парування (M): {(7, 29), (4, 33), (8, 15), (1, 9), (19, 24), (28, 39), (16, 34), (3, 6), (27, 30), (10, 23), (11, 22), (17, 38), (5, 36), (0, 31), (13, 25), (35, 37), (12, 26), (14, 32), (2, 18)}
Згенероване вершинне покриття (C): [0, 1, 2, 3, 4, 5, 6, 7, 8, 9, 10, 11, 12, 13, 14, 15, 16, 17, 18, 19, 22, 23, 24, 25, 26, 27, 28, 29, 30, 31, 32, 33, 34, 35, 36, 37, 38, 39]

--- Генерація вершинного покриття (зі списку суміжності) ---
Знайдене максимальне парування (M): {(25, 35), (16, 32), (29, 38), (8, 30), (2, 23), (27, 34), (10, 39), (6, 26), (12, 15), (21, 24), (3, 18), (0, 22), (5, 36), (7, 9), (11, 31), (13, 28), (14, 17), (20, 33), (1, 4), (19, 37)}
Згенероване вершинне покриття (C): [0, 1, 2, 3, 4, 5, 6, 7, 8, 9, 10, 11, 12, 13, 14, 15, 16, 17, 18, 19, 20, 21, 22, 23, 24, 25, 26, 27, 28, 29, 30, 31, 32, 33, 34, 35, 36, 37, 38, 39]

--- Генерація вершинного покриття (зі списку суміжності) ---
Знайдене максимальне парування (M): {(3, 7), (4, 6), (11, 14), (19, 33), (24, 26), (18, 31), (16, 37), (1, 2), (0, 13), (10, 17), (9, 34), (25, 27), (15, 28), (12, 23), (20, 30), (21, 29), (38, 39), (22, 36), (5, 32)}
Згенероване вершинне покриття (C): [0, 1, 2, 3, 4, 5, 6, 7, 9, 10, 11, 12, 13, 14, 15, 16, 17, 18, 19, 20, 21, 22, 23, 24, 25, 26, 27, 28, 29, 30, 31, 32, 33, 34, 36, 37, 38, 39]

--- Генерація вершинного покриття (зі списку суміжності) ---
Знайдене максимальне парування (M): {(26, 27), (4, 18), (5, 28), (0, 20), (10, 24), (6, 11), (2, 29), (16, 34), (13, 21), (12, 33), (17, 32), (30, 35), (15, 31), (3, 23), (22, 39), (14, 38), (19, 37), (1, 25), (9, 36), (7, 8)}
Згенероване вершинне покриття (C): [0, 1, 2, 3, 4, 5, 6, 7, 8, 9, 10, 11, 12, 13, 14, 15, 16, 17, 18, 19, 20, 21, 22, 23, 24, 25, 26, 27, 28, 29, 30, 31, 32, 33, 34, 35, 36, 37, 38, 39]

--- Генерація вершинного покриття (зі списку суміжності) ---
Знайдене максимальне парування (M): {(1, 28), (16, 32), (19, 39), (21, 33), (4, 29), (2, 7), (8, 26), (6, 31), (22, 27), (5, 14), (3, 20), (23, 35), (9, 15), (11, 12), (36, 38), (10, 25), (0, 18), (17, 34), (13, 24)}
Згенероване вершинне покриття (C): [0, 1, 2, 3, 4, 5, 6, 7, 8, 9, 10, 11, 12, 13, 14, 15, 16, 17, 18, 19, 20, 21, 22, 23, 24, 25, 26, 27, 28, 29, 31, 32, 33, 34, 35, 36, 38, 39]

--- Генерація вершинного покриття (зі списку суміжності) ---
Знайдене максимальне парування (M): {(24, 33), (5, 19), (4, 27), (13, 14), (10, 30), (11, 29), (2, 38), (3, 12), (18, 34), (22, 28), (8, 20), (6, 7), (9, 37), (1, 35), (31, 39), (21, 32), (17, 25), (0, 15), (16, 23)}
Згенероване вершинне покриття (C): [0, 1, 2, 3, 4, 5, 6, 7, 8, 9, 10, 11, 12, 13, 14, 15, 16, 17, 18, 19, 20, 21, 22, 23, 24, 25, 27, 28, 29, 30, 31, 32, 33, 34, 35, 37, 38, 39]

--- Генерація вершинного покриття (зі списку суміжності) ---
Знайдене максимальне парування (M): {(16, 26), (15, 33), (18, 35), (6, 36), (19, 21), (5, 31), (13, 17), (11, 38), (8, 39), (23, 30), (20, 37), (22, 28), (1, 2), (4, 32), (9, 34), (7, 12), (10, 29), (25, 27), (3, 14), (0, 24)}
Згенероване вершинне покриття (C): [0, 1, 2, 3, 4, 5, 6, 7, 8, 9, 10, 11, 12, 13, 14, 15, 16, 17, 18, 19, 20, 21, 22, 23, 24, 25, 26, 27, 28, 29, 30, 31, 32, 33, 34, 35, 36, 37, 38, 39]

--- Генерація вершинного покриття (зі списку суміжності) ---
Знайдене максимальне парування (M): {(18, 38), (4, 24), (3, 34), (13, 14), (11, 29), (6, 8), (10, 39), (2, 35), (15, 26), (7, 37), (21, 36), (5, 30), (0, 22), (12, 32), (17, 25), (28, 31), (9, 27), (1, 19), (16, 23)}
Згенероване вершинне покриття (C): [0, 1, 2, 3, 4, 5, 6, 7, 8, 9, 10, 11, 12, 13, 14, 15, 16, 17, 18, 19, 21, 22, 23, 24, 25, 26, 27, 28, 29, 30, 31, 32, 34, 35, 36, 37, 38, 39]

--- Генерація вершинного покриття (зі списку суміжності) ---
Знайдене максимальне парування (M): {(21, 25), (12, 22), (5, 10), (14, 19), (31, 35), (29, 32), (17, 36), (16, 34), (6, 38), (23, 33), (9, 13), (1, 26), (7, 15), (3, 8), (4, 28), (0, 18), (30, 37), (11, 27), (2, 24)}
Згенероване вершинне покриття (C): [0, 1, 2, 3, 4, 5, 6, 7, 8, 9, 10, 11, 12, 13, 14, 15, 16, 17, 18, 19, 21, 22, 23, 24, 25, 26, 27, 28, 29, 30, 31, 32, 33, 34, 35, 36, 37, 38]

--- Генерація вершинного покриття (зі списку суміжності) ---
Знайдене максимальне парування (M): {(6, 36), (14, 25), (9, 33), (15, 20), (18, 19), (21, 27), (0, 4), (2, 7), (23, 39), (8, 32), (16, 30), (1, 35), (26, 37), (5, 11), (3, 29), (12, 38), (17, 31), (28, 34), (10, 22), (13, 24)}
Згенероване вершинне покриття (C): [0, 1, 2, 3, 4, 5, 6, 7, 8, 9, 10, 11, 12, 13, 14, 15, 16, 17, 18, 19, 20, 21, 22, 23, 24, 25, 26, 27, 28, 29, 30, 31, 32, 33, 34, 35, 36, 37, 38, 39]

--- Генерація вершинного покриття (зі списку суміжності) ---
Знайдене максимальне парування (M): {(6, 15), (7, 26), (12, 19), (18, 32), (23, 37), (8, 27), (0, 29), (33, 35), (22, 28), (14, 24), (3, 30), (11, 16), (34, 36), (5, 39), (1, 20), (9, 31), (10, 38), (4, 13), (17, 25), (2, 21)}
Згенероване вершинне покриття (C): [0, 1, 2, 3, 4, 5, 6, 7, 8, 9, 10, 11, 12, 13, 14, 15, 16, 17, 18, 19, 20, 21, 22, 23, 24, 25, 26, 27, 28, 29, 30, 31, 32, 33, 34, 35, 36, 37, 38, 39]

--- Генерація вершинного покриття (зі списку суміжності) ---
Знайдене максимальне парування (M): {(15, 24), (6, 27), (12, 25), (3, 37), (13, 26), (0, 32), (22, 28), (31, 34), (8, 14), (4, 23), (9, 19), (2, 16), (1, 17), (10, 29), (7, 33), (20, 30), (18, 36), (11, 21), (5, 35)}
Згенероване вершинне покриття (C): [0, 1, 2, 3, 4, 5, 6, 7, 8, 9, 10, 11, 12, 13, 14, 15, 16, 17, 18, 19, 20, 21, 22, 23, 24, 25, 26, 27, 28, 29, 30, 31, 32, 33, 34, 35, 36, 37]

--- Генерація вершинного покриття (зі списку суміжності) ---
Знайдене максимальне парування (M): {(18, 35), (31, 32), (20, 29), (14, 22), (17, 24), (36, 37), (8, 30), (2, 38), (12, 27), (4, 23), (0, 10), (9, 28), (5, 33), (3, 39), (1, 26), (6, 16), (7, 15), (13, 34), (19, 25)}
Згенероване вершинне покриття (C): [0, 1, 2, 3, 4, 5, 6, 7, 8, 9, 10, 12, 13, 14, 15, 16, 17, 18, 19, 20, 22, 23, 24, 25, 26, 27, 28, 29, 30, 31, 32, 33, 34, 35, 36, 37, 38, 39]

--- Генерація вершинного покриття (зі списку суміжності) ---
Знайдене максимальне парування (M): {(15, 21), (31, 32), (8, 12), (14, 37), (0, 17), (9, 23), (19, 33), (13, 26), (6, 20), (2, 35), (3, 27), (34, 36), (1, 5), (28, 38), (11, 25), (10, 29), (16, 24), (4, 7), (22, 30), (18, 39)}
Згенероване вершинне покриття (C): [0, 1, 2, 3, 4, 5, 6, 7, 8, 9, 10, 11, 12, 13, 14, 15, 16, 17, 18, 19, 20, 21, 22, 23, 24, 25, 26, 27, 28, 29, 30, 31, 32, 33, 34, 35, 36, 37, 38, 39]

Середній час виконання: 0.0000726604 секунд
