
--- Генерація вершинного покриття (зі списку суміжності) ---
Знайдене максимальне парування (M): {(4, 26), (3, 14), (13, 17), (12, 15), (9, 28), (5, 27), (20, 23), (2, 19), (8, 22), (6, 16), (18, 25), (1, 10), (7, 24), (0, 11)}
Згенероване вершинне покриття (C): [0, 1, 2, 3, 4, 5, 6, 7, 8, 9, 10, 11, 12, 13, 14, 15, 16, 17, 18, 19, 20, 22, 23, 24, 25, 26, 27, 28]

--- Генерація вершинного покриття (зі списку суміжності) ---
Знайдене максимальне парування (M): {(14, 21), (9, 13), (1, 24), (4, 22), (18, 19), (10, 20), (23, 28), (26, 29), (2, 12), (15, 25), (5, 6), (0, 27), (7, 8), (11, 17)}
Згенероване вершинне покриття (C): [0, 1, 2, 4, 5, 6, 7, 8, 9, 10, 11, 12, 13, 14, 15, 17, 18, 19, 20, 21, 22, 23, 24, 25, 26, 27, 28, 29]

--- Генерація вершинного покриття (зі списку суміжності) ---
Знайдене максимальне парування (M): {(12, 23), (0, 26), (5, 8), (15, 27), (4, 9), (3, 17), (22, 24), (13, 16), (14, 20), (18, 19), (10, 25), (1, 29), (2, 11), (6, 28)}
Згенероване вершинне покриття (C): [0, 1, 2, 3, 4, 5, 6, 8, 9, 10, 11, 12, 13, 14, 15, 16, 17, 18, 19, 20, 22, 23, 24, 25, 26, 27, 28, 29]

--- Генерація вершинного покриття (зі списку суміжності) ---
Знайдене максимальне парування (M): {(22, 27), (4, 19), (6, 11), (10, 13), (8, 29), (1, 7), (2, 5), (12, 15), (20, 28), (17, 24), (14, 21), (25, 26), (16, 23)}
Згенероване вершинне покриття (C): [1, 2, 4, 5, 6, 7, 8, 10, 11, 12, 13, 14, 15, 16, 17, 19, 20, 21, 22, 23, 24, 25, 26, 27, 28, 29]

--- Генерація вершинного покриття (зі списку суміжності) ---
Знайдене максимальне парування (M): {(9, 29), (17, 26), (0, 13), (6, 8), (14, 20), (3, 10), (7, 19), (2, 22), (12, 25), (4, 24), (18, 21), (16, 27), (5, 28)}
Згенероване вершинне покриття (C): [0, 2, 3, 4, 5, 6, 7, 8, 9, 10, 12, 13, 14, 16, 17, 18, 19, 20, 21, 22, 24, 25, 26, 27, 28, 29]

--- Генерація вершинного покриття (зі списку суміжності) ---
Знайдене максимальне парування (M): {(21, 26), (7, 20), (19, 23), (12, 16), (13, 24), (3, 10), (1, 27), (14, 29), (17, 28), (9, 18), (2, 6), (5, 25), (15, 22), (4, 11), (0, 8)}
Згенероване вершинне покриття (C): [0, 1, 2, 3, 4, 5, 6, 7, 8, 9, 10, 11, 12, 13, 14, 15, 16, 17, 18, 19, 20, 21, 22, 23, 24, 25, 26, 27, 28, 29]

--- Генерація вершинного покриття (зі списку суміжності) ---
Знайдене максимальне парування (M): {(6, 12), (5, 11), (9, 19), (17, 26), (7, 13), (1, 27), (22, 23), (21, 25), (10, 16), (4, 18), (24, 28), (2, 15), (0, 8)}
Згенероване вершинне покриття (C): [0, 1, 2, 4, 5, 6, 7, 8, 9, 10, 11, 12, 13, 15, 16, 17, 18, 19, 21, 22, 23, 24, 25, 26, 27, 28]

--- Генерація вершинного покриття (зі списку суміжності) ---
Знайдене максимальне парування (M): {(19, 24), (11, 23), (2, 27), (9, 29), (6, 28), (14, 17), (8, 20), (10, 13), (0, 25), (5, 16), (12, 15), (3, 18), (4, 7), (1, 22)}
Згенероване вершинне покриття (C): [0, 1, 2, 3, 4, 5, 6, 7, 8, 9, 10, 11, 12, 13, 14, 15, 16, 17, 18, 19, 20, 22, 23, 24, 25, 27, 28, 29]

--- Генерація вершинного покриття (зі списку суміжності) ---
Знайдене максимальне парування (M): {(11, 23), (1, 2), (20, 27), (14, 17), (9, 28), (7, 13), (0, 6), (8, 12), (22, 29), (4, 5), (15, 25), (10, 19), (3, 18)}
Згенероване вершинне покриття (C): [0, 1, 2, 3, 4, 5, 6, 7, 8, 9, 10, 11, 12, 13, 14, 15, 17, 18, 19, 20, 22, 23, 25, 27, 28, 29]

--- Генерація вершинного покриття (зі списку суміжності) ---
Знайдене максимальне парування (M): {(16, 26), (9, 13), (8, 27), (10, 14), (0, 3), (22, 23), (4, 21), (12, 28), (1, 7), (20, 25), (11, 18), (2, 15), (17, 24)}
Згенероване вершинне покриття (C): [0, 1, 2, 3, 4, 7, 8, 9, 10, 11, 12, 13, 14, 15, 16, 17, 18, 20, 21, 22, 23, 24, 25, 26, 27, 28]

--- Генерація вершинного покриття (зі списку суміжності) ---
Знайдене максимальне парування (M): {(19, 24), (8, 27), (3, 23), (7, 10), (9, 28), (6, 14), (15, 17), (1, 11), (13, 29), (21, 22), (2, 12), (0, 5), (16, 18), (4, 20)}
Згенероване вершинне покриття (C): [0, 1, 2, 3, 4, 5, 6, 7, 8, 9, 10, 11, 12, 13, 14, 15, 16, 17, 18, 19, 20, 21, 22, 23, 24, 27, 28, 29]

--- Генерація вершинного покриття (зі списку суміжності) ---
Знайдене максимальне парування (M): {(4, 16), (21, 26), (17, 20), (2, 10), (5, 27), (12, 29), (7, 9), (13, 19), (23, 28), (15, 25), (1, 6), (18, 24), (8, 11)}
Згенероване вершинне покриття (C): [1, 2, 4, 5, 6, 7, 8, 9, 10, 11, 12, 13, 15, 16, 17, 18, 19, 20, 21, 23, 24, 25, 26, 27, 28, 29]

--- Генерація вершинного покриття (зі списку суміжності) ---
Знайдене максимальне парування (M): {(14, 27), (28, 29), (19, 26), (10, 20), (1, 23), (0, 25), (5, 16), (3, 9), (12, 21), (11, 24), (17, 18), (4, 7), (6, 22), (2, 8)}
Згенероване вершинне покриття (C): [0, 1, 2, 3, 4, 5, 6, 7, 8, 9, 10, 11, 12, 14, 16, 17, 18, 19, 20, 21, 22, 23, 24, 25, 26, 27, 28, 29]

--- Генерація вершинного покриття (зі списку суміжності) ---
Знайдене максимальне парування (M): {(23, 27), (10, 21), (8, 24), (1, 2), (7, 29), (9, 26), (11, 22), (0, 6), (13, 16), (14, 19), (3, 25), (15, 28), (12, 18), (4, 20)}
Згенероване вершинне покриття (C): [0, 1, 2, 3, 4, 6, 7, 8, 9, 10, 11, 12, 13, 14, 15, 16, 18, 19, 20, 21, 22, 23, 24, 25, 26, 27, 28, 29]

--- Генерація вершинного покриття (зі списку суміжності) ---
Знайдене максимальне парування (M): {(9, 10), (12, 23), (6, 15), (16, 26), (5, 8), (11, 22), (1, 17), (20, 29), (2, 25), (4, 27), (0, 14), (19, 21), (7, 24)}
Згенероване вершинне покриття (C): [0, 1, 2, 4, 5, 6, 7, 8, 9, 10, 11, 12, 14, 15, 16, 17, 19, 20, 21, 22, 23, 24, 25, 26, 27, 29]

--- Генерація вершинного покриття (зі списку суміжності) ---
Знайдене максимальне парування (M): {(12, 17), (4, 23), (20, 27), (24, 26), (2, 16), (11, 19), (5, 13), (9, 21), (0, 25), (3, 6), (1, 29), (10, 22), (7, 14)}
Згенероване вершинне покриття (C): [0, 1, 2, 3, 4, 5, 6, 7, 9, 10, 11, 12, 13, 14, 16, 17, 19, 20, 21, 22, 23, 24, 25, 26, 27, 29]

--- Генерація вершинного покриття (зі списку суміжності) ---
Знайдене максимальне парування (M): {(18, 23), (6, 11), (12, 13), (0, 28), (2, 3), (7, 9), (10, 16), (14, 25), (22, 26), (15, 19), (4, 8), (27, 29), (17, 24), (20, 21)}
Згенероване вершинне покриття (C): [0, 2, 3, 4, 6, 7, 8, 9, 10, 11, 12, 13, 14, 15, 16, 17, 18, 19, 20, 21, 22, 23, 24, 25, 26, 27, 28, 29]

--- Генерація вершинного покриття (зі списку суміжності) ---
Знайдене максимальне парування (M): {(8, 27), (10, 24), (0, 4), (14, 20), (13, 29), (16, 28), (2, 9), (18, 22), (1, 7), (6, 26), (23, 25), (19, 21), (5, 12), (3, 11)}
Згенероване вершинне покриття (C): [0, 1, 2, 3, 4, 5, 6, 7, 8, 9, 10, 11, 12, 13, 14, 16, 18, 19, 20, 21, 22, 23, 24, 25, 26, 27, 28, 29]

--- Генерація вершинного покриття (зі списку суміжності) ---
Знайдене максимальне парування (M): {(17, 23), (12, 20), (11, 13), (7, 10), (6, 27), (14, 16), (19, 29), (4, 15), (3, 22), (5, 9), (26, 28), (1, 25), (18, 24), (0, 8)}
Згенероване вершинне покриття (C): [0, 1, 3, 4, 5, 6, 7, 8, 9, 10, 11, 12, 13, 14, 15, 16, 17, 18, 19, 20, 22, 23, 24, 25, 26, 27, 28, 29]

--- Генерація вершинного покриття (зі списку суміжності) ---
Знайдене максимальне парування (M): {(23, 27), (2, 4), (15, 24), (5, 11), (0, 16), (18, 26), (13, 29), (17, 22), (14, 19), (1, 7), (8, 9), (6, 25), (10, 12), (3, 21)}
Згенероване вершинне покриття (C): [0, 1, 2, 3, 4, 5, 6, 7, 8, 9, 10, 11, 12, 13, 14, 15, 16, 17, 18, 19, 21, 22, 23, 24, 25, 26, 27, 29]

--- Генерація вершинного покриття (зі списку суміжності) ---
Знайдене максимальне парування (M): {(3, 8), (15, 24), (0, 10), (14, 17), (13, 16), (20, 26), (21, 25), (1, 23), (9, 18), (5, 6), (19, 28), (2, 12), (4, 27)}
Згенероване вершинне покриття (C): [0, 1, 2, 3, 4, 5, 6, 8, 9, 10, 12, 13, 14, 15, 16, 17, 18, 19, 20, 21, 23, 24, 25, 26, 27, 28]

--- Генерація вершинного покриття (зі списку суміжності) ---
Знайдене максимальне парування (M): {(12, 27), (9, 29), (11, 20), (0, 10), (14, 17), (24, 26), (8, 16), (4, 25), (7, 13), (6, 23), (2, 28), (15, 19), (3, 22), (5, 18)}
Згенероване вершинне покриття (C): [0, 2, 3, 4, 5, 6, 7, 8, 9, 10, 11, 12, 13, 14, 15, 16, 17, 18, 19, 20, 22, 23, 24, 25, 26, 27, 28, 29]

--- Генерація вершинного покриття (зі списку суміжності) ---
Знайдене максимальне парування (M): {(9, 13), (2, 7), (12, 16), (11, 19), (14, 26), (21, 28), (1, 20), (3, 29), (17, 22), (4, 27), (0, 15), (5, 6), (8, 25), (23, 24), (10, 18)}
Згенероване вершинне покриття (C): [0, 1, 2, 3, 4, 5, 6, 7, 8, 9, 10, 11, 12, 13, 14, 15, 16, 17, 18, 19, 20, 21, 22, 23, 24, 25, 26, 27, 28, 29]

--- Генерація вершинного покриття (зі списку суміжності) ---
Знайдене максимальне парування (M): {(17, 23), (11, 26), (7, 16), (0, 9), (1, 4), (5, 13), (12, 22), (14, 19), (10, 29), (20, 25), (3, 6), (18, 21), (27, 28), (2, 8)}
Згенероване вершинне покриття (C): [0, 1, 2, 3, 4, 5, 6, 7, 8, 9, 10, 11, 12, 13, 14, 16, 17, 18, 19, 20, 21, 22, 23, 25, 26, 27, 28, 29]

--- Генерація вершинного покриття (зі списку суміжності) ---
Знайдене максимальне парування (M): {(26, 27), (11, 13), (0, 29), (1, 8), (19, 21), (5, 7), (6, 23), (2, 9), (10, 12), (18, 25), (14, 28), (17, 24), (3, 15), (4, 20)}
Згенероване вершинне покриття (C): [0, 1, 2, 3, 4, 5, 6, 7, 8, 9, 10, 11, 12, 13, 14, 15, 17, 18, 19, 20, 21, 23, 24, 25, 26, 27, 28, 29]

--- Генерація вершинного покриття (зі списку суміжності) ---
Знайдене максимальне парування (M): {(4, 23), (8, 27), (6, 21), (0, 29), (7, 10), (18, 26), (13, 16), (17, 19), (11, 28), (2, 3), (9, 24), (15, 22), (1, 25), (12, 14)}
Згенероване вершинне покриття (C): [0, 1, 2, 3, 4, 6, 7, 8, 9, 10, 11, 12, 13, 14, 15, 16, 17, 18, 19, 21, 22, 23, 24, 25, 26, 27, 28, 29]

--- Генерація вершинного покриття (зі списку суміжності) ---
Знайдене максимальне парування (M): {(7, 27), (4, 16), (14, 24), (1, 18), (0, 10), (17, 20), (8, 23), (12, 19), (15, 26), (13, 28), (11, 21), (2, 25), (5, 6), (3, 22)}
Згенероване вершинне покриття (C): [0, 1, 2, 3, 4, 5, 6, 7, 8, 10, 11, 12, 13, 14, 15, 16, 17, 18, 19, 20, 21, 22, 23, 24, 25, 26, 27, 28]

--- Генерація вершинного покриття (зі списку суміжності) ---
Знайдене максимальне парування (M): {(0, 1), (7, 27), (10, 11), (20, 23), (13, 26), (16, 22), (8, 29), (9, 21), (4, 5), (17, 25), (24, 28), (2, 18), (6, 19), (14, 15)}
Згенероване вершинне покриття (C): [0, 1, 2, 4, 5, 6, 7, 8, 9, 10, 11, 13, 14, 15, 16, 17, 18, 19, 20, 21, 22, 23, 24, 25, 26, 27, 28, 29]

--- Генерація вершинного покриття (зі списку суміжності) ---
Знайдене максимальне парування (M): {(2, 27), (3, 8), (6, 15), (21, 22), (9, 25), (20, 26), (11, 28), (4, 7), (13, 18), (1, 29), (23, 24), (5, 12), (0, 17)}
Згенероване вершинне покриття (C): [0, 1, 2, 3, 4, 5, 6, 7, 8, 9, 11, 12, 13, 15, 17, 18, 20, 21, 22, 23, 24, 25, 26, 27, 28, 29]

--- Генерація вершинного покриття (зі списку суміжності) ---
Знайдене максимальне парування (M): {(5, 15), (13, 14), (2, 17), (8, 20), (18, 29), (9, 25), (1, 27), (0, 22), (12, 28), (6, 10), (16, 24), (21, 23), (3, 11)}
Згенероване вершинне покриття (C): [0, 1, 2, 3, 5, 6, 8, 9, 10, 11, 12, 13, 14, 15, 16, 17, 18, 20, 21, 22, 23, 24, 25, 27, 28, 29]

--- Генерація вершинного покриття (зі списку суміжності) ---
Знайдене максимальне парування (M): {(10, 21), (14, 28), (12, 16), (8, 20), (15, 23), (7, 19), (1, 4), (17, 22), (5, 26), (9, 24), (13, 18), (6, 29), (3, 11)}
Згенероване вершинне покриття (C): [1, 3, 4, 5, 6, 7, 8, 9, 10, 11, 12, 13, 14, 15, 16, 17, 18, 19, 20, 21, 22, 23, 24, 26, 28, 29]

--- Генерація вершинного покриття (зі списку суміжності) ---
Знайдене максимальне парування (M): {(9, 23), (1, 15), (0, 16), (5, 8), (10, 14), (19, 20), (12, 29), (21, 22), (2, 13), (24, 28), (25, 27), (4, 7), (11, 17)}
Згенероване вершинне покриття (C): [0, 1, 2, 4, 5, 7, 8, 9, 10, 11, 12, 13, 14, 15, 16, 17, 19, 20, 21, 22, 23, 24, 25, 27, 28, 29]

--- Генерація вершинного покриття (зі списку суміжності) ---
Знайдене максимальне парування (M): {(1, 25), (24, 26), (12, 19), (10, 13), (9, 21), (2, 5), (27, 29), (3, 6), (14, 22), (20, 28), (0, 8), (7, 11), (15, 18), (16, 17)}
Згенероване вершинне покриття (C): [0, 1, 2, 3, 5, 6, 7, 8, 9, 10, 11, 12, 13, 14, 15, 16, 17, 18, 19, 20, 21, 22, 24, 25, 26, 27, 28, 29]

--- Генерація вершинного покриття (зі списку суміжності) ---
Знайдене максимальне парування (M): {(11, 23), (24, 26), (1, 8), (21, 22), (2, 16), (4, 25), (15, 20), (3, 13), (10, 19), (12, 18), (9, 17), (0, 14), (6, 28)}
Згенероване вершинне покриття (C): [0, 1, 2, 3, 4, 6, 8, 9, 10, 11, 12, 13, 14, 15, 16, 17, 18, 19, 20, 21, 22, 23, 24, 25, 26, 28]

--- Генерація вершинного покриття (зі списку суміжності) ---
Знайдене максимальне парування (M): {(18, 27), (9, 23), (4, 16), (12, 20), (21, 29), (13, 26), (2, 10), (1, 8), (5, 7), (0, 28), (17, 22), (24, 25), (15, 19), (3, 6), (11, 14)}
Згенероване вершинне покриття (C): [0, 1, 2, 3, 4, 5, 6, 7, 8, 9, 10, 11, 12, 13, 14, 15, 16, 17, 18, 19, 20, 21, 22, 23, 24, 25, 26, 27, 28, 29]

--- Генерація вершинного покриття (зі списку суміжності) ---
Знайдене максимальне парування (M): {(0, 7), (5, 21), (16, 26), (9, 29), (3, 27), (1, 2), (11, 13), (10, 17), (6, 23), (20, 25), (19, 28), (12, 15), (8, 18), (14, 22)}
Згенероване вершинне покриття (C): [0, 1, 2, 3, 5, 6, 7, 8, 9, 10, 11, 12, 13, 14, 15, 16, 17, 18, 19, 20, 21, 22, 23, 25, 26, 27, 28, 29]

--- Генерація вершинного покриття (зі списку суміжності) ---
Знайдене максимальне парування (M): {(8, 27), (1, 15), (13, 23), (4, 28), (2, 16), (7, 29), (17, 22), (9, 24), (6, 10), (18, 25), (5, 19), (12, 21), (11, 14)}
Згенероване вершинне покриття (C): [1, 2, 4, 5, 6, 7, 8, 9, 10, 11, 12, 13, 14, 15, 16, 17, 18, 19, 21, 22, 23, 24, 25, 27, 28, 29]

--- Генерація вершинного покриття (зі списку суміжності) ---
Знайдене максимальне парування (M): {(1, 28), (10, 21), (3, 8), (11, 20), (9, 19), (4, 6), (13, 29), (5, 26), (0, 2), (23, 25), (12, 15), (17, 24), (7, 18)}
Згенероване вершинне покриття (C): [0, 1, 2, 3, 4, 5, 6, 7, 8, 9, 10, 11, 12, 13, 15, 17, 18, 19, 20, 21, 23, 24, 25, 26, 28, 29]

--- Генерація вершинного покриття (зі списку суміжності) ---
Знайдене максимальне парування (M): {(9, 22), (19, 20), (17, 18), (8, 26), (1, 27), (14, 16), (6, 7), (5, 10), (0, 25), (2, 15), (4, 11), (13, 21), (23, 24)}
Згенероване вершинне покриття (C): [0, 1, 2, 4, 5, 6, 7, 8, 9, 10, 11, 13, 14, 15, 16, 17, 18, 19, 20, 21, 22, 23, 24, 25, 26, 27]

--- Генерація вершинного покриття (зі списку суміжності) ---
Знайдене максимальне парування (M): {(9, 10), (5, 15), (11, 23), (2, 7), (18, 20), (16, 19), (1, 14), (3, 26), (6, 17), (8, 12), (4, 21), (13, 28), (22, 29), (0, 27)}
Згенероване вершинне покриття (C): [0, 1, 2, 3, 4, 5, 6, 7, 8, 9, 10, 11, 12, 13, 14, 15, 16, 17, 18, 19, 20, 21, 22, 23, 26, 27, 28, 29]

--- Генерація вершинного покриття (зі списку суміжності) ---
Знайдене максимальне парування (M): {(5, 21), (11, 20), (2, 17), (12, 26), (4, 15), (6, 7), (14, 19), (3, 13), (8, 9), (24, 28), (1, 29), (22, 25), (16, 27), (10, 18)}
Згенероване вершинне покриття (C): [1, 2, 3, 4, 5, 6, 7, 8, 9, 10, 11, 12, 13, 14, 15, 16, 17, 18, 19, 20, 21, 22, 24, 25, 26, 27, 28, 29]

--- Генерація вершинного покриття (зі списку суміжності) ---
Знайдене максимальне парування (M): {(9, 16), (17, 23), (2, 27), (5, 11), (4, 13), (1, 22), (3, 10), (24, 29), (18, 19), (20, 21), (0, 15), (8, 25), (12, 14), (6, 28)}
Згенероване вершинне покриття (C): [0, 1, 2, 3, 4, 5, 6, 8, 9, 10, 11, 12, 13, 14, 15, 16, 17, 18, 19, 20, 21, 22, 23, 24, 25, 27, 28, 29]

--- Генерація вершинного покриття (зі списку суміжності) ---
Знайдене максимальне парування (M): {(12, 27), (17, 23), (20, 24), (9, 13), (7, 10), (14, 16), (19, 29), (18, 22), (2, 6), (0, 21), (1, 26), (3, 28), (5, 25), (8, 11)}
Згенероване вершинне покриття (C): [0, 1, 2, 3, 5, 6, 7, 8, 9, 10, 11, 12, 13, 14, 16, 17, 18, 19, 20, 21, 22, 23, 24, 25, 26, 27, 28, 29]

--- Генерація вершинного покриття (зі списку суміжності) ---
Знайдене максимальне парування (M): {(9, 16), (4, 10), (21, 23), (0, 27), (17, 29), (1, 8), (6, 13), (18, 22), (2, 12), (20, 25), (19, 28), (14, 15), (7, 24), (3, 5)}
Згенероване вершинне покриття (C): [0, 1, 2, 3, 4, 5, 6, 7, 8, 9, 10, 12, 13, 14, 15, 16, 17, 18, 19, 20, 21, 22, 23, 24, 25, 27, 28, 29]

--- Генерація вершинного покриття (зі списку суміжності) ---
Знайдене максимальне парування (M): {(6, 18), (2, 23), (0, 10), (3, 7), (9, 12), (14, 16), (8, 29), (15, 26), (5, 22), (13, 28), (17, 21), (1, 19), (11, 27), (4, 20)}
Згенероване вершинне покриття (C): [0, 1, 2, 3, 4, 5, 6, 7, 8, 9, 10, 11, 12, 13, 14, 15, 16, 17, 18, 19, 20, 21, 22, 23, 26, 27, 28, 29]

--- Генерація вершинного покриття (зі списку суміжності) ---
Знайдене максимальне парування (M): {(0, 23), (1, 2), (6, 15), (5, 8), (16, 29), (20, 27), (13, 26), (3, 10), (7, 28), (9, 18), (4, 11), (22, 25), (14, 21)}
Згенероване вершинне покриття (C): [0, 1, 2, 3, 4, 5, 6, 7, 8, 9, 10, 11, 13, 14, 15, 16, 18, 20, 21, 22, 23, 25, 26, 27, 28, 29]

--- Генерація вершинного покриття (зі списку суміжності) ---
Знайдене максимальне парування (M): {(6, 11), (15, 27), (14, 17), (12, 29), (18, 19), (1, 4), (5, 7), (2, 3), (23, 28), (16, 24), (22, 25), (13, 21), (9, 26)}
Згенероване вершинне покриття (C): [1, 2, 3, 4, 5, 6, 7, 9, 11, 12, 13, 14, 15, 16, 17, 18, 19, 21, 22, 23, 24, 25, 26, 27, 28, 29]

--- Генерація вершинного покриття (зі списку суміжності) ---
Знайдене максимальне парування (M): {(12, 17), (2, 27), (8, 23), (6, 9), (18, 26), (1, 24), (21, 22), (14, 29), (16, 25), (3, 13), (10, 19), (5, 28), (0, 11), (4, 20)}
Згенероване вершинне покриття (C): [0, 1, 2, 3, 4, 5, 6, 8, 9, 10, 11, 12, 13, 14, 16, 17, 18, 19, 20, 21, 22, 23, 24, 25, 26, 27, 28, 29]

--- Генерація вершинного покриття (зі списку суміжності) ---
Знайдене максимальне парування (M): {(16, 20), (1, 2), (25, 29), (14, 27), (7, 10), (5, 17), (11, 22), (3, 9), (4, 8), (12, 21), (13, 15), (18, 24), (6, 28)}
Згенероване вершинне покриття (C): [1, 2, 3, 4, 5, 6, 7, 8, 9, 10, 11, 12, 13, 14, 15, 16, 17, 18, 20, 21, 22, 24, 25, 27, 28, 29]

--- Генерація вершинного покриття (зі списку суміжності) ---
Знайдене максимальне парування (M): {(7, 27), (11, 20), (22, 24), (9, 28), (1, 8), (14, 16), (15, 26), (5, 13), (2, 6), (3, 12), (10, 25), (0, 18), (4, 17), (21, 23)}
Згенероване вершинне покриття (C): [0, 1, 2, 3, 4, 5, 6, 7, 8, 9, 10, 11, 12, 13, 14, 15, 16, 17, 18, 20, 21, 22, 23, 24, 25, 26, 27, 28]

Середній час виконання: 0.0000257874 секунд
