
--- Генерація вершинного покриття (зі списку суміжності) ---
Знайдене максимальне парування (M): {(75, 161), (26, 158), (1, 49), (44, 173), (22, 154), (6, 57), (61, 100), (18, 147), (136, 160), (20, 40), (62, 174), (86, 168), (85, 148), (104, 146), (118, 172), (56, 133), (37, 138), (38, 48), (63, 111), (3, 35), (80, 163), (53, 66), (10, 95), (108, 109), (8, 116), (88, 115), (43, 119), (94, 137), (14, 101), (67, 122), (28, 167), (107, 112), (73, 144), (58, 149), (52, 142), (70, 93), (4, 166), (79, 135), (71, 131), (81, 141), (13, 153), (54, 69), (96, 126), (27, 145), (19, 77), (31, 124), (74, 113), (87, 150), (23, 165), (78, 110), (76, 140), (7, 132), (25, 83), (34, 134), (15, 102), (39, 50), (16, 64), (47, 170), (45, 127), (41, 169), (12, 151), (59, 156), (17, 159), (0, 152), (65, 162), (24, 91), (92, 125), (90, 164), (2, 51), (11, 72), (103, 121), (29, 117), (89, 128), (84, 98), (114, 123), (30, 32), (5, 97), (60, 106), (46, 55), (120, 157), (9, 143), (68, 82)}
Згенероване вершинне покриття (C): [0, 1, 2, 3, 4, 5, 6, 7, 8, 9, 10, 11, 12, 13, 14, 15, 16, 17, 18, 19, 20, 22, 23, 24, 25, 26, 27, 28, 29, 30, 31, 32, 34, 35, 37, 38, 39, 40, 41, 43, 44, 45, 46, 47, 48, 49, 50, 51, 52, 53, 54, 55, 56, 57, 58, 59, 60, 61, 62, 63, 64, 65, 66, 67, 68, 69, 70, 71, 72, 73, 74, 75, 76, 77, 78, 79, 80, 81, 82, 83, 84, 85, 86, 87, 88, 89, 90, 91, 92, 93, 94, 95, 96, 97, 98, 100, 101, 102, 103, 104, 106, 107, 108, 109, 110, 111, 112, 113, 114, 115, 116, 117, 118, 119, 120, 121, 122, 123, 124, 125, 126, 127, 128, 131, 132, 133, 134, 135, 136, 137, 138, 140, 141, 142, 143, 144, 145, 146, 147, 148, 149, 150, 151, 152, 153, 154, 156, 157, 158, 159, 160, 161, 162, 163, 164, 165, 166, 167, 168, 169, 170, 172, 173, 174]

--- Генерація вершинного покриття (зі списку суміжності) ---
Знайдене максимальне парування (M): {(59, 64), (4, 128), (87, 144), (28, 67), (134, 140), (73, 99), (7, 163), (79, 124), (153, 162), (41, 88), (149, 167), (52, 170), (145, 172), (23, 155), (1, 17), (10, 47), (137, 161), (51, 121), (46, 109), (42, 84), (138, 164), (2, 148), (117, 135), (16, 156), (76, 106), (103, 154), (71, 165), (15, 68), (24, 80), (25, 33), (30, 56), (85, 129), (6, 159), (21, 93), (77, 91), (53, 54), (119, 173), (35, 146), (39, 82), (18, 160), (133, 147), (62, 169), (125, 152), (8, 97), (157, 168), (12, 122), (114, 151), (78, 131), (29, 37), (32, 118), (75, 141), (26, 65), (130, 150), (110, 174), (94, 102), (34, 63), (0, 40), (9, 171), (11, 49), (22, 143), (72, 92), (3, 96), (5, 38), (43, 86), (100, 120), (31, 139), (58, 132), (104, 108), (57, 69), (27, 98), (13, 20), (123, 142), (14, 116), (50, 112), (61, 66), (36, 60), (115, 158), (81, 101), (45, 136), (90, 113), (19, 126), (48, 107), (44, 70), (74, 89)}
Згенероване вершинне покриття (C): [0, 1, 2, 3, 4, 5, 6, 7, 8, 9, 10, 11, 12, 13, 14, 15, 16, 17, 18, 19, 20, 21, 22, 23, 24, 25, 26, 27, 28, 29, 30, 31, 32, 33, 34, 35, 36, 37, 38, 39, 40, 41, 42, 43, 44, 45, 46, 47, 48, 49, 50, 51, 52, 53, 54, 56, 57, 58, 59, 60, 61, 62, 63, 64, 65, 66, 67, 68, 69, 70, 71, 72, 73, 74, 75, 76, 77, 78, 79, 80, 81, 82, 84, 85, 86, 87, 88, 89, 90, 91, 92, 93, 94, 96, 97, 98, 99, 100, 101, 102, 103, 104, 106, 107, 108, 109, 110, 112, 113, 114, 115, 116, 117, 118, 119, 120, 121, 122, 123, 124, 125, 126, 128, 129, 130, 131, 132, 133, 134, 135, 136, 137, 138, 139, 140, 141, 142, 143, 144, 145, 146, 147, 148, 149, 150, 151, 152, 153, 154, 155, 156, 157, 158, 159, 160, 161, 162, 163, 164, 165, 167, 168, 169, 170, 171, 172, 173, 174]

--- Генерація вершинного покриття (зі списку суміжності) ---
Знайдене максимальне парування (M): {(33, 100), (82, 93), (36, 71), (56, 174), (41, 106), (2, 105), (34, 94), (20, 122), (39, 83), (7, 149), (30, 77), (26, 55), (35, 131), (60, 160), (48, 152), (98, 128), (14, 101), (130, 151), (32, 91), (90, 142), (132, 157), (74, 164), (79, 169), (111, 146), (67, 143), (12, 161), (148, 170), (73, 155), (51, 63), (1, 117), (18, 75), (46, 88), (3, 135), (0, 84), (31, 62), (37, 167), (102, 113), (85, 115), (129, 133), (13, 59), (50, 78), (4, 99), (64, 168), (125, 163), (109, 112), (162, 166), (40, 140), (11, 49), (42, 58), (69, 139), (153, 172), (28, 150), (17, 95), (19, 92), (65, 144), (54, 68), (24, 173), (104, 108), (61, 137), (10, 119), (96, 134), (23, 110), (29, 126), (8, 158), (9, 47), (16, 25), (38, 165), (52, 72), (45, 97), (43, 81), (154, 159), (89, 121), (66, 156), (80, 127), (21, 87), (107, 120), (124, 145), (76, 123), (44, 70), (118, 138), (116, 141), (5, 136)}
Згенероване вершинне покриття (C): [0, 1, 2, 3, 4, 5, 7, 8, 9, 10, 11, 12, 13, 14, 16, 17, 18, 19, 20, 21, 23, 24, 25, 26, 28, 29, 30, 31, 32, 33, 34, 35, 36, 37, 38, 39, 40, 41, 42, 43, 44, 45, 46, 47, 48, 49, 50, 51, 52, 54, 55, 56, 58, 59, 60, 61, 62, 63, 64, 65, 66, 67, 68, 69, 70, 71, 72, 73, 74, 75, 76, 77, 78, 79, 80, 81, 82, 83, 84, 85, 87, 88, 89, 90, 91, 92, 93, 94, 95, 96, 97, 98, 99, 100, 101, 102, 104, 105, 106, 107, 108, 109, 110, 111, 112, 113, 115, 116, 117, 118, 119, 120, 121, 122, 123, 124, 125, 126, 127, 128, 129, 130, 131, 132, 133, 134, 135, 136, 137, 138, 139, 140, 141, 142, 143, 144, 145, 146, 148, 149, 150, 151, 152, 153, 154, 155, 156, 157, 158, 159, 160, 161, 162, 163, 164, 165, 166, 167, 168, 169, 170, 172, 173, 174]

--- Генерація вершинного покриття (зі списку суміжності) ---
Знайдене максимальне парування (M): {(29, 139), (113, 145), (61, 171), (56, 147), (18, 108), (77, 90), (41, 79), (131, 143), (33, 157), (81, 105), (101, 117), (60, 76), (69, 161), (87, 130), (6, 43), (66, 128), (8, 25), (121, 146), (40, 84), (20, 26), (51, 132), (72, 118), (17, 167), (27, 122), (2, 166), (134, 148), (82, 174), (67, 106), (1, 133), (95, 152), (114, 165), (63, 163), (59, 86), (78, 99), (52, 144), (4, 168), (9, 30), (19, 159), (37, 55), (74, 104), (53, 102), (10, 85), (73, 141), (28, 54), (32, 100), (138, 173), (11, 111), (94, 127), (98, 109), (12, 149), (48, 71), (14, 112), (75, 107), (83, 120), (103, 153), (137, 155), (24, 162), (44, 110), (49, 115), (50, 80), (64, 97), (39, 125), (62, 93), (46, 124), (38, 65), (31, 123), (0, 35), (15, 136), (68, 151), (21, 140), (89, 91), (34, 88), (22, 150), (47, 158), (3, 36), (23, 57), (129, 160), (70, 135), (164, 172), (7, 170), (45, 154)}
Згенероване вершинне покриття (C): [0, 1, 2, 3, 4, 6, 7, 8, 9, 10, 11, 12, 14, 15, 17, 18, 19, 20, 21, 22, 23, 24, 25, 26, 27, 28, 29, 30, 31, 32, 33, 34, 35, 36, 37, 38, 39, 40, 41, 43, 44, 45, 46, 47, 48, 49, 50, 51, 52, 53, 54, 55, 56, 57, 59, 60, 61, 62, 63, 64, 65, 66, 67, 68, 69, 70, 71, 72, 73, 74, 75, 76, 77, 78, 79, 80, 81, 82, 83, 84, 85, 86, 87, 88, 89, 90, 91, 93, 94, 95, 97, 98, 99, 100, 101, 102, 103, 104, 105, 106, 107, 108, 109, 110, 111, 112, 113, 114, 115, 117, 118, 120, 121, 122, 123, 124, 125, 127, 128, 129, 130, 131, 132, 133, 134, 135, 136, 137, 138, 139, 140, 141, 143, 144, 145, 146, 147, 148, 149, 150, 151, 152, 153, 154, 155, 157, 158, 159, 160, 161, 162, 163, 164, 165, 166, 167, 168, 170, 171, 172, 173, 174]

--- Генерація вершинного покриття (зі списку суміжності) ---
Знайдене максимальне парування (M): {(51, 169), (61, 171), (91, 126), (33, 173), (55, 93), (12, 43), (10, 36), (16, 31), (0, 108), (53, 89), (86, 95), (9, 83), (98, 160), (28, 117), (38, 57), (143, 167), (18, 78), (8, 52), (119, 139), (85, 125), (84, 157), (58, 156), (75, 87), (72, 118), (105, 161), (99, 154), (2, 29), (63, 134), (15, 148), (17, 112), (45, 64), (74, 136), (141, 165), (59, 166), (54, 69), (88, 101), (22, 128), (37, 80), (47, 102), (7, 66), (110, 170), (103, 149), (65, 174), (39, 155), (40, 163), (70, 152), (41, 146), (73, 132), (21, 24), (23, 140), (50, 142), (35, 123), (25, 122), (19, 81), (48, 62), (100, 164), (114, 162), (26, 113), (4, 92), (115, 124), (168, 172), (32, 159), (5, 120), (67, 135), (3, 34), (94, 97), (30, 158), (68, 96), (107, 109), (77, 138), (106, 153), (60, 131), (116, 130), (90, 111), (11, 129), (121, 147), (6, 144), (79, 104), (42, 137), (46, 82), (49, 133), (20, 127), (14, 56)}
Згенероване вершинне покриття (C): [0, 2, 3, 4, 5, 6, 7, 8, 9, 10, 11, 12, 14, 15, 16, 17, 18, 19, 20, 21, 22, 23, 24, 25, 26, 28, 29, 30, 31, 32, 33, 34, 35, 36, 37, 38, 39, 40, 41, 42, 43, 45, 46, 47, 48, 49, 50, 51, 52, 53, 54, 55, 56, 57, 58, 59, 60, 61, 62, 63, 64, 65, 66, 67, 68, 69, 70, 72, 73, 74, 75, 77, 78, 79, 80, 81, 82, 83, 84, 85, 86, 87, 88, 89, 90, 91, 92, 93, 94, 95, 96, 97, 98, 99, 100, 101, 102, 103, 104, 105, 106, 107, 108, 109, 110, 111, 112, 113, 114, 115, 116, 117, 118, 119, 120, 121, 122, 123, 124, 125, 126, 127, 128, 129, 130, 131, 132, 133, 134, 135, 136, 137, 138, 139, 140, 141, 142, 143, 144, 146, 147, 148, 149, 152, 153, 154, 155, 156, 157, 158, 159, 160, 161, 162, 163, 164, 165, 166, 167, 168, 169, 170, 171, 172, 173, 174]

--- Генерація вершинного покриття (зі списку суміжності) ---
Знайдене максимальне парування (M): {(107, 122), (99, 173), (108, 121), (48, 54), (66, 133), (17, 94), (80, 104), (148, 168), (43, 103), (71, 150), (9, 138), (38, 119), (87, 112), (14, 115), (64, 128), (118, 163), (50, 120), (34, 78), (47, 139), (77, 85), (39, 46), (2, 61), (6, 52), (74, 141), (111, 169), (75, 167), (41, 165), (65, 159), (88, 170), (30, 134), (98, 137), (27, 95), (84, 129), (37, 51), (8, 45), (33, 44), (76, 97), (19, 63), (58, 67), (101, 126), (144, 161), (130, 153), (22, 55), (1, 151), (91, 127), (114, 156), (4, 132), (124, 142), (152, 158), (59, 86), (15, 70), (13, 146), (171, 174), (117, 157), (20, 96), (89, 147), (49, 56), (29, 172), (16, 53), (18, 116), (40, 131), (154, 162), (7, 100), (36, 136), (3, 160), (68, 140), (0, 106), (28, 79), (57, 69), (24, 93), (81, 90), (26, 35), (23, 82), (42, 62), (102, 149), (73, 113), (32, 145), (21, 60), (11, 92), (72, 135), (10, 123), (110, 155)}
Згенероване вершинне покриття (C): [0, 1, 2, 3, 4, 6, 7, 8, 9, 10, 11, 13, 14, 15, 16, 17, 18, 19, 20, 21, 22, 23, 24, 26, 27, 28, 29, 30, 32, 33, 34, 35, 36, 37, 38, 39, 40, 41, 42, 43, 44, 45, 46, 47, 48, 49, 50, 51, 52, 53, 54, 55, 56, 57, 58, 59, 60, 61, 62, 63, 64, 65, 66, 67, 68, 69, 70, 71, 72, 73, 74, 75, 76, 77, 78, 79, 80, 81, 82, 84, 85, 86, 87, 88, 89, 90, 91, 92, 93, 94, 95, 96, 97, 98, 99, 100, 101, 102, 103, 104, 106, 107, 108, 110, 111, 112, 113, 114, 115, 116, 117, 118, 119, 120, 121, 122, 123, 124, 126, 127, 128, 129, 130, 131, 132, 133, 134, 135, 136, 137, 138, 139, 140, 141, 142, 144, 145, 146, 147, 148, 149, 150, 151, 152, 153, 154, 155, 156, 157, 158, 159, 160, 161, 162, 163, 165, 167, 168, 169, 170, 171, 172, 173, 174]

--- Генерація вершинного покриття (зі списку суміжності) ---
Знайдене максимальне парування (M): {(15, 140), (7, 154), (134, 158), (0, 133), (28, 149), (40, 114), (22, 163), (155, 165), (105, 164), (6, 148), (90, 108), (42, 123), (62, 156), (43, 142), (75, 92), (50, 120), (64, 91), (3, 17), (88, 122), (9, 12), (98, 135), (4, 171), (10, 49), (21, 89), (11, 121), (82, 172), (103, 124), (19, 36), (45, 174), (59, 63), (47, 125), (30, 127), (95, 104), (136, 141), (23, 145), (54, 71), (8, 168), (38, 84), (31, 78), (24, 48), (60, 77), (67, 147), (51, 138), (152, 169), (41, 146), (70, 106), (16, 144), (76, 167), (20, 153), (26, 166), (18, 107), (35, 68), (61, 117), (37, 132), (80, 130), (72, 101), (83, 150), (25, 87), (85, 110), (56, 159), (5, 86), (14, 34), (128, 129), (13, 29), (32, 161), (52, 109), (79, 93), (96, 173), (126, 131), (1, 118), (55, 162), (39, 65), (58, 100), (111, 115), (44, 116), (113, 170), (73, 97), (57, 119), (102, 151), (99, 143), (69, 157), (46, 137)}
Згенероване вершинне покриття (C): [0, 1, 3, 4, 5, 6, 7, 8, 9, 10, 11, 12, 13, 14, 15, 16, 17, 18, 19, 20, 21, 22, 23, 24, 25, 26, 28, 29, 30, 31, 32, 34, 35, 36, 37, 38, 39, 40, 41, 42, 43, 44, 45, 46, 47, 48, 49, 50, 51, 52, 54, 55, 56, 57, 58, 59, 60, 61, 62, 63, 64, 65, 67, 68, 69, 70, 71, 72, 73, 75, 76, 77, 78, 79, 80, 82, 83, 84, 85, 86, 87, 88, 89, 90, 91, 92, 93, 95, 96, 97, 98, 99, 100, 101, 102, 103, 104, 105, 106, 107, 108, 109, 110, 111, 113, 114, 115, 116, 117, 118, 119, 120, 121, 122, 123, 124, 125, 126, 127, 128, 129, 130, 131, 132, 133, 134, 135, 136, 137, 138, 140, 141, 142, 143, 144, 145, 146, 147, 148, 149, 150, 151, 152, 153, 154, 155, 156, 157, 158, 159, 161, 162, 163, 164, 165, 166, 167, 168, 169, 170, 171, 172, 173, 174]

--- Генерація вершинного покриття (зі списку суміжності) ---
Знайдене максимальне парування (M): {(55, 84), (119, 160), (8, 137), (19, 146), (48, 127), (68, 75), (41, 88), (22, 117), (43, 94), (121, 169), (13, 44), (27, 125), (139, 174), (135, 170), (18, 131), (52, 172), (81, 162), (142, 157), (37, 92), (21, 114), (7, 124), (30, 34), (42, 100), (47, 59), (107, 110), (26, 155), (45, 71), (98, 171), (16, 99), (28, 64), (2, 118), (20, 154), (120, 156), (108, 136), (74, 143), (78, 159), (15, 130), (54, 67), (72, 145), (83, 112), (3, 140), (4, 93), (70, 102), (65, 90), (82, 158), (132, 134), (85, 95), (63, 129), (147, 152), (23, 138), (24, 103), (87, 150), (113, 141), (31, 126), (38, 77), (5, 6), (123, 163), (69, 73), (89, 149), (61, 151), (33, 144), (53, 122), (111, 173), (97, 128), (57, 101), (79, 116), (56, 166), (14, 105), (40, 133), (32, 49), (9, 148), (11, 35), (60, 168), (51, 165), (106, 153), (25, 46), (10, 66), (80, 164), (1, 29), (0, 58), (62, 161), (39, 104), (86, 109)}
Згенероване вершинне покриття (C): [0, 1, 2, 3, 4, 5, 6, 7, 8, 9, 10, 11, 13, 14, 15, 16, 18, 19, 20, 21, 22, 23, 24, 25, 26, 27, 28, 29, 30, 31, 32, 33, 34, 35, 37, 38, 39, 40, 41, 42, 43, 44, 45, 46, 47, 48, 49, 51, 52, 53, 54, 55, 56, 57, 58, 59, 60, 61, 62, 63, 64, 65, 66, 67, 68, 69, 70, 71, 72, 73, 74, 75, 77, 78, 79, 80, 81, 82, 83, 84, 85, 86, 87, 88, 89, 90, 92, 93, 94, 95, 97, 98, 99, 100, 101, 102, 103, 104, 105, 106, 107, 108, 109, 110, 111, 112, 113, 114, 116, 117, 118, 119, 120, 121, 122, 123, 124, 125, 126, 127, 128, 129, 130, 131, 132, 133, 134, 135, 136, 137, 138, 139, 140, 141, 142, 143, 144, 145, 146, 147, 148, 149, 150, 151, 152, 153, 154, 155, 156, 157, 158, 159, 160, 161, 162, 163, 164, 165, 166, 168, 169, 170, 171, 172, 173, 174]

--- Генерація вершинного покриття (зі списку суміжності) ---
Знайдене максимальне парування (M): {(70, 110), (19, 64), (11, 115), (67, 162), (16, 86), (13, 44), (105, 136), (146, 171), (88, 129), (12, 36), (1, 108), (143, 149), (25, 75), (103, 161), (60, 71), (14, 156), (41, 140), (125, 164), (34, 174), (51, 107), (38, 98), (21, 155), (43, 66), (59, 93), (33, 138), (7, 73), (39, 89), (82, 158), (46, 104), (6, 150), (54, 151), (35, 55), (40, 106), (15, 116), (90, 91), (27, 53), (131, 165), (97, 142), (137, 160), (49, 102), (42, 72), (77, 123), (30, 170), (52, 112), (85, 124), (48, 169), (127, 133), (118, 130), (45, 100), (122, 148), (63, 78), (24, 61), (28, 31), (3, 4), (56, 159), (10, 18), (5, 95), (9, 157), (37, 173), (109, 134), (26, 145), (68, 96), (121, 163), (69, 79), (50, 139), (81, 172), (101, 120), (62, 113), (22, 168), (17, 99), (2, 80), (29, 119), (84, 128), (57, 153), (141, 152), (76, 114), (0, 58), (74, 135), (65, 132), (111, 154), (8, 144), (83, 147), (32, 92)}
Згенероване вершинне покриття (C): [0, 1, 2, 3, 4, 5, 6, 7, 8, 9, 10, 11, 12, 13, 14, 15, 16, 17, 18, 19, 21, 22, 24, 25, 26, 27, 28, 29, 30, 31, 32, 33, 34, 35, 36, 37, 38, 39, 40, 41, 42, 43, 44, 45, 46, 48, 49, 50, 51, 52, 53, 54, 55, 56, 57, 58, 59, 60, 61, 62, 63, 64, 65, 66, 67, 68, 69, 70, 71, 72, 73, 74, 75, 76, 77, 78, 79, 80, 81, 82, 83, 84, 85, 86, 88, 89, 90, 91, 92, 93, 95, 96, 97, 98, 99, 100, 101, 102, 103, 104, 105, 106, 107, 108, 109, 110, 111, 112, 113, 114, 115, 116, 118, 119, 120, 121, 122, 123, 124, 125, 127, 128, 129, 130, 131, 132, 133, 134, 135, 136, 137, 138, 139, 140, 141, 142, 143, 144, 145, 146, 147, 148, 149, 150, 151, 152, 153, 154, 155, 156, 157, 158, 159, 160, 161, 162, 163, 164, 165, 168, 169, 170, 171, 172, 173, 174]

--- Генерація вершинного покриття (зі списку суміжності) ---
Знайдене максимальне парування (M): {(16, 166), (5, 83), (132, 133), (11, 23), (48, 72), (75, 90), (67, 171), (51, 162), (55, 123), (52, 170), (7, 156), (46, 105), (14, 24), (20, 104), (21, 112), (115, 128), (12, 54), (41, 154), (56, 124), (79, 110), (13, 30), (35, 94), (107, 165), (42, 164), (44, 106), (65, 159), (81, 155), (29, 47), (126, 144), (8, 36), (0, 32), (74, 100), (19, 45), (68, 93), (103, 117), (70, 157), (10, 145), (53, 125), (9, 37), (18, 82), (91, 118), (60, 139), (78, 99), (121, 143), (119, 173), (1, 25), (15, 109), (95, 172), (4, 161), (63, 76), (3, 174), (58, 64), (89, 158), (98, 136), (27, 149), (88, 135), (73, 116), (40, 131), (84, 140), (26, 31), (77, 134), (80, 130), (61, 71), (62, 127), (66, 97), (150, 151), (141, 148), (43, 122), (142, 147), (34, 168), (22, 120), (49, 138), (59, 69), (33, 114), (101, 111), (153, 167), (39, 129), (28, 108), (85, 160), (50, 169), (87, 96), (2, 137), (57, 146)}
Згенероване вершинне покриття (C): [0, 1, 2, 3, 4, 5, 7, 8, 9, 10, 11, 12, 13, 14, 15, 16, 18, 19, 20, 21, 22, 23, 24, 25, 26, 27, 28, 29, 30, 31, 32, 33, 34, 35, 36, 37, 39, 40, 41, 42, 43, 44, 45, 46, 47, 48, 49, 50, 51, 52, 53, 54, 55, 56, 57, 58, 59, 60, 61, 62, 63, 64, 65, 66, 67, 68, 69, 70, 71, 72, 73, 74, 75, 76, 77, 78, 79, 80, 81, 82, 83, 84, 85, 87, 88, 89, 90, 91, 93, 94, 95, 96, 97, 98, 99, 100, 101, 103, 104, 105, 106, 107, 108, 109, 110, 111, 112, 114, 115, 116, 117, 118, 119, 120, 121, 122, 123, 124, 125, 126, 127, 128, 129, 130, 131, 132, 133, 134, 135, 136, 137, 138, 139, 140, 141, 142, 143, 144, 145, 146, 147, 148, 149, 150, 151, 153, 154, 155, 156, 157, 158, 159, 160, 161, 162, 164, 165, 166, 167, 168, 169, 170, 171, 172, 173, 174]

--- Генерація вершинного покриття (зі списку суміжності) ---
Знайдене максимальне парування (M): {(66, 158), (10, 34), (105, 116), (37, 70), (135, 147), (31, 47), (132, 142), (111, 119), (58, 168), (52, 161), (19, 39), (83, 124), (44, 120), (29, 43), (28, 87), (69, 88), (54, 115), (42, 162), (73, 167), (40, 45), (5, 23), (9, 76), (41, 165), (128, 133), (125, 134), (15, 121), (80, 110), (101, 160), (57, 157), (62, 153), (21, 27), (67, 79), (0, 68), (6, 102), (77, 107), (93, 170), (36, 63), (49, 91), (60, 84), (18, 48), (96, 144), (22, 112), (33, 94), (64, 127), (109, 126), (3, 7), (156, 164), (13, 103), (86, 151), (61, 131), (59, 152), (82, 117), (25, 74), (53, 129), (51, 104), (71, 89), (95, 138), (46, 108), (139, 159), (32, 136), (12, 14), (97, 137), (35, 171), (113, 173), (1, 141), (38, 81), (20, 75), (72, 149), (143, 145), (26, 106), (4, 85), (16, 114), (2, 78), (100, 122), (92, 118), (24, 148), (90, 166), (50, 130), (98, 99), (17, 65), (55, 146), (11, 140), (155, 163), (56, 172)}
Згенероване вершинне покриття (C): [0, 1, 2, 3, 4, 5, 6, 7, 9, 10, 11, 12, 13, 14, 15, 16, 17, 18, 19, 20, 21, 22, 23, 24, 25, 26, 27, 28, 29, 31, 32, 33, 34, 35, 36, 37, 38, 39, 40, 41, 42, 43, 44, 45, 46, 47, 48, 49, 50, 51, 52, 53, 54, 55, 56, 57, 58, 59, 60, 61, 62, 63, 64, 65, 66, 67, 68, 69, 70, 71, 72, 73, 74, 75, 76, 77, 78, 79, 80, 81, 82, 83, 84, 85, 86, 87, 88, 89, 90, 91, 92, 93, 94, 95, 96, 97, 98, 99, 100, 101, 102, 103, 104, 105, 106, 107, 108, 109, 110, 111, 112, 113, 114, 115, 116, 117, 118, 119, 120, 121, 122, 124, 125, 126, 127, 128, 129, 130, 131, 132, 133, 134, 135, 136, 137, 138, 139, 140, 141, 142, 143, 144, 145, 146, 147, 148, 149, 151, 152, 153, 155, 156, 157, 158, 159, 160, 161, 162, 163, 164, 165, 166, 167, 168, 170, 171, 172, 173]

--- Генерація вершинного покриття (зі списку суміжності) ---
Знайдене максимальне парування (M): {(43, 101), (7, 26), (62, 90), (65, 116), (31, 93), (42, 139), (75, 81), (71, 129), (4, 103), (24, 136), (107, 152), (55, 114), (159, 162), (8, 66), (94, 142), (49, 73), (9, 156), (16, 79), (19, 169), (27, 63), (29, 91), (12, 148), (13, 76), (126, 160), (110, 173), (56, 117), (15, 146), (10, 95), (99, 115), (77, 87), (57, 118), (1, 3), (92, 158), (21, 171), (88, 145), (70, 127), (28, 130), (40, 122), (34, 48), (36, 164), (11, 153), (163, 168), (14, 96), (0, 18), (47, 111), (30, 113), (45, 141), (23, 83), (50, 131), (84, 108), (86, 105), (37, 121), (44, 53), (80, 137), (58, 82), (124, 155), (46, 74), (5, 109), (151, 172), (67, 133), (72, 147), (41, 68), (112, 119), (35, 61), (100, 166), (54, 132), (64, 154), (134, 161), (2, 78), (85, 149), (32, 143), (20, 123), (128, 138), (106, 144), (98, 170), (104, 165), (51, 140), (157, 167), (6, 135), (25, 39), (33, 52), (59, 89), (38, 60), (69, 102)}
Згенероване вершинне покриття (C): [0, 1, 2, 3, 4, 5, 6, 7, 8, 9, 10, 11, 12, 13, 14, 15, 16, 18, 19, 20, 21, 23, 24, 25, 26, 27, 28, 29, 30, 31, 32, 33, 34, 35, 36, 37, 38, 39, 40, 41, 42, 43, 44, 45, 46, 47, 48, 49, 50, 51, 52, 53, 54, 55, 56, 57, 58, 59, 60, 61, 62, 63, 64, 65, 66, 67, 68, 69, 70, 71, 72, 73, 74, 75, 76, 77, 78, 79, 80, 81, 82, 83, 84, 85, 86, 87, 88, 89, 90, 91, 92, 93, 94, 95, 96, 98, 99, 100, 101, 102, 103, 104, 105, 106, 107, 108, 109, 110, 111, 112, 113, 114, 115, 116, 117, 118, 119, 121, 122, 123, 124, 126, 127, 128, 129, 130, 131, 132, 133, 134, 135, 136, 137, 138, 139, 140, 141, 142, 143, 144, 145, 146, 147, 148, 149, 151, 152, 153, 154, 155, 156, 157, 158, 159, 160, 161, 162, 163, 164, 165, 166, 167, 168, 169, 170, 171, 172, 173]

--- Генерація вершинного покриття (зі списку суміжності) ---
Знайдене максимальне парування (M): {(98, 156), (18, 81), (25, 96), (9, 63), (56, 92), (117, 163), (19, 137), (49, 53), (29, 50), (131, 134), (44, 93), (62, 74), (127, 136), (4, 32), (107, 108), (54, 154), (34, 151), (104, 112), (5, 87), (15, 64), (7, 69), (1, 174), (91, 141), (11, 66), (31, 99), (113, 126), (43, 155), (36, 52), (30, 118), (138, 139), (10, 26), (33, 101), (147, 150), (40, 88), (145, 171), (13, 55), (170, 173), (20, 133), (165, 167), (153, 159), (37, 103), (71, 144), (65, 158), (2, 35), (24, 41), (90, 114), (105, 160), (82, 146), (78, 124), (58, 121), (122, 157), (38, 97), (80, 130), (12, 142), (45, 47), (6, 67), (83, 168), (46, 94), (72, 76), (61, 119), (14, 77), (28, 143), (109, 116), (102, 110), (21, 140), (8, 51), (79, 166), (73, 95), (106, 162), (39, 120), (48, 68), (75, 86), (17, 172), (85, 169), (60, 115), (16, 100), (89, 148), (125, 135), (0, 3), (27, 84), (22, 42), (123, 128), (23, 59), (132, 149)}
Згенероване вершинне покриття (C): [0, 1, 2, 3, 4, 5, 6, 7, 8, 9, 10, 11, 12, 13, 14, 15, 16, 17, 18, 19, 20, 21, 22, 23, 24, 25, 26, 27, 28, 29, 30, 31, 32, 33, 34, 35, 36, 37, 38, 39, 40, 41, 42, 43, 44, 45, 46, 47, 48, 49, 50, 51, 52, 53, 54, 55, 56, 58, 59, 60, 61, 62, 63, 64, 65, 66, 67, 68, 69, 71, 72, 73, 74, 75, 76, 77, 78, 79, 80, 81, 82, 83, 84, 85, 86, 87, 88, 89, 90, 91, 92, 93, 94, 95, 96, 97, 98, 99, 100, 101, 102, 103, 104, 105, 106, 107, 108, 109, 110, 112, 113, 114, 115, 116, 117, 118, 119, 120, 121, 122, 123, 124, 125, 126, 127, 128, 130, 131, 132, 133, 134, 135, 136, 137, 138, 139, 140, 141, 142, 143, 144, 145, 146, 147, 148, 149, 150, 151, 153, 154, 155, 156, 157, 158, 159, 160, 162, 163, 165, 166, 167, 168, 169, 170, 171, 172, 173, 174]

--- Генерація вершинного покриття (зі списку суміжності) ---
Знайдене максимальне парування (M): {(115, 142), (13, 97), (35, 161), (73, 154), (54, 86), (9, 163), (0, 44), (17, 133), (71, 113), (20, 40), (68, 123), (121, 135), (103, 129), (15, 16), (144, 173), (124, 170), (130, 165), (24, 37), (55, 134), (38, 167), (12, 157), (67, 102), (4, 98), (72, 125), (30, 52), (36, 141), (122, 174), (45, 153), (21, 107), (112, 145), (11, 32), (1, 39), (82, 92), (6, 29), (109, 158), (5, 146), (7, 110), (70, 93), (48, 74), (42, 49), (91, 127), (14, 69), (79, 119), (33, 131), (162, 171), (151, 168), (117, 148), (50, 58), (77, 139), (87, 95), (116, 140), (18, 59), (53, 111), (19, 88), (22, 169), (108, 172), (120, 137), (84, 147), (80, 155), (46, 83), (27, 60), (105, 126), (118, 150), (34, 56), (101, 143), (94, 159), (8, 156), (2, 85), (128, 136), (90, 100), (81, 106), (25, 62), (63, 64), (43, 152), (3, 61), (99, 114), (65, 75), (57, 89), (41, 166), (104, 149), (47, 78), (10, 132), (66, 76), (51, 96)}
Згенероване вершинне покриття (C): [0, 1, 2, 3, 4, 5, 6, 7, 8, 9, 10, 11, 12, 13, 14, 15, 16, 17, 18, 19, 20, 21, 22, 24, 25, 27, 29, 30, 32, 33, 34, 35, 36, 37, 38, 39, 40, 41, 42, 43, 44, 45, 46, 47, 48, 49, 50, 51, 52, 53, 54, 55, 56, 57, 58, 59, 60, 61, 62, 63, 64, 65, 66, 67, 68, 69, 70, 71, 72, 73, 74, 75, 76, 77, 78, 79, 80, 81, 82, 83, 84, 85, 86, 87, 88, 89, 90, 91, 92, 93, 94, 95, 96, 97, 98, 99, 100, 101, 102, 103, 104, 105, 106, 107, 108, 109, 110, 111, 112, 113, 114, 115, 116, 117, 118, 119, 120, 121, 122, 123, 124, 125, 126, 127, 128, 129, 130, 131, 132, 133, 134, 135, 136, 137, 139, 140, 141, 142, 143, 144, 145, 146, 147, 148, 149, 150, 151, 152, 153, 154, 155, 156, 157, 158, 159, 161, 162, 163, 165, 166, 167, 168, 169, 170, 171, 172, 173, 174]

--- Генерація вершинного покриття (зі списку суміжності) ---
Знайдене максимальне парування (M): {(68, 155), (8, 46), (42, 57), (88, 109), (72, 121), (15, 133), (41, 106), (81, 87), (79, 154), (80, 131), (13, 163), (116, 127), (83, 124), (129, 139), (54, 115), (40, 125), (35, 147), (52, 117), (10, 47), (22, 140), (146, 173), (134, 153), (2, 61), (28, 89), (85, 141), (26, 128), (77, 112), (25, 93), (132, 164), (107, 119), (65, 67), (60, 135), (14, 156), (44, 108), (48, 90), (39, 160), (29, 168), (71, 149), (92, 126), (0, 171), (20, 103), (27, 145), (59, 104), (101, 130), (91, 113), (58, 137), (167, 172), (142, 161), (11, 86), (74, 99), (21, 63), (114, 144), (43, 157), (5, 118), (24, 162), (66, 122), (62, 100), (34, 120), (32, 159), (51, 53), (31, 84), (50, 64), (97, 148), (55, 78), (16, 105), (56, 95), (1, 70), (76, 82), (36, 110), (23, 174), (9, 102), (98, 170), (73, 150), (38, 165), (151, 169), (4, 7), (96, 166), (12, 75), (18, 33), (69, 136), (17, 19), (94, 138), (37, 49)}
Згенероване вершинне покриття (C): [0, 1, 2, 4, 5, 7, 8, 9, 10, 11, 12, 13, 14, 15, 16, 17, 18, 19, 20, 21, 22, 23, 24, 25, 26, 27, 28, 29, 31, 32, 33, 34, 35, 36, 37, 38, 39, 40, 41, 42, 43, 44, 46, 47, 48, 49, 50, 51, 52, 53, 54, 55, 56, 57, 58, 59, 60, 61, 62, 63, 64, 65, 66, 67, 68, 69, 70, 71, 72, 73, 74, 75, 76, 77, 78, 79, 80, 81, 82, 83, 84, 85, 86, 87, 88, 89, 90, 91, 92, 93, 94, 95, 96, 97, 98, 99, 100, 101, 102, 103, 104, 105, 106, 107, 108, 109, 110, 112, 113, 114, 115, 116, 117, 118, 119, 120, 121, 122, 124, 125, 126, 127, 128, 129, 130, 131, 132, 133, 134, 135, 136, 137, 138, 139, 140, 141, 142, 144, 145, 146, 147, 148, 149, 150, 151, 153, 154, 155, 156, 157, 159, 160, 161, 162, 163, 164, 165, 166, 167, 168, 169, 170, 171, 172, 173, 174]

--- Генерація вершинного покриття (зі списку суміжності) ---
Знайдене максимальне парування (M): {(51, 169), (60, 117), (10, 98), (58, 65), (8, 110), (119, 151), (39, 161), (94, 149), (106, 123), (13, 81), (96, 170), (22, 74), (63, 91), (7, 67), (103, 138), (29, 134), (129, 157), (79, 92), (16, 152), (125, 132), (38, 167), (20, 42), (5, 32), (4, 43), (80, 163), (64, 75), (0, 2), (141, 172), (3, 165), (27, 104), (26, 84), (83, 112), (122, 158), (118, 142), (121, 150), (28, 41), (115, 143), (17, 114), (90, 162), (23, 72), (6, 40), (128, 164), (48, 174), (89, 154), (140, 147), (61, 156), (107, 153), (36, 56), (31, 133), (95, 145), (11, 54), (62, 105), (12, 101), (55, 108), (21, 24), (85, 124), (49, 159), (113, 171), (1, 130), (30, 35), (19, 99), (131, 160), (53, 97), (136, 168), (44, 73), (34, 166), (100, 120), (15, 33), (25, 126), (9, 139), (57, 78), (76, 146), (50, 66), (59, 87), (144, 155), (68, 71), (46, 135), (14, 45), (86, 116), (109, 127), (18, 70), (52, 102), (77, 88), (137, 173), (93, 148)}
Згенероване вершинне покриття (C): [0, 1, 2, 3, 4, 5, 6, 7, 8, 9, 10, 11, 12, 13, 14, 15, 16, 17, 18, 19, 20, 21, 22, 23, 24, 25, 26, 27, 28, 29, 30, 31, 32, 33, 34, 35, 36, 38, 39, 40, 41, 42, 43, 44, 45, 46, 48, 49, 50, 51, 52, 53, 54, 55, 56, 57, 58, 59, 60, 61, 62, 63, 64, 65, 66, 67, 68, 70, 71, 72, 73, 74, 75, 76, 77, 78, 79, 80, 81, 83, 84, 85, 86, 87, 88, 89, 90, 91, 92, 93, 94, 95, 96, 97, 98, 99, 100, 101, 102, 103, 104, 105, 106, 107, 108, 109, 110, 112, 113, 114, 115, 116, 117, 118, 119, 120, 121, 122, 123, 124, 125, 126, 127, 128, 129, 130, 131, 132, 133, 134, 135, 136, 137, 138, 139, 140, 141, 142, 143, 144, 145, 146, 147, 148, 149, 150, 151, 152, 153, 154, 155, 156, 157, 158, 159, 160, 161, 162, 163, 164, 165, 166, 167, 168, 169, 170, 171, 172, 173, 174]

--- Генерація вершинного покриття (зі списку суміжності) ---
Знайдене максимальне парування (M): {(36, 117), (71, 157), (3, 40), (19, 39), (26, 160), (2, 4), (22, 37), (95, 171), (7, 131), (16, 161), (11, 174), (17, 135), (20, 152), (120, 154), (74, 77), (29, 54), (25, 75), (61, 159), (112, 143), (127, 168), (132, 164), (119, 148), (52, 67), (21, 98), (32, 73), (27, 122), (41, 60), (140, 145), (134, 169), (105, 108), (79, 89), (28, 50), (30, 47), (111, 121), (81, 150), (62, 146), (156, 162), (38, 155), (126, 130), (70, 86), (69, 96), (35, 128), (141, 167), (107, 144), (10, 138), (91, 102), (104, 136), (88, 158), (42, 170), (0, 45), (23, 129), (58, 80), (110, 163), (59, 115), (93, 165), (101, 123), (14, 103), (63, 78), (66, 113), (55, 76), (24, 125), (53, 106), (1, 34), (72, 85), (6, 149), (142, 147), (15, 51), (18, 166), (90, 118), (64, 172), (94, 97), (46, 87), (49, 92), (133, 137), (33, 68), (82, 116), (31, 43), (83, 99), (124, 173), (12, 139), (65, 114), (8, 153), (5, 44)}
Згенероване вершинне покриття (C): [0, 1, 2, 3, 4, 5, 6, 7, 8, 10, 11, 12, 14, 15, 16, 17, 18, 19, 20, 21, 22, 23, 24, 25, 26, 27, 28, 29, 30, 31, 32, 33, 34, 35, 36, 37, 38, 39, 40, 41, 42, 43, 44, 45, 46, 47, 49, 50, 51, 52, 53, 54, 55, 58, 59, 60, 61, 62, 63, 64, 65, 66, 67, 68, 69, 70, 71, 72, 73, 74, 75, 76, 77, 78, 79, 80, 81, 82, 83, 85, 86, 87, 88, 89, 90, 91, 92, 93, 94, 95, 96, 97, 98, 99, 101, 102, 103, 104, 105, 106, 107, 108, 110, 111, 112, 113, 114, 115, 116, 117, 118, 119, 120, 121, 122, 123, 124, 125, 126, 127, 128, 129, 130, 131, 132, 133, 134, 135, 136, 137, 138, 139, 140, 141, 142, 143, 144, 145, 146, 147, 148, 149, 150, 152, 153, 154, 155, 156, 157, 158, 159, 160, 161, 162, 163, 164, 165, 166, 167, 168, 169, 170, 171, 172, 173, 174]

--- Генерація вершинного покриття (зі списку суміжності) ---
Знайдене максимальне парування (M): {(123, 146), (163, 164), (64, 96), (29, 41), (14, 86), (102, 153), (77, 117), (66, 151), (145, 154), (59, 75), (9, 129), (103, 111), (12, 36), (134, 160), (121, 135), (62, 76), (1, 44), (81, 98), (25, 109), (6, 34), (5, 133), (130, 140), (3, 65), (42, 118), (125, 143), (112, 127), (155, 162), (88, 99), (56, 82), (39, 105), (31, 156), (83, 84), (69, 149), (13, 16), (26, 132), (55, 122), (79, 89), (0, 43), (131, 172), (46, 168), (95, 97), (23, 90), (80, 142), (38, 54), (15, 116), (50, 165), (20, 60), (40, 136), (144, 147), (27, 138), (47, 58), (17, 173), (22, 141), (68, 108), (35, 169), (48, 126), (11, 104), (7, 100), (33, 73), (119, 161), (92, 107), (28, 49), (137, 148), (24, 91), (21, 74), (113, 157), (10, 110), (2, 115), (63, 174), (94, 152), (32, 106), (19, 124), (128, 159), (101, 120), (30, 78), (51, 85), (52, 93), (158, 166), (4, 53), (18, 70), (45, 72), (167, 171), (37, 150), (67, 114)}
Згенероване вершинне покриття (C): [0, 1, 2, 3, 4, 5, 6, 7, 9, 10, 11, 12, 13, 14, 15, 16, 17, 18, 19, 20, 21, 22, 23, 24, 25, 26, 27, 28, 29, 30, 31, 32, 33, 34, 35, 36, 37, 38, 39, 40, 41, 42, 43, 44, 45, 46, 47, 48, 49, 50, 51, 52, 53, 54, 55, 56, 58, 59, 60, 62, 63, 64, 65, 66, 67, 68, 69, 70, 72, 73, 74, 75, 76, 77, 78, 79, 80, 81, 82, 83, 84, 85, 86, 88, 89, 90, 91, 92, 93, 94, 95, 96, 97, 98, 99, 100, 101, 102, 103, 104, 105, 106, 107, 108, 109, 110, 111, 112, 113, 114, 115, 116, 117, 118, 119, 120, 121, 122, 123, 124, 125, 126, 127, 128, 129, 130, 131, 132, 133, 134, 135, 136, 137, 138, 140, 141, 142, 143, 144, 145, 146, 147, 148, 149, 150, 151, 152, 153, 154, 155, 156, 157, 158, 159, 160, 161, 162, 163, 164, 165, 166, 167, 168, 169, 171, 172, 173, 174]

--- Генерація вершинного покриття (зі списку суміжності) ---
Знайдене максимальне парування (M): {(16, 38), (95, 157), (19, 119), (37, 79), (39, 51), (67, 162), (24, 81), (135, 168), (17, 151), (90, 165), (97, 152), (112, 116), (0, 73), (118, 156), (101, 103), (53, 148), (49, 50), (31, 99), (71, 138), (7, 80), (2, 166), (84, 113), (70, 102), (62, 64), (36, 54), (41, 126), (92, 144), (18, 167), (130, 137), (25, 72), (8, 159), (63, 74), (86, 133), (26, 27), (12, 83), (43, 61), (129, 131), (4, 161), (108, 145), (14, 110), (96, 164), (85, 106), (146, 174), (1, 66), (125, 154), (60, 100), (117, 134), (91, 115), (23, 69), (94, 120), (3, 75), (29, 87), (32, 58), (59, 76), (124, 141), (56, 150), (20, 77), (163, 169), (21, 30), (13, 47), (52, 127), (33, 68), (153, 158), (10, 11), (88, 132), (22, 40), (34, 42), (48, 123), (28, 35), (93, 155), (122, 136), (9, 104), (139, 140), (89, 121), (15, 147), (44, 107), (65, 114), (142, 160), (82, 173), (45, 172), (78, 105), (143, 170)}
Згенероване вершинне покриття (C): [0, 1, 2, 3, 4, 7, 8, 9, 10, 11, 12, 13, 14, 15, 16, 17, 18, 19, 20, 21, 22, 23, 24, 25, 26, 27, 28, 29, 30, 31, 32, 33, 34, 35, 36, 37, 38, 39, 40, 41, 42, 43, 44, 45, 47, 48, 49, 50, 51, 52, 53, 54, 56, 58, 59, 60, 61, 62, 63, 64, 65, 66, 67, 68, 69, 70, 71, 72, 73, 74, 75, 76, 77, 78, 79, 80, 81, 82, 83, 84, 85, 86, 87, 88, 89, 90, 91, 92, 93, 94, 95, 96, 97, 99, 100, 101, 102, 103, 104, 105, 106, 107, 108, 110, 112, 113, 114, 115, 116, 117, 118, 119, 120, 121, 122, 123, 124, 125, 126, 127, 129, 130, 131, 132, 133, 134, 135, 136, 137, 138, 139, 140, 141, 142, 143, 144, 145, 146, 147, 148, 150, 151, 152, 153, 154, 155, 156, 157, 158, 159, 160, 161, 162, 163, 164, 165, 166, 167, 168, 169, 170, 172, 173, 174]

--- Генерація вершинного покриття (зі списку суміжності) ---
Знайдене максимальне парування (M): {(6, 18), (33, 155), (12, 132), (26, 149), (0, 51), (11, 115), (53, 62), (16, 95), (19, 66), (120, 152), (111, 112), (68, 141), (13, 147), (49, 146), (72, 77), (56, 124), (55, 79), (90, 110), (28, 126), (69, 81), (29, 63), (83, 98), (3, 172), (47, 169), (4, 61), (30, 43), (64, 75), (48, 88), (107, 119), (39, 158), (127, 161), (46, 166), (86, 165), (34, 103), (148, 170), (76, 108), (38, 91), (97, 140), (50, 74), (14, 96), (78, 99), (5, 41), (17, 162), (65, 92), (117, 139), (20, 160), (32, 134), (116, 167), (136, 145), (94, 173), (15, 84), (31, 153), (73, 171), (121, 138), (59, 163), (82, 137), (114, 135), (80, 130), (70, 129), (27, 133), (10, 71), (93, 142), (2, 67), (8, 37), (9, 36), (58, 105), (85, 156), (118, 143), (42, 87), (109, 125), (60, 104), (168, 174), (57, 151), (40, 89), (35, 102), (7, 150), (1, 164), (113, 122), (54, 100), (128, 131), (123, 144), (52, 157), (154, 159), (21, 44)}
Згенероване вершинне покриття (C): [0, 1, 2, 3, 4, 5, 6, 7, 8, 9, 10, 11, 12, 13, 14, 15, 16, 17, 18, 19, 20, 21, 26, 27, 28, 29, 30, 31, 32, 33, 34, 35, 36, 37, 38, 39, 40, 41, 42, 43, 44, 46, 47, 48, 49, 50, 51, 52, 53, 54, 55, 56, 57, 58, 59, 60, 61, 62, 63, 64, 65, 66, 67, 68, 69, 70, 71, 72, 73, 74, 75, 76, 77, 78, 79, 80, 81, 82, 83, 84, 85, 86, 87, 88, 89, 90, 91, 92, 93, 94, 95, 96, 97, 98, 99, 100, 102, 103, 104, 105, 107, 108, 109, 110, 111, 112, 113, 114, 115, 116, 117, 118, 119, 120, 121, 122, 123, 124, 125, 126, 127, 128, 129, 130, 131, 132, 133, 134, 135, 136, 137, 138, 139, 140, 141, 142, 143, 144, 145, 146, 147, 148, 149, 150, 151, 152, 153, 154, 155, 156, 157, 158, 159, 160, 161, 162, 163, 164, 165, 166, 167, 168, 169, 170, 171, 172, 173, 174]

--- Генерація вершинного покриття (зі списку суміжності) ---
Знайдене максимальне парування (M): {(3, 120), (72, 82), (63, 162), (41, 106), (39, 81), (113, 165), (85, 139), (138, 142), (68, 132), (75, 92), (22, 140), (89, 102), (61, 95), (58, 117), (35, 103), (74, 171), (62, 96), (24, 133), (56, 73), (6, 65), (20, 30), (123, 168), (12, 90), (4, 104), (34, 169), (79, 91), (40, 154), (98, 134), (101, 157), (19, 170), (31, 144), (26, 166), (143, 150), (1, 2), (67, 158), (7, 116), (93, 149), (37, 105), (5, 100), (54, 66), (33, 174), (60, 136), (69, 84), (64, 161), (15, 122), (18, 118), (128, 173), (153, 172), (27, 160), (14, 50), (110, 121), (25, 151), (11, 152), (107, 125), (127, 155), (48, 130), (23, 55), (71, 141), (129, 167), (49, 156), (16, 43), (88, 114), (8, 78), (29, 46), (17, 145), (21, 115), (148, 164), (9, 159), (80, 109), (51, 112), (32, 163), (47, 124), (42, 119), (10, 59), (36, 87), (28, 83), (45, 99), (0, 76), (13, 70), (52, 86)}
Згенероване вершинне покриття (C): [0, 1, 2, 3, 4, 5, 6, 7, 8, 9, 10, 11, 12, 13, 14, 15, 16, 17, 18, 19, 20, 21, 22, 23, 24, 25, 26, 27, 28, 29, 30, 31, 32, 33, 34, 35, 36, 37, 39, 40, 41, 42, 43, 45, 46, 47, 48, 49, 50, 51, 52, 54, 55, 56, 58, 59, 60, 61, 62, 63, 64, 65, 66, 67, 68, 69, 70, 71, 72, 73, 74, 75, 76, 78, 79, 80, 81, 82, 83, 84, 85, 86, 87, 88, 89, 90, 91, 92, 93, 95, 96, 98, 99, 100, 101, 102, 103, 104, 105, 106, 107, 109, 110, 112, 113, 114, 115, 116, 117, 118, 119, 120, 121, 122, 123, 124, 125, 127, 128, 129, 130, 132, 133, 134, 136, 138, 139, 140, 141, 142, 143, 144, 145, 148, 149, 150, 151, 152, 153, 154, 155, 156, 157, 158, 159, 160, 161, 162, 163, 164, 165, 166, 167, 168, 169, 170, 171, 172, 173, 174]

--- Генерація вершинного покриття (зі списку суміжності) ---
Знайдене максимальне парування (M): {(27, 50), (15, 103), (22, 154), (75, 136), (131, 143), (13, 26), (11, 62), (124, 170), (98, 147), (113, 167), (108, 125), (29, 155), (112, 116), (5, 142), (19, 34), (110, 173), (119, 130), (91, 123), (8, 171), (137, 163), (100, 162), (152, 172), (79, 133), (55, 56), (36, 52), (28, 48), (85, 109), (60, 128), (20, 92), (0, 132), (78, 97), (10, 72), (7, 174), (6, 120), (99, 138), (65, 81), (57, 168), (117, 164), (95, 161), (41, 71), (32, 141), (18, 121), (42, 88), (76, 83), (73, 139), (54, 135), (51, 166), (17, 61), (16, 53), (43, 134), (21, 49), (47, 58), (86, 126), (74, 106), (39, 84), (14, 64), (12, 140), (63, 158), (24, 169), (70, 145), (25, 149), (156, 159), (46, 101), (4, 129), (2, 3), (33, 82), (37, 107), (31, 66), (93, 114), (146, 151), (40, 87), (9, 118), (23, 89), (150, 160), (59, 94), (115, 165), (30, 69), (44, 68), (77, 104), (127, 157), (1, 38), (144, 148), (45, 90), (80, 111)}
Згенероване вершинне покриття (C): [0, 1, 2, 3, 4, 5, 6, 7, 8, 9, 10, 11, 12, 13, 14, 15, 16, 17, 18, 19, 20, 21, 22, 23, 24, 25, 26, 27, 28, 29, 30, 31, 32, 33, 34, 36, 37, 38, 39, 40, 41, 42, 43, 44, 45, 46, 47, 48, 49, 50, 51, 52, 53, 54, 55, 56, 57, 58, 59, 60, 61, 62, 63, 64, 65, 66, 68, 69, 70, 71, 72, 73, 74, 75, 76, 77, 78, 79, 80, 81, 82, 83, 84, 85, 86, 87, 88, 89, 90, 91, 92, 93, 94, 95, 97, 98, 99, 100, 101, 103, 104, 106, 107, 108, 109, 110, 111, 112, 113, 114, 115, 116, 117, 118, 119, 120, 121, 123, 124, 125, 126, 127, 128, 129, 130, 131, 132, 133, 134, 135, 136, 137, 138, 139, 140, 141, 142, 143, 144, 145, 146, 147, 148, 149, 150, 151, 152, 154, 155, 156, 157, 158, 159, 160, 161, 162, 163, 164, 165, 166, 167, 168, 169, 170, 171, 172, 173, 174]

--- Генерація вершинного покриття (зі списку суміжності) ---
Знайдене максимальне парування (M): {(149, 165), (59, 110), (47, 53), (25, 169), (42, 66), (137, 166), (1, 24), (44, 102), (10, 45), (104, 153), (89, 134), (43, 78), (32, 142), (18, 67), (133, 145), (38, 167), (27, 29), (21, 114), (95, 136), (2, 155), (118, 174), (62, 87), (5, 16), (11, 75), (50, 79), (28, 103), (85, 100), (37, 115), (91, 116), (128, 135), (33, 108), (65, 170), (30, 63), (15, 41), (31, 92), (51, 143), (55, 113), (26, 77), (147, 150), (46, 159), (84, 88), (152, 158), (3, 151), (105, 138), (12, 172), (93, 154), (36, 111), (76, 156), (57, 97), (82, 160), (14, 80), (64, 157), (125, 161), (90, 139), (109, 119), (17, 127), (112, 126), (13, 68), (81, 129), (71, 73), (9, 34), (122, 148), (4, 74), (35, 107), (6, 140), (121, 124), (69, 86), (0, 72), (22, 120), (54, 70), (52, 173), (49, 101), (8, 60), (7, 168), (48, 132), (58, 164), (94, 163), (123, 162), (130, 131), (39, 40), (61, 141), (56, 99)}
Згенероване вершинне покриття (C): [0, 1, 2, 3, 4, 5, 6, 7, 8, 9, 10, 11, 12, 13, 14, 15, 16, 17, 18, 21, 22, 24, 25, 26, 27, 28, 29, 30, 31, 32, 33, 34, 35, 36, 37, 38, 39, 40, 41, 42, 43, 44, 45, 46, 47, 48, 49, 50, 51, 52, 53, 54, 55, 56, 57, 58, 59, 60, 61, 62, 63, 64, 65, 66, 67, 68, 69, 70, 71, 72, 73, 74, 75, 76, 77, 78, 79, 80, 81, 82, 84, 85, 86, 87, 88, 89, 90, 91, 92, 93, 94, 95, 97, 99, 100, 101, 102, 103, 104, 105, 107, 108, 109, 110, 111, 112, 113, 114, 115, 116, 118, 119, 120, 121, 122, 123, 124, 125, 126, 127, 128, 129, 130, 131, 132, 133, 134, 135, 136, 137, 138, 139, 140, 141, 142, 143, 145, 147, 148, 149, 150, 151, 152, 153, 154, 155, 156, 157, 158, 159, 160, 161, 162, 163, 164, 165, 166, 167, 168, 169, 170, 172, 173, 174]

--- Генерація вершинного покриття (зі списку суміжності) ---
Знайдене максимальне парування (M): {(105, 116), (35, 42), (96, 113), (16, 38), (159, 160), (14, 22), (54, 168), (6, 112), (1, 97), (61, 63), (72, 148), (37, 81), (39, 108), (60, 85), (20, 58), (89, 109), (98, 151), (45, 124), (64, 137), (52, 117), (95, 164), (5, 87), (68, 100), (30, 125), (51, 77), (135, 156), (41, 158), (106, 138), (17, 167), (3, 140), (103, 172), (23, 161), (18, 174), (43, 139), (11, 25), (76, 154), (48, 83), (24, 46), (141, 149), (111, 157), (4, 150), (120, 169), (75, 146), (115, 136), (107, 153), (2, 152), (34, 132), (15, 155), (40, 163), (129, 131), (93, 110), (21, 134), (0, 166), (9, 123), (84, 101), (28, 29), (31, 73), (36, 90), (59, 92), (33, 82), (65, 80), (10, 144), (57, 94), (49, 145), (55, 142), (122, 143), (78, 119), (26, 44), (127, 130), (19, 133), (86, 171), (53, 67), (70, 126), (13, 104), (47, 69), (62, 88), (27, 66), (147, 165), (8, 71), (7, 170), (12, 32)}
Згенероване вершинне покриття (C): [0, 1, 2, 3, 4, 5, 6, 7, 8, 9, 10, 11, 12, 13, 14, 15, 16, 17, 18, 19, 20, 21, 22, 23, 24, 25, 26, 27, 28, 29, 30, 31, 32, 33, 34, 35, 36, 37, 38, 39, 40, 41, 42, 43, 44, 45, 46, 47, 48, 49, 51, 52, 53, 54, 55, 57, 58, 59, 60, 61, 62, 63, 64, 65, 66, 67, 68, 69, 70, 71, 72, 73, 75, 76, 77, 78, 80, 81, 82, 83, 84, 85, 86, 87, 88, 89, 90, 92, 93, 94, 95, 96, 97, 98, 100, 101, 103, 104, 105, 106, 107, 108, 109, 110, 111, 112, 113, 115, 116, 117, 119, 120, 122, 123, 124, 125, 126, 127, 129, 130, 131, 132, 133, 134, 135, 136, 137, 138, 139, 140, 141, 142, 143, 144, 145, 146, 147, 148, 149, 150, 151, 152, 153, 154, 155, 156, 157, 158, 159, 160, 161, 163, 164, 165, 166, 167, 168, 169, 170, 171, 172, 174]

--- Генерація вершинного покриття (зі списку суміжності) ---
Знайдене максимальне парування (M): {(92, 152), (94, 149), (75, 145), (32, 140), (85, 155), (3, 168), (23, 61), (146, 150), (21, 128), (78, 134), (10, 45), (72, 114), (50, 111), (42, 107), (53, 82), (63, 84), (36, 139), (86, 97), (62, 69), (87, 132), (7, 151), (11, 48), (49, 105), (77, 160), (66, 148), (25, 141), (2, 29), (88, 99), (125, 127), (5, 73), (27, 79), (71, 103), (80, 142), (93, 163), (20, 133), (58, 89), (0, 38), (37, 130), (106, 147), (60, 70), (18, 34), (40, 165), (13, 59), (95, 174), (56, 164), (100, 109), (39, 68), (12, 51), (64, 131), (162, 166), (74, 117), (35, 43), (1, 169), (16, 167), (19, 138), (122, 123), (9, 91), (22, 173), (129, 156), (15, 24), (102, 126), (115, 154), (33, 57), (104, 108), (65, 119), (144, 153), (118, 143), (135, 159), (81, 124), (8, 30), (28, 170), (67, 137), (116, 121), (101, 120), (96, 136), (55, 98), (110, 171), (14, 54), (76, 157), (4, 172), (41, 47), (44, 52), (26, 46), (17, 83)}
Згенероване вершинне покриття (C): [0, 1, 2, 3, 4, 5, 7, 8, 9, 10, 11, 12, 13, 14, 15, 16, 17, 18, 19, 20, 21, 22, 23, 24, 25, 26, 27, 28, 29, 30, 32, 33, 34, 35, 36, 37, 38, 39, 40, 41, 42, 43, 44, 45, 46, 47, 48, 49, 50, 51, 52, 53, 54, 55, 56, 57, 58, 59, 60, 61, 62, 63, 64, 65, 66, 67, 68, 69, 70, 71, 72, 73, 74, 75, 76, 77, 78, 79, 80, 81, 82, 83, 84, 85, 86, 87, 88, 89, 91, 92, 93, 94, 95, 96, 97, 98, 99, 100, 101, 102, 103, 104, 105, 106, 107, 108, 109, 110, 111, 114, 115, 116, 117, 118, 119, 120, 121, 122, 123, 124, 125, 126, 127, 128, 129, 130, 131, 132, 133, 134, 135, 136, 137, 138, 139, 140, 141, 142, 143, 144, 145, 146, 147, 148, 149, 150, 151, 152, 153, 154, 155, 156, 157, 159, 160, 162, 163, 164, 165, 166, 167, 168, 169, 170, 171, 172, 173, 174]

--- Генерація вершинного покриття (зі списку суміжності) ---
Знайдене максимальне парування (M): {(55, 121), (9, 170), (70, 174), (4, 64), (34, 147), (81, 112), (119, 169), (23, 43), (32, 76), (14, 40), (131, 143), (42, 96), (10, 36), (57, 59), (19, 139), (46, 141), (63, 84), (65, 166), (11, 137), (135, 163), (3, 172), (44, 152), (105, 168), (50, 113), (2, 91), (39, 85), (74, 171), (73, 151), (1, 165), (29, 47), (35, 69), (53, 114), (160, 164), (78, 122), (20, 28), (49, 162), (6, 157), (31, 156), (0, 68), (83, 123), (107, 144), (66, 100), (13, 48), (15, 109), (21, 159), (56, 98), (108, 145), (27, 110), (54, 128), (18, 25), (120, 146), (52, 130), (12, 94), (142, 161), (45, 155), (5, 127), (72, 101), (87, 99), (17, 77), (102, 154), (79, 134), (16, 75), (8, 92), (62, 136), (111, 129), (26, 97), (90, 118), (125, 158), (71, 132), (80, 116), (60, 67), (150, 153), (41, 93), (115, 140), (38, 149), (104, 167), (133, 148), (37, 95), (30, 89), (22, 51), (117, 124)}
Згенероване вершинне покриття (C): [0, 1, 2, 3, 4, 5, 6, 8, 9, 10, 11, 12, 13, 14, 15, 16, 17, 18, 19, 20, 21, 22, 23, 25, 26, 27, 28, 29, 30, 31, 32, 34, 35, 36, 37, 38, 39, 40, 41, 42, 43, 44, 45, 46, 47, 48, 49, 50, 51, 52, 53, 54, 55, 56, 57, 59, 60, 62, 63, 64, 65, 66, 67, 68, 69, 70, 71, 72, 73, 74, 75, 76, 77, 78, 79, 80, 81, 83, 84, 85, 87, 89, 90, 91, 92, 93, 94, 95, 96, 97, 98, 99, 100, 101, 102, 104, 105, 107, 108, 109, 110, 111, 112, 113, 114, 115, 116, 117, 118, 119, 120, 121, 122, 123, 124, 125, 127, 128, 129, 130, 131, 132, 133, 134, 135, 136, 137, 139, 140, 141, 142, 143, 144, 145, 146, 147, 148, 149, 150, 151, 152, 153, 154, 155, 156, 157, 158, 159, 160, 161, 162, 163, 164, 165, 166, 167, 168, 169, 170, 171, 172, 174]

--- Генерація вершинного покриття (зі списку суміжності) ---
Знайдене максимальне парування (M): {(140, 162), (123, 155), (96, 113), (55, 75), (54, 77), (5, 65), (25, 169), (10, 61), (39, 42), (45, 147), (11, 142), (78, 116), (98, 103), (73, 92), (17, 124), (2, 105), (29, 34), (99, 120), (129, 130), (58, 161), (90, 138), (133, 173), (19, 50), (0, 110), (85, 132), (4, 43), (7, 14), (160, 171), (66, 112), (49, 114), (81, 121), (135, 156), (28, 57), (62, 144), (9, 71), (74, 136), (3, 158), (21, 109), (59, 102), (22, 128), (137, 149), (139, 146), (40, 51), (6, 24), (154, 167), (72, 88), (46, 115), (47, 159), (33, 151), (63, 76), (44, 53), (60, 79), (13, 68), (153, 170), (38, 152), (26, 95), (87, 163), (37, 89), (117, 118), (8, 101), (83, 104), (18, 20), (16, 32), (12, 80), (97, 157), (30, 67), (35, 127), (70, 94), (64, 108), (41, 91), (168, 174), (27, 119), (69, 134), (126, 131), (82, 107), (56, 106), (23, 48), (122, 145), (86, 125), (1, 93), (141, 143), (31, 36), (100, 172), (148, 166)}
Згенероване вершинне покриття (C): [0, 1, 2, 3, 4, 5, 6, 7, 8, 9, 10, 11, 12, 13, 14, 16, 17, 18, 19, 20, 21, 22, 23, 24, 25, 26, 27, 28, 29, 30, 31, 32, 33, 34, 35, 36, 37, 38, 39, 40, 41, 42, 43, 44, 45, 46, 47, 48, 49, 50, 51, 53, 54, 55, 56, 57, 58, 59, 60, 61, 62, 63, 64, 65, 66, 67, 68, 69, 70, 71, 72, 73, 74, 75, 76, 77, 78, 79, 80, 81, 82, 83, 85, 86, 87, 88, 89, 90, 91, 92, 93, 94, 95, 96, 97, 98, 99, 100, 101, 102, 103, 104, 105, 106, 107, 108, 109, 110, 112, 113, 114, 115, 116, 117, 118, 119, 120, 121, 122, 123, 124, 125, 126, 127, 128, 129, 130, 131, 132, 133, 134, 135, 136, 137, 138, 139, 140, 141, 142, 143, 144, 145, 146, 147, 148, 149, 151, 152, 153, 154, 155, 156, 157, 158, 159, 160, 161, 162, 163, 166, 167, 168, 169, 170, 171, 172, 173, 174]

--- Генерація вершинного покриття (зі списку суміжності) ---
Знайдене максимальне парування (M): {(109, 129), (151, 162), (47, 53), (30, 46), (139, 154), (25, 59), (5, 138), (122, 140), (42, 160), (3, 170), (75, 156), (111, 142), (54, 65), (107, 174), (108, 118), (48, 106), (43, 91), (18, 71), (60, 146), (70, 157), (62, 64), (44, 101), (34, 66), (0, 98), (128, 137), (83, 169), (74, 102), (56, 148), (14, 87), (1, 126), (133, 163), (149, 159), (73, 121), (15, 134), (19, 150), (93, 172), (29, 81), (95, 145), (21, 22), (147, 161), (41, 119), (23, 92), (115, 166), (58, 89), (84, 117), (50, 158), (17, 100), (61, 167), (69, 82), (152, 153), (104, 113), (24, 123), (39, 68), (11, 40), (32, 38), (26, 49), (8, 10), (52, 77), (72, 165), (20, 57), (2, 85), (28, 168), (9, 45), (13, 27), (12, 135), (67, 80), (88, 112), (16, 114), (127, 155), (90, 136), (6, 124), (51, 110), (36, 76), (105, 130), (35, 86), (37, 120), (97, 143), (33, 171), (99, 116), (4, 144), (103, 125)}
Згенероване вершинне покриття (C): [0, 1, 2, 3, 4, 5, 6, 8, 9, 10, 11, 12, 13, 14, 15, 16, 17, 18, 19, 20, 21, 22, 23, 24, 25, 26, 27, 28, 29, 30, 32, 33, 34, 35, 36, 37, 38, 39, 40, 41, 42, 43, 44, 45, 46, 47, 48, 49, 50, 51, 52, 53, 54, 56, 57, 58, 59, 60, 61, 62, 64, 65, 66, 67, 68, 69, 70, 71, 72, 73, 74, 75, 76, 77, 80, 81, 82, 83, 84, 85, 86, 87, 88, 89, 90, 91, 92, 93, 95, 97, 98, 99, 100, 101, 102, 103, 104, 105, 106, 107, 108, 109, 110, 111, 112, 113, 114, 115, 116, 117, 118, 119, 120, 121, 122, 123, 124, 125, 126, 127, 128, 129, 130, 133, 134, 135, 136, 137, 138, 139, 140, 142, 143, 144, 145, 146, 147, 148, 149, 150, 151, 152, 153, 154, 155, 156, 157, 158, 159, 160, 161, 162, 163, 165, 166, 167, 168, 169, 170, 171, 172, 174]

--- Генерація вершинного покриття (зі списку суміжності) ---
Знайдене максимальне парування (M): {(146, 148), (70, 119), (44, 45), (79, 106), (135, 147), (46, 57), (69, 104), (137, 138), (132, 151), (59, 112), (36, 128), (56, 76), (22, 92), (66, 126), (4, 114), (50, 166), (32, 160), (140, 141), (24, 131), (1, 19), (18, 142), (17, 64), (90, 167), (60, 62), (31, 81), (0, 2), (68, 173), (120, 156), (40, 111), (33, 72), (38, 162), (23, 161), (86, 174), (74, 157), (75, 110), (21, 29), (63, 108), (30, 150), (71, 78), (73, 139), (118, 171), (39, 155), (77, 84), (13, 48), (127, 149), (91, 159), (16, 144), (8, 170), (6, 35), (61, 133), (113, 116), (67, 94), (89, 103), (163, 165), (14, 121), (49, 152), (41, 169), (26, 95), (42, 58), (25, 115), (130, 134), (10, 80), (65, 98), (100, 168), (9, 93), (37, 109), (3, 52), (53, 83), (82, 107), (5, 88), (102, 158), (51, 85), (11, 28), (97, 143), (15, 101), (43, 117), (105, 123), (124, 136), (164, 172), (34, 154), (125, 153), (12, 96), (20, 54)}
Згенероване вершинне покриття (C): [0, 1, 2, 3, 4, 5, 6, 8, 9, 10, 11, 12, 13, 14, 15, 16, 17, 18, 19, 20, 21, 22, 23, 24, 25, 26, 28, 29, 30, 31, 32, 33, 34, 35, 36, 37, 38, 39, 40, 41, 42, 43, 44, 45, 46, 48, 49, 50, 51, 52, 53, 54, 56, 57, 58, 59, 60, 61, 62, 63, 64, 65, 66, 67, 68, 69, 70, 71, 72, 73, 74, 75, 76, 77, 78, 79, 80, 81, 82, 83, 84, 85, 86, 88, 89, 90, 91, 92, 93, 94, 95, 96, 97, 98, 100, 101, 102, 103, 104, 105, 106, 107, 108, 109, 110, 111, 112, 113, 114, 115, 116, 117, 118, 119, 120, 121, 123, 124, 125, 126, 127, 128, 130, 131, 132, 133, 134, 135, 136, 137, 138, 139, 140, 141, 142, 143, 144, 146, 147, 148, 149, 150, 151, 152, 153, 154, 155, 156, 157, 158, 159, 160, 161, 162, 163, 164, 165, 166, 167, 168, 169, 170, 171, 172, 173, 174]

--- Генерація вершинного покриття (зі списку суміжності) ---
Знайдене максимальне парування (M): {(43, 156), (21, 135), (44, 109), (114, 118), (45, 165), (120, 122), (38, 144), (52, 170), (98, 103), (7, 37), (16, 104), (54, 97), (6, 41), (49, 110), (20, 113), (40, 125), (17, 117), (31, 143), (39, 46), (85, 132), (28, 153), (131, 138), (81, 137), (0, 94), (36, 123), (62, 151), (29, 77), (25, 159), (64, 86), (23, 161), (140, 145), (2, 22), (3, 115), (57, 150), (15, 162), (50, 129), (9, 73), (69, 78), (10, 19), (11, 146), (99, 158), (128, 139), (148, 172), (112, 152), (154, 167), (59, 79), (4, 88), (13, 121), (82, 126), (91, 168), (83, 164), (34, 134), (24, 32), (60, 116), (124, 155), (51, 106), (14, 66), (12, 133), (1, 169), (8, 74), (30, 147), (35, 63), (55, 160), (101, 127), (75, 157), (102, 119), (96, 100), (72, 142), (42, 108), (71, 171), (47, 149), (53, 174), (92, 93), (76, 84), (68, 80), (27, 48), (67, 130), (107, 166), (90, 95), (33, 61), (5, 136), (105, 141), (56, 163), (58, 111)}
Згенероване вершинне покриття (C): [0, 1, 2, 3, 4, 5, 6, 7, 8, 9, 10, 11, 12, 13, 14, 15, 16, 17, 19, 20, 21, 22, 23, 24, 25, 27, 28, 29, 30, 31, 32, 33, 34, 35, 36, 37, 38, 39, 40, 41, 42, 43, 44, 45, 46, 47, 48, 49, 50, 51, 52, 53, 54, 55, 56, 57, 58, 59, 60, 61, 62, 63, 64, 66, 67, 68, 69, 71, 72, 73, 74, 75, 76, 77, 78, 79, 80, 81, 82, 83, 84, 85, 86, 88, 90, 91, 92, 93, 94, 95, 96, 97, 98, 99, 100, 101, 102, 103, 104, 105, 106, 107, 108, 109, 110, 111, 112, 113, 114, 115, 116, 117, 118, 119, 120, 121, 122, 123, 124, 125, 126, 127, 128, 129, 130, 131, 132, 133, 134, 135, 136, 137, 138, 139, 140, 141, 142, 143, 144, 145, 146, 147, 148, 149, 150, 151, 152, 153, 154, 155, 156, 157, 158, 159, 160, 161, 162, 163, 164, 165, 166, 167, 168, 169, 170, 171, 172, 174]

--- Генерація вершинного покриття (зі списку суміжності) ---
Знайдене максимальне парування (M): {(120, 129), (47, 71), (19, 174), (96, 122), (26, 167), (2, 103), (111, 147), (39, 106), (20, 157), (21, 101), (46, 139), (77, 172), (79, 99), (65, 173), (40, 98), (92, 136), (108, 132), (11, 135), (43, 78), (41, 90), (14, 51), (33, 49), (141, 170), (72, 125), (7, 69), (36, 59), (64, 84), (6, 27), (76, 131), (15, 57), (5, 153), (12, 104), (32, 91), (30, 109), (114, 154), (52, 87), (112, 138), (42, 150), (1, 23), (0, 34), (88, 165), (31, 85), (86, 140), (89, 163), (13, 73), (149, 159), (56, 105), (28, 61), (62, 148), (54, 144), (24, 48), (9, 130), (53, 93), (22, 169), (118, 164), (4, 8), (63, 94), (44, 117), (124, 137), (18, 107), (35, 123), (17, 166), (75, 162), (128, 143), (3, 66), (58, 121), (152, 155), (10, 126), (83, 95), (25, 151), (115, 145), (16, 50), (70, 158), (37, 100), (67, 146), (74, 142), (97, 134), (80, 127), (55, 82), (156, 168), (68, 119), (60, 81), (102, 160), (38, 133)}
Згенероване вершинне покриття (C): [0, 1, 2, 3, 4, 5, 6, 7, 8, 9, 10, 11, 12, 13, 14, 15, 16, 17, 18, 19, 20, 21, 22, 23, 24, 25, 26, 27, 28, 30, 31, 32, 33, 34, 35, 36, 37, 38, 39, 40, 41, 42, 43, 44, 46, 47, 48, 49, 50, 51, 52, 53, 54, 55, 56, 57, 58, 59, 60, 61, 62, 63, 64, 65, 66, 67, 68, 69, 70, 71, 72, 73, 74, 75, 76, 77, 78, 79, 80, 81, 82, 83, 84, 85, 86, 87, 88, 89, 90, 91, 92, 93, 94, 95, 96, 97, 98, 99, 100, 101, 102, 103, 104, 105, 106, 107, 108, 109, 111, 112, 114, 115, 117, 118, 119, 120, 121, 122, 123, 124, 125, 126, 127, 128, 129, 130, 131, 132, 133, 134, 135, 136, 137, 138, 139, 140, 141, 142, 143, 144, 145, 146, 147, 148, 149, 150, 151, 152, 153, 154, 155, 156, 157, 158, 159, 160, 162, 163, 164, 165, 166, 167, 168, 169, 170, 172, 173, 174]

--- Генерація вершинного покриття (зі списку суміжності) ---
Знайдене максимальне парування (M): {(35, 88), (7, 17), (105, 125), (90, 170), (82, 166), (34, 165), (74, 91), (160, 167), (124, 131), (53, 89), (101, 108), (111, 140), (31, 104), (50, 93), (132, 144), (103, 138), (32, 151), (61, 102), (26, 80), (79, 92), (71, 161), (37, 83), (11, 64), (143, 149), (95, 164), (48, 58), (20, 51), (13, 21), (55, 127), (42, 54), (86, 145), (43, 119), (97, 163), (68, 72), (129, 152), (19, 36), (1, 85), (10, 106), (28, 121), (110, 147), (100, 146), (18, 46), (115, 171), (130, 135), (98, 139), (41, 96), (33, 156), (117, 137), (15, 162), (78, 99), (8, 150), (107, 153), (120, 126), (49, 148), (9, 112), (38, 47), (24, 57), (155, 159), (113, 123), (39, 75), (5, 116), (25, 122), (27, 30), (70, 172), (63, 133), (12, 60), (40, 94), (69, 84), (16, 66), (45, 56), (141, 157), (118, 134), (23, 128), (52, 109), (4, 14), (44, 169), (81, 154), (0, 65), (29, 73), (59, 62), (87, 142), (2, 174), (76, 77)}
Згенероване вершинне покриття (C): [0, 1, 2, 4, 5, 7, 8, 9, 10, 11, 12, 13, 14, 15, 16, 17, 18, 19, 20, 21, 23, 24, 25, 26, 27, 28, 29, 30, 31, 32, 33, 34, 35, 36, 37, 38, 39, 40, 41, 42, 43, 44, 45, 46, 47, 48, 49, 50, 51, 52, 53, 54, 55, 56, 57, 58, 59, 60, 61, 62, 63, 64, 65, 66, 68, 69, 70, 71, 72, 73, 74, 75, 76, 77, 78, 79, 80, 81, 82, 83, 84, 85, 86, 87, 88, 89, 90, 91, 92, 93, 94, 95, 96, 97, 98, 99, 100, 101, 102, 103, 104, 105, 106, 107, 108, 109, 110, 111, 112, 113, 115, 116, 117, 118, 119, 120, 121, 122, 123, 124, 125, 126, 127, 128, 129, 130, 131, 132, 133, 134, 135, 137, 138, 139, 140, 141, 142, 143, 144, 145, 146, 147, 148, 149, 150, 151, 152, 153, 154, 155, 156, 157, 159, 160, 161, 162, 163, 164, 165, 166, 167, 169, 170, 171, 172, 174]

--- Генерація вершинного покриття (зі списку суміжності) ---
Знайдене максимальне парування (M): {(4, 64), (1, 113), (17, 131), (15, 78), (25, 34), (8, 167), (30, 57), (10, 63), (46, 59), (6, 105), (9, 83), (151, 166), (101, 156), (35, 165), (124, 133), (79, 110), (85, 123), (91, 148), (2, 125), (92, 147), (84, 118), (13, 158), (42, 173), (31, 145), (51, 68), (87, 107), (155, 171), (48, 81), (102, 134), (60, 128), (90, 126), (82, 149), (97, 140), (144, 163), (19, 86), (22, 66), (100, 150), (72, 161), (55, 154), (28, 36), (71, 135), (157, 168), (94, 109), (18, 43), (47, 143), (50, 142), (65, 69), (99, 162), (89, 96), (106, 112), (52, 141), (3, 169), (20, 130), (16, 41), (33, 121), (45, 104), (73, 120), (119, 172), (27, 153), (38, 138), (14, 116), (122, 152), (29, 80), (114, 139), (26, 136), (75, 111), (67, 146), (62, 159), (7, 49), (54, 164), (23, 39), (70, 160), (40, 174), (5, 88), (56, 115), (76, 93), (95, 137), (32, 108), (58, 127), (98, 117), (61, 77), (53, 103)}
Згенероване вершинне покриття (C): [1, 2, 3, 4, 5, 6, 7, 8, 9, 10, 13, 14, 15, 16, 17, 18, 19, 20, 22, 23, 25, 26, 27, 28, 29, 30, 31, 32, 33, 34, 35, 36, 38, 39, 40, 41, 42, 43, 45, 46, 47, 48, 49, 50, 51, 52, 53, 54, 55, 56, 57, 58, 59, 60, 61, 62, 63, 64, 65, 66, 67, 68, 69, 70, 71, 72, 73, 75, 76, 77, 78, 79, 80, 81, 82, 83, 84, 85, 86, 87, 88, 89, 90, 91, 92, 93, 94, 95, 96, 97, 98, 99, 100, 101, 102, 103, 104, 105, 106, 107, 108, 109, 110, 111, 112, 113, 114, 115, 116, 117, 118, 119, 120, 121, 122, 123, 124, 125, 126, 127, 128, 130, 131, 133, 134, 135, 136, 137, 138, 139, 140, 141, 142, 143, 144, 145, 146, 147, 148, 149, 150, 151, 152, 153, 154, 155, 156, 157, 158, 159, 160, 161, 162, 163, 164, 165, 166, 167, 168, 169, 171, 172, 173, 174]

--- Генерація вершинного покриття (зі списку суміжності) ---
Знайдене максимальне парування (M): {(52, 168), (70, 73), (100, 138), (76, 116), (110, 148), (13, 145), (133, 134), (59, 130), (62, 101), (156, 172), (34, 158), (98, 142), (3, 170), (7, 140), (25, 45), (2, 171), (27, 136), (31, 161), (49, 139), (5, 16), (21, 61), (118, 149), (51, 107), (63, 143), (20, 83), (75, 117), (40, 95), (111, 164), (123, 129), (97, 174), (8, 29), (26, 77), (53, 125), (113, 146), (79, 162), (60, 121), (69, 151), (106, 115), (10, 28), (47, 166), (24, 167), (124, 153), (1, 137), (41, 155), (42, 154), (82, 135), (38, 86), (6, 90), (22, 141), (43, 54), (81, 120), (71, 119), (39, 114), (72, 126), (30, 99), (85, 163), (32, 65), (55, 94), (87, 108), (74, 92), (88, 91), (66, 152), (122, 150), (58, 132), (18, 102), (19, 67), (84, 169), (48, 112), (17, 33), (157, 165), (37, 109), (57, 96), (131, 173), (93, 128), (11, 56), (14, 36), (68, 80), (0, 147), (4, 44), (9, 104), (50, 105), (64, 103)}
Згенероване вершинне покриття (C): [0, 1, 2, 3, 4, 5, 6, 7, 8, 9, 10, 11, 13, 14, 16, 17, 18, 19, 20, 21, 22, 24, 25, 26, 27, 28, 29, 30, 31, 32, 33, 34, 36, 37, 38, 39, 40, 41, 42, 43, 44, 45, 47, 48, 49, 50, 51, 52, 53, 54, 55, 56, 57, 58, 59, 60, 61, 62, 63, 64, 65, 66, 67, 68, 69, 70, 71, 72, 73, 74, 75, 76, 77, 79, 80, 81, 82, 83, 84, 85, 86, 87, 88, 90, 91, 92, 93, 94, 95, 96, 97, 98, 99, 100, 101, 102, 103, 104, 105, 106, 107, 108, 109, 110, 111, 112, 113, 114, 115, 116, 117, 118, 119, 120, 121, 122, 123, 124, 125, 126, 128, 129, 130, 131, 132, 133, 134, 135, 136, 137, 138, 139, 140, 141, 142, 143, 145, 146, 147, 148, 149, 150, 151, 152, 153, 154, 155, 156, 157, 158, 161, 162, 163, 164, 165, 166, 167, 168, 169, 170, 171, 172, 173, 174]

--- Генерація вершинного покриття (зі списку суміжності) ---
Знайдене максимальне парування (M): {(72, 91), (36, 144), (120, 159), (19, 146), (12, 162), (41, 88), (59, 167), (112, 157), (113, 156), (25, 153), (102, 128), (121, 126), (83, 87), (106, 107), (14, 97), (24, 74), (109, 124), (115, 137), (53, 64), (23, 63), (79, 147), (108, 171), (11, 55), (85, 123), (56, 151), (95, 173), (58, 154), (26, 155), (13, 142), (100, 119), (110, 129), (99, 163), (45, 73), (131, 161), (84, 168), (16, 67), (98, 148), (70, 111), (37, 117), (78, 81), (43, 68), (44, 94), (46, 143), (136, 152), (29, 145), (60, 86), (10, 149), (77, 114), (39, 139), (104, 150), (89, 140), (32, 118), (21, 42), (7, 52), (65, 69), (61, 96), (2, 138), (54, 66), (17, 141), (5, 47), (3, 169), (31, 75), (18, 20), (57, 103), (33, 48), (27, 71), (82, 105), (8, 158), (80, 125), (4, 133), (164, 170), (101, 166), (116, 130), (15, 172), (1, 127), (9, 132), (28, 90), (92, 93), (62, 122), (22, 49), (6, 135), (35, 40), (0, 76), (134, 165), (51, 160)}
Згенероване вершинне покриття (C): [0, 1, 2, 3, 4, 5, 6, 7, 8, 9, 10, 11, 12, 13, 14, 15, 16, 17, 18, 19, 20, 21, 22, 23, 24, 25, 26, 27, 28, 29, 31, 32, 33, 35, 36, 37, 39, 40, 41, 42, 43, 44, 45, 46, 47, 48, 49, 51, 52, 53, 54, 55, 56, 57, 58, 59, 60, 61, 62, 63, 64, 65, 66, 67, 68, 69, 70, 71, 72, 73, 74, 75, 76, 77, 78, 79, 80, 81, 82, 83, 84, 85, 86, 87, 88, 89, 90, 91, 92, 93, 94, 95, 96, 97, 98, 99, 100, 101, 102, 103, 104, 105, 106, 107, 108, 109, 110, 111, 112, 113, 114, 115, 116, 117, 118, 119, 120, 121, 122, 123, 124, 125, 126, 127, 128, 129, 130, 131, 132, 133, 134, 135, 136, 137, 138, 139, 140, 141, 142, 143, 144, 145, 146, 147, 148, 149, 150, 151, 152, 153, 154, 155, 156, 157, 158, 159, 160, 161, 162, 163, 164, 165, 166, 167, 168, 169, 170, 171, 172, 173]

--- Генерація вершинного покриття (зі списку суміжності) ---
Знайдене максимальне парування (M): {(105, 171), (47, 126), (125, 146), (108, 139), (23, 107), (14, 49), (109, 122), (50, 164), (21, 137), (116, 173), (1, 106), (82, 168), (22, 174), (104, 128), (85, 157), (24, 147), (39, 138), (76, 166), (8, 123), (60, 78), (91, 148), (5, 32), (88, 115), (20, 163), (12, 40), (155, 162), (118, 140), (15, 66), (26, 130), (6, 136), (56, 119), (48, 145), (63, 143), (98, 121), (132, 141), (55, 113), (46, 86), (53, 134), (0, 43), (3, 87), (16, 124), (58, 144), (64, 120), (30, 42), (45, 61), (68, 172), (71, 110), (89, 103), (59, 154), (65, 69), (2, 83), (37, 169), (74, 99), (95, 167), (52, 77), (72, 165), (4, 156), (57, 149), (13, 36), (81, 152), (44, 112), (27, 80), (133, 153), (28, 33), (94, 97), (73, 129), (9, 38), (41, 100), (75, 111), (7, 31), (117, 159), (142, 158), (92, 93), (18, 70), (151, 160), (67, 84), (10, 114), (62, 161), (34, 90), (19, 135), (101, 131), (51, 96)}
Згенероване вершинне покриття (C): [0, 1, 2, 3, 4, 5, 6, 7, 8, 9, 10, 12, 13, 14, 15, 16, 18, 19, 20, 21, 22, 23, 24, 26, 27, 28, 30, 31, 32, 33, 34, 36, 37, 38, 39, 40, 41, 42, 43, 44, 45, 46, 47, 48, 49, 50, 51, 52, 53, 55, 56, 57, 58, 59, 60, 61, 62, 63, 64, 65, 66, 67, 68, 69, 70, 71, 72, 73, 74, 75, 76, 77, 78, 80, 81, 82, 83, 84, 85, 86, 87, 88, 89, 90, 91, 92, 93, 94, 95, 96, 97, 98, 99, 100, 101, 103, 104, 105, 106, 107, 108, 109, 110, 111, 112, 113, 114, 115, 116, 117, 118, 119, 120, 121, 122, 123, 124, 125, 126, 128, 129, 130, 131, 132, 133, 134, 135, 136, 137, 138, 139, 140, 141, 142, 143, 144, 145, 146, 147, 148, 149, 151, 152, 153, 154, 155, 156, 157, 158, 159, 160, 161, 162, 163, 164, 165, 166, 167, 168, 169, 171, 172, 173, 174]

--- Генерація вершинного покриття (зі списку суміжності) ---
Знайдене максимальне парування (M): {(30, 174), (73, 90), (23, 25), (44, 127), (42, 75), (60, 147), (46, 130), (31, 111), (6, 139), (61, 118), (133, 143), (11, 117), (13, 19), (82, 97), (27, 72), (14, 17), (99, 122), (49, 167), (104, 112), (131, 138), (43, 80), (4, 171), (36, 50), (2, 45), (95, 166), (8, 155), (38, 98), (134, 148), (48, 172), (35, 53), (51, 79), (18, 55), (24, 71), (121, 150), (52, 160), (85, 93), (105, 108), (154, 156), (120, 142), (9, 119), (68, 113), (103, 165), (89, 145), (15, 107), (54, 62), (28, 162), (1, 153), (69, 135), (96, 128), (116, 140), (74, 88), (33, 151), (22, 59), (0, 157), (56, 70), (149, 173), (87, 161), (39, 114), (100, 164), (40, 76), (57, 101), (86, 91), (115, 170), (21, 163), (7, 109), (64, 106), (34, 102), (10, 144), (3, 169), (58, 132), (41, 125), (94, 152), (78, 146), (141, 159), (32, 81), (66, 83), (84, 137), (92, 129), (124, 136), (26, 110), (65, 77), (63, 123)}
Згенероване вершинне покриття (C): [0, 1, 2, 3, 4, 6, 7, 8, 9, 10, 11, 13, 14, 15, 17, 18, 19, 21, 22, 23, 24, 25, 26, 27, 28, 30, 31, 32, 33, 34, 35, 36, 38, 39, 40, 41, 42, 43, 44, 45, 46, 48, 49, 50, 51, 52, 53, 54, 55, 56, 57, 58, 59, 60, 61, 62, 63, 64, 65, 66, 68, 69, 70, 71, 72, 73, 74, 75, 76, 77, 78, 79, 80, 81, 82, 83, 84, 85, 86, 87, 88, 89, 90, 91, 92, 93, 94, 95, 96, 97, 98, 99, 100, 101, 102, 103, 104, 105, 106, 107, 108, 109, 110, 111, 112, 113, 114, 115, 116, 117, 118, 119, 120, 121, 122, 123, 124, 125, 127, 128, 129, 130, 131, 132, 133, 134, 135, 136, 137, 138, 139, 140, 141, 142, 143, 144, 145, 146, 147, 148, 149, 150, 151, 152, 153, 154, 155, 156, 157, 159, 160, 161, 162, 163, 164, 165, 166, 167, 169, 170, 171, 172, 173, 174]

--- Генерація вершинного покриття (зі списку суміжності) ---
Знайдене максимальне парування (M): {(12, 68), (59, 119), (38, 151), (16, 148), (50, 125), (79, 81), (97, 138), (56, 140), (88, 120), (137, 168), (31, 159), (75, 83), (1, 8), (94, 169), (36, 48), (27, 173), (2, 162), (66, 110), (53, 155), (108, 134), (4, 89), (21, 105), (80, 154), (95, 127), (19, 43), (13, 158), (20, 72), (128, 142), (37, 76), (51, 132), (34, 174), (11, 32), (24, 96), (35, 160), (65, 106), (116, 124), (85, 118), (109, 149), (46, 111), (17, 139), (54, 69), (25, 33), (44, 101), (99, 165), (103, 156), (23, 90), (5, 84), (0, 82), (58, 71), (62, 123), (29, 129), (55, 74), (141, 144), (107, 121), (26, 166), (152, 153), (28, 93), (3, 39), (6, 10), (15, 150), (87, 163), (45, 157), (47, 117), (30, 131), (78, 98), (91, 147), (114, 130), (52, 164), (7, 22), (122, 161), (18, 86), (73, 113), (57, 135), (92, 102), (67, 112), (9, 40), (14, 63), (126, 170), (104, 167), (61, 77), (100, 145), (49, 133)}
Згенероване вершинне покриття (C): [0, 1, 2, 3, 4, 5, 6, 7, 8, 9, 10, 11, 12, 13, 14, 15, 16, 17, 18, 19, 20, 21, 22, 23, 24, 25, 26, 27, 28, 29, 30, 31, 32, 33, 34, 35, 36, 37, 38, 39, 40, 43, 44, 45, 46, 47, 48, 49, 50, 51, 52, 53, 54, 55, 56, 57, 58, 59, 61, 62, 63, 65, 66, 67, 68, 69, 71, 72, 73, 74, 75, 76, 77, 78, 79, 80, 81, 82, 83, 84, 85, 86, 87, 88, 89, 90, 91, 92, 93, 94, 95, 96, 97, 98, 99, 100, 101, 102, 103, 104, 105, 106, 107, 108, 109, 110, 111, 112, 113, 114, 116, 117, 118, 119, 120, 121, 122, 123, 124, 125, 126, 127, 128, 129, 130, 131, 132, 133, 134, 135, 137, 138, 139, 140, 141, 142, 144, 145, 147, 148, 149, 150, 151, 152, 153, 154, 155, 156, 157, 158, 159, 160, 161, 162, 163, 164, 165, 166, 167, 168, 169, 170, 173, 174]

--- Генерація вершинного покриття (зі списку суміжності) ---
Знайдене максимальне парування (M): {(1, 31), (7, 145), (32, 174), (104, 160), (9, 136), (95, 114), (96, 97), (37, 127), (39, 154), (76, 118), (94, 133), (58, 152), (90, 138), (10, 29), (62, 140), (73, 85), (2, 43), (0, 64), (27, 102), (18, 142), (109, 147), (52, 67), (122, 128), (69, 92), (38, 123), (55, 56), (40, 159), (63, 106), (112, 120), (24, 117), (70, 148), (35, 80), (110, 168), (81, 141), (74, 166), (49, 173), (14, 151), (36, 65), (41, 46), (60, 77), (161, 163), (115, 129), (45, 171), (75, 105), (72, 108), (51, 88), (19, 44), (83, 111), (84, 149), (103, 162), (48, 119), (23, 53), (3, 169), (6, 12), (86, 139), (33, 57), (26, 170), (28, 143), (42, 87), (116, 155), (91, 101), (71, 132), (34, 113), (11, 99), (30, 167), (16, 89), (121, 172), (50, 66), (150, 153), (144, 146), (68, 135), (82, 134), (13, 22), (100, 124), (15, 156), (47, 78), (93, 130), (8, 126), (5, 17), (54, 157), (20, 164), (4, 165)}
Згенероване вершинне покриття (C): [0, 1, 2, 3, 4, 5, 6, 7, 8, 9, 10, 11, 12, 13, 14, 15, 16, 17, 18, 19, 20, 22, 23, 24, 26, 27, 28, 29, 30, 31, 32, 33, 34, 35, 36, 37, 38, 39, 40, 41, 42, 43, 44, 45, 46, 47, 48, 49, 50, 51, 52, 53, 54, 55, 56, 57, 58, 60, 62, 63, 64, 65, 66, 67, 68, 69, 70, 71, 72, 73, 74, 75, 76, 77, 78, 80, 81, 82, 83, 84, 85, 86, 87, 88, 89, 90, 91, 92, 93, 94, 95, 96, 97, 99, 100, 101, 102, 103, 104, 105, 106, 108, 109, 110, 111, 112, 113, 114, 115, 116, 117, 118, 119, 120, 121, 122, 123, 124, 126, 127, 128, 129, 130, 132, 133, 134, 135, 136, 138, 139, 140, 141, 142, 143, 144, 145, 146, 147, 148, 149, 150, 151, 152, 153, 154, 155, 156, 157, 159, 160, 161, 162, 163, 164, 165, 166, 167, 168, 169, 170, 171, 172, 173, 174]

--- Генерація вершинного покриття (зі списку суміжності) ---
Знайдене максимальне парування (M): {(70, 174), (127, 171), (41, 113), (98, 165), (24, 170), (16, 47), (28, 76), (78, 143), (18, 156), (8, 121), (45, 140), (2, 169), (30, 148), (75, 147), (25, 155), (90, 101), (124, 133), (73, 158), (100, 126), (48, 88), (54, 138), (71, 154), (3, 129), (145, 167), (68, 173), (4, 82), (20, 44), (32, 128), (11, 96), (33, 108), (29, 49), (67, 161), (26, 123), (107, 142), (13, 135), (36, 164), (83, 105), (64, 79), (136, 150), (46, 104), (6, 95), (12, 99), (132, 134), (43, 77), (69, 160), (27, 92), (5, 34), (85, 152), (137, 144), (9, 50), (60, 61), (55, 74), (14, 146), (87, 97), (118, 130), (72, 163), (52, 139), (117, 125), (65, 151), (38, 42), (10, 80), (39, 116), (110, 112), (131, 162), (51, 53), (81, 106), (141, 157), (62, 111), (19, 21), (31, 59), (22, 56), (102, 119), (94, 115), (15, 172), (23, 103), (37, 166), (58, 109), (57, 153), (84, 91), (35, 168), (1, 120), (0, 149), (7, 63)}
Згенероване вершинне покриття (C): [0, 1, 2, 3, 4, 5, 6, 7, 8, 9, 10, 11, 12, 13, 14, 15, 16, 18, 19, 20, 21, 22, 23, 24, 25, 26, 27, 28, 29, 30, 31, 32, 33, 34, 35, 36, 37, 38, 39, 41, 42, 43, 44, 45, 46, 47, 48, 49, 50, 51, 52, 53, 54, 55, 56, 57, 58, 59, 60, 61, 62, 63, 64, 65, 67, 68, 69, 70, 71, 72, 73, 74, 75, 76, 77, 78, 79, 80, 81, 82, 83, 84, 85, 87, 88, 90, 91, 92, 94, 95, 96, 97, 98, 99, 100, 101, 102, 103, 104, 105, 106, 107, 108, 109, 110, 111, 112, 113, 115, 116, 117, 118, 119, 120, 121, 123, 124, 125, 126, 127, 128, 129, 130, 131, 132, 133, 134, 135, 136, 137, 138, 139, 140, 141, 142, 143, 144, 145, 146, 147, 148, 149, 150, 151, 152, 153, 154, 155, 156, 157, 158, 160, 161, 162, 163, 164, 165, 166, 167, 168, 169, 170, 171, 172, 173, 174]

--- Генерація вершинного покриття (зі списку суміжності) ---
Знайдене максимальне парування (M): {(59, 110), (18, 136), (28, 122), (3, 95), (140, 164), (89, 125), (2, 96), (37, 63), (54, 79), (46, 169), (4, 87), (41, 90), (26, 144), (58, 124), (88, 168), (64, 146), (48, 104), (73, 103), (5, 32), (40, 127), (70, 107), (81, 82), (130, 167), (25, 157), (119, 139), (39, 149), (31, 145), (12, 141), (21, 34), (65, 67), (69, 156), (115, 123), (113, 126), (36, 43), (91, 116), (114, 163), (6, 47), (8, 29), (171, 172), (147, 159), (0, 52), (137, 158), (15, 98), (38, 118), (60, 93), (99, 131), (62, 121), (75, 112), (138, 143), (23, 101), (61, 85), (150, 174), (76, 142), (108, 165), (94, 111), (51, 106), (14, 57), (120, 148), (1, 105), (133, 151), (45, 56), (92, 162), (11, 161), (35, 155), (42, 78), (117, 166), (55, 160), (22, 102), (9, 84), (83, 97), (132, 154), (53, 74), (44, 50), (27, 128), (17, 72), (10, 66), (33, 68), (7, 49), (13, 77), (80, 109), (24, 86), (20, 134), (16, 173), (30, 135)}
Згенероване вершинне покриття (C): [0, 1, 2, 3, 4, 5, 6, 7, 8, 9, 10, 11, 12, 13, 14, 15, 16, 17, 18, 20, 21, 22, 23, 24, 25, 26, 27, 28, 29, 30, 31, 32, 33, 34, 35, 36, 37, 38, 39, 40, 41, 42, 43, 44, 45, 46, 47, 48, 49, 50, 51, 52, 53, 54, 55, 56, 57, 58, 59, 60, 61, 62, 63, 64, 65, 66, 67, 68, 69, 70, 72, 73, 74, 75, 76, 77, 78, 79, 80, 81, 82, 83, 84, 85, 86, 87, 88, 89, 90, 91, 92, 93, 94, 95, 96, 97, 98, 99, 101, 102, 103, 104, 105, 106, 107, 108, 109, 110, 111, 112, 113, 114, 115, 116, 117, 118, 119, 120, 121, 122, 123, 124, 125, 126, 127, 128, 130, 131, 132, 133, 134, 135, 136, 137, 138, 139, 140, 141, 142, 143, 144, 145, 146, 147, 148, 149, 150, 151, 154, 155, 156, 157, 158, 159, 160, 161, 162, 163, 164, 165, 166, 167, 168, 169, 171, 172, 173, 174]

--- Генерація вершинного покриття (зі списку суміжності) ---
Знайдене максимальне парування (M): {(94, 110), (123, 155), (95, 148), (48, 100), (47, 89), (116, 143), (65, 79), (31, 56), (114, 136), (132, 151), (75, 108), (104, 162), (144, 152), (2, 59), (54, 161), (122, 124), (80, 97), (70, 169), (112, 150), (1, 26), (13, 147), (18, 140), (35, 156), (96, 117), (45, 133), (53, 146), (40, 91), (36, 84), (61, 86), (135, 172), (101, 158), (128, 142), (44, 170), (85, 171), (157, 159), (72, 81), (118, 167), (28, 160), (102, 173), (33, 58), (7, 39), (78, 154), (105, 138), (6, 113), (67, 99), (98, 141), (17, 52), (21, 22), (46, 115), (23, 165), (15, 127), (5, 125), (24, 50), (9, 34), (14, 57), (60, 109), (38, 106), (32, 120), (69, 139), (4, 83), (126, 145), (19, 74), (153, 163), (134, 168), (111, 166), (30, 37), (8, 92), (11, 42), (10, 64), (87, 174), (62, 129), (55, 71), (51, 76), (43, 90), (49, 149), (73, 88), (93, 130), (0, 131), (12, 41), (68, 137), (29, 66), (20, 63)}
Згенероване вершинне покриття (C): [0, 1, 2, 4, 5, 6, 7, 8, 9, 10, 11, 12, 13, 14, 15, 17, 18, 19, 20, 21, 22, 23, 24, 26, 28, 29, 30, 31, 32, 33, 34, 35, 36, 37, 38, 39, 40, 41, 42, 43, 44, 45, 46, 47, 48, 49, 50, 51, 52, 53, 54, 55, 56, 57, 58, 59, 60, 61, 62, 63, 64, 65, 66, 67, 68, 69, 70, 71, 72, 73, 74, 75, 76, 78, 79, 80, 81, 83, 84, 85, 86, 87, 88, 89, 90, 91, 92, 93, 94, 95, 96, 97, 98, 99, 100, 101, 102, 104, 105, 106, 108, 109, 110, 111, 112, 113, 114, 115, 116, 117, 118, 120, 122, 123, 124, 125, 126, 127, 128, 129, 130, 131, 132, 133, 134, 135, 136, 137, 138, 139, 140, 141, 142, 143, 144, 145, 146, 147, 148, 149, 150, 151, 152, 153, 154, 155, 156, 157, 158, 159, 160, 161, 162, 163, 165, 166, 167, 168, 169, 170, 171, 172, 173, 174]

--- Генерація вершинного покриття (зі списку суміжності) ---
Знайдене максимальне парування (M): {(36, 53), (47, 80), (23, 25), (45, 156), (91, 162), (131, 143), (149, 158), (89, 171), (104, 135), (58, 122), (82, 150), (65, 164), (98, 112), (99, 120), (78, 100), (1, 17), (79, 138), (37, 74), (21, 160), (29, 54), (26, 73), (105, 159), (55, 127), (42, 173), (8, 61), (165, 170), (13, 51), (40, 166), (60, 144), (77, 169), (115, 132), (101, 151), (16, 92), (76, 124), (41, 142), (4, 157), (71, 140), (20, 67), (87, 136), (30, 111), (10, 108), (5, 11), (2, 113), (119, 152), (22, 48), (62, 75), (31, 133), (57, 106), (6, 97), (94, 134), (81, 145), (38, 141), (14, 128), (32, 72), (44, 126), (24, 68), (39, 59), (70, 163), (102, 161), (27, 103), (46, 83), (146, 167), (52, 123), (19, 129), (56, 93), (90, 125), (35, 155), (18, 84), (33, 66), (64, 117), (109, 116), (88, 148), (50, 130), (7, 168), (147, 172), (86, 107), (49, 85), (69, 118), (15, 28), (121, 174), (34, 154), (12, 96), (63, 114)}
Згенероване вершинне покриття (C): [1, 2, 4, 5, 6, 7, 8, 10, 11, 12, 13, 14, 15, 16, 17, 18, 19, 20, 21, 22, 23, 24, 25, 26, 27, 28, 29, 30, 31, 32, 33, 34, 35, 36, 37, 38, 39, 40, 41, 42, 44, 45, 46, 47, 48, 49, 50, 51, 52, 53, 54, 55, 56, 57, 58, 59, 60, 61, 62, 63, 64, 65, 66, 67, 68, 69, 70, 71, 72, 73, 74, 75, 76, 77, 78, 79, 80, 81, 82, 83, 84, 85, 86, 87, 88, 89, 90, 91, 92, 93, 94, 96, 97, 98, 99, 100, 101, 102, 103, 104, 105, 106, 107, 108, 109, 111, 112, 113, 114, 115, 116, 117, 118, 119, 120, 121, 122, 123, 124, 125, 126, 127, 128, 129, 130, 131, 132, 133, 134, 135, 136, 138, 140, 141, 142, 143, 144, 145, 146, 147, 148, 149, 150, 151, 152, 154, 155, 156, 157, 158, 159, 160, 161, 162, 163, 164, 165, 166, 167, 168, 169, 170, 171, 172, 173, 174]

--- Генерація вершинного покриття (зі списку суміжності) ---
Знайдене максимальне парування (M): {(160, 165), (79, 152), (42, 48), (41, 58), (7, 90), (3, 150), (75, 136), (89, 171), (73, 138), (76, 173), (57, 68), (74, 84), (162, 163), (47, 121), (46, 107), (34, 87), (28, 135), (12, 102), (16, 127), (98, 144), (86, 124), (10, 95), (2, 109), (49, 114), (52, 103), (4, 118), (96, 112), (147, 157), (9, 117), (106, 168), (13, 80), (1, 142), (45, 130), (20, 30), (21, 148), (29, 115), (24, 128), (65, 92), (54, 71), (137, 169), (61, 85), (8, 15), (33, 78), (17, 155), (131, 149), (25, 156), (5, 6), (43, 164), (11, 111), (125, 154), (101, 141), (59, 172), (23, 69), (120, 139), (18, 91), (77, 143), (60, 72), (44, 82), (0, 97), (94, 122), (66, 170), (14, 132), (26, 161), (53, 145), (27, 126), (110, 151), (70, 158), (22, 166), (63, 146), (51, 174), (113, 159), (81, 108), (39, 129), (32, 35), (50, 105), (38, 140), (64, 67), (36, 133), (19, 62), (99, 116), (31, 100), (88, 134), (119, 167), (37, 104)}
Згенероване вершинне покриття (C): [0, 1, 2, 3, 4, 5, 6, 7, 8, 9, 10, 11, 12, 13, 14, 15, 16, 17, 18, 19, 20, 21, 22, 23, 24, 25, 26, 27, 28, 29, 30, 31, 32, 33, 34, 35, 36, 37, 38, 39, 41, 42, 43, 44, 45, 46, 47, 48, 49, 50, 51, 52, 53, 54, 57, 58, 59, 60, 61, 62, 63, 64, 65, 66, 67, 68, 69, 70, 71, 72, 73, 74, 75, 76, 77, 78, 79, 80, 81, 82, 84, 85, 86, 87, 88, 89, 90, 91, 92, 94, 95, 96, 97, 98, 99, 100, 101, 102, 103, 104, 105, 106, 107, 108, 109, 110, 111, 112, 113, 114, 115, 116, 117, 118, 119, 120, 121, 122, 124, 125, 126, 127, 128, 129, 130, 131, 132, 133, 134, 135, 136, 137, 138, 139, 140, 141, 142, 143, 144, 145, 146, 147, 148, 149, 150, 151, 152, 154, 155, 156, 157, 158, 159, 160, 161, 162, 163, 164, 165, 166, 167, 168, 169, 170, 171, 172, 173, 174]

--- Генерація вершинного покриття (зі списку суміжності) ---
Знайдене максимальне парування (M): {(15, 140), (38, 142), (116, 171), (71, 93), (53, 151), (27, 77), (32, 67), (21, 46), (24, 72), (110, 123), (49, 153), (13, 172), (113, 174), (85, 150), (48, 88), (51, 68), (14, 147), (121, 130), (95, 120), (28, 39), (33, 99), (74, 164), (0, 41), (122, 158), (82, 165), (100, 146), (69, 103), (36, 118), (64, 143), (63, 90), (3, 133), (23, 81), (29, 152), (26, 43), (1, 126), (8, 86), (56, 59), (18, 96), (40, 108), (89, 92), (112, 124), (141, 169), (19, 42), (47, 58), (45, 70), (5, 125), (37, 75), (66, 129), (22, 134), (104, 115), (161, 167), (50, 144), (10, 80), (12, 44), (57, 76), (65, 98), (149, 168), (128, 145), (111, 138), (6, 30), (84, 160), (62, 157), (25, 117), (135, 159), (9, 139), (131, 137), (132, 154), (101, 102), (4, 78), (17, 136), (127, 148), (20, 52), (31, 61), (105, 114), (55, 91), (16, 173), (2, 119), (73, 170), (54, 166), (34, 163), (97, 109), (83, 156), (35, 79)}
Згенероване вершинне покриття (C): [0, 1, 2, 3, 4, 5, 6, 8, 9, 10, 12, 13, 14, 15, 16, 17, 18, 19, 20, 21, 22, 23, 24, 25, 26, 27, 28, 29, 30, 31, 32, 33, 34, 35, 36, 37, 38, 39, 40, 41, 42, 43, 44, 45, 46, 47, 48, 49, 50, 51, 52, 53, 54, 55, 56, 57, 58, 59, 61, 62, 63, 64, 65, 66, 67, 68, 69, 70, 71, 72, 73, 74, 75, 76, 77, 78, 79, 80, 81, 82, 83, 84, 85, 86, 88, 89, 90, 91, 92, 93, 95, 96, 97, 98, 99, 100, 101, 102, 103, 104, 105, 108, 109, 110, 111, 112, 113, 114, 115, 116, 117, 118, 119, 120, 121, 122, 123, 124, 125, 126, 127, 128, 129, 130, 131, 132, 133, 134, 135, 136, 137, 138, 139, 140, 141, 142, 143, 144, 145, 146, 147, 148, 149, 150, 151, 152, 153, 154, 156, 157, 158, 159, 160, 161, 163, 164, 165, 166, 167, 168, 169, 170, 171, 172, 173, 174]

--- Генерація вершинного покриття (зі списку суміжності) ---
Знайдене максимальне парування (M): {(64, 69), (92, 122), (44, 45), (116, 125), (27, 132), (74, 119), (153, 171), (58, 150), (12, 162), (59, 121), (53, 80), (30, 112), (114, 166), (48, 111), (127, 145), (108, 141), (23, 109), (72, 123), (75, 165), (8, 50), (113, 167), (0, 110), (1, 172), (35, 76), (19, 107), (88, 161), (46, 100), (94, 128), (29, 102), (25, 68), (32, 155), (47, 52), (62, 89), (65, 115), (138, 148), (85, 93), (42, 104), (137, 140), (120, 142), (6, 95), (86, 149), (97, 103), (16, 151), (54, 135), (84, 90), (14, 144), (38, 56), (143, 157), (118, 146), (39, 66), (28, 164), (9, 169), (4, 63), (67, 131), (3, 73), (106, 156), (55, 101), (37, 160), (22, 61), (21, 26), (124, 139), (10, 126), (31, 57), (11, 33), (49, 154), (43, 168), (41, 70), (96, 134), (36, 147), (83, 170), (20, 77), (78, 82), (136, 163), (117, 159), (79, 129), (40, 174), (60, 152), (17, 99), (7, 15), (34, 81), (71, 173), (51, 133), (2, 18), (91, 105)}
Згенероване вершинне покриття (C): [0, 1, 2, 3, 4, 6, 7, 8, 9, 10, 11, 12, 14, 15, 16, 17, 18, 19, 20, 21, 22, 23, 25, 26, 27, 28, 29, 30, 31, 32, 33, 34, 35, 36, 37, 38, 39, 40, 41, 42, 43, 44, 45, 46, 47, 48, 49, 50, 51, 52, 53, 54, 55, 56, 57, 58, 59, 60, 61, 62, 63, 64, 65, 66, 67, 68, 69, 70, 71, 72, 73, 74, 75, 76, 77, 78, 79, 80, 81, 82, 83, 84, 85, 86, 88, 89, 90, 91, 92, 93, 94, 95, 96, 97, 99, 100, 101, 102, 103, 104, 105, 106, 107, 108, 109, 110, 111, 112, 113, 114, 115, 116, 117, 118, 119, 120, 121, 122, 123, 124, 125, 126, 127, 128, 129, 131, 132, 133, 134, 135, 136, 137, 138, 139, 140, 141, 142, 143, 144, 145, 146, 147, 148, 149, 150, 151, 152, 153, 154, 155, 156, 157, 159, 160, 161, 162, 163, 164, 165, 166, 167, 168, 169, 170, 171, 172, 173, 174]

--- Генерація вершинного покриття (зі списку суміжності) ---
Знайдене максимальне парування (M): {(120, 129), (138, 165), (110, 130), (25, 105), (101, 124), (8, 82), (158, 161), (69, 113), (21, 128), (15, 87), (123, 157), (53, 135), (27, 125), (34, 85), (122, 170), (45, 103), (119, 171), (68, 141), (51, 100), (126, 167), (1, 108), (31, 33), (57, 70), (26, 146), (63, 77), (54, 83), (22, 23), (136, 164), (48, 106), (14, 92), (104, 114), (115, 132), (65, 152), (67, 143), (72, 102), (59, 148), (61, 145), (79, 162), (37, 46), (137, 151), (7, 160), (81, 118), (0, 139), (47, 49), (29, 74), (71, 144), (93, 174), (91, 131), (84, 147), (24, 50), (78, 94), (9, 89), (30, 35), (11, 86), (20, 64), (66, 159), (10, 80), (19, 28), (2, 149), (16, 32), (4, 140), (117, 166), (36, 156), (76, 155), (75, 111), (107, 109), (41, 173), (3, 134), (6, 96), (97, 150), (116, 121), (88, 169), (52, 127), (55, 153), (62, 168), (17, 154), (43, 99), (44, 98), (13, 95), (18, 42), (40, 112), (5, 90), (56, 172), (60, 163)}
Згенероване вершинне покриття (C): [0, 1, 2, 3, 4, 5, 6, 7, 8, 9, 10, 11, 13, 14, 15, 16, 17, 18, 19, 20, 21, 22, 23, 24, 25, 26, 27, 28, 29, 30, 31, 32, 33, 34, 35, 36, 37, 40, 41, 42, 43, 44, 45, 46, 47, 48, 49, 50, 51, 52, 53, 54, 55, 56, 57, 59, 60, 61, 62, 63, 64, 65, 66, 67, 68, 69, 70, 71, 72, 74, 75, 76, 77, 78, 79, 80, 81, 82, 83, 84, 85, 86, 87, 88, 89, 90, 91, 92, 93, 94, 95, 96, 97, 98, 99, 100, 101, 102, 103, 104, 105, 106, 107, 108, 109, 110, 111, 112, 113, 114, 115, 116, 117, 118, 119, 120, 121, 122, 123, 124, 125, 126, 127, 128, 129, 130, 131, 132, 134, 135, 136, 137, 138, 139, 140, 141, 143, 144, 145, 146, 147, 148, 149, 150, 151, 152, 153, 154, 155, 156, 157, 158, 159, 160, 161, 162, 163, 164, 165, 166, 167, 168, 169, 170, 171, 172, 173, 174]

--- Генерація вершинного покриття (зі списку суміжності) ---
Знайдене максимальне парування (M): {(18, 81), (34, 65), (44, 109), (88, 173), (10, 116), (2, 121), (17, 30), (54, 113), (148, 150), (38, 135), (118, 161), (28, 115), (56, 94), (15, 126), (27, 100), (79, 92), (25, 155), (1, 163), (8, 132), (13, 67), (75, 85), (47, 169), (78, 129), (97, 99), (50, 143), (82, 138), (145, 160), (14, 76), (11, 123), (52, 124), (95, 131), (108, 122), (53, 164), (80, 105), (125, 159), (111, 114), (107, 162), (29, 154), (35, 130), (49, 77), (117, 141), (66, 166), (146, 165), (23, 149), (43, 63), (19, 72), (98, 136), (153, 170), (144, 167), (55, 174), (93, 158), (62, 70), (83, 157), (48, 71), (37, 59), (20, 137), (69, 139), (41, 68), (4, 156), (87, 172), (3, 32), (31, 57), (0, 33), (6, 140), (40, 142), (84, 151), (61, 73), (134, 152), (7, 120), (36, 101), (45, 168), (91, 119), (64, 147), (96, 127), (104, 110), (22, 86), (26, 74), (51, 103), (21, 133), (42, 46), (112, 171), (9, 24), (60, 90), (58, 102)}
Згенероване вершинне покриття (C): [0, 1, 2, 3, 4, 6, 7, 8, 9, 10, 11, 13, 14, 15, 17, 18, 19, 20, 21, 22, 23, 24, 25, 26, 27, 28, 29, 30, 31, 32, 33, 34, 35, 36, 37, 38, 40, 41, 42, 43, 44, 45, 46, 47, 48, 49, 50, 51, 52, 53, 54, 55, 56, 57, 58, 59, 60, 61, 62, 63, 64, 65, 66, 67, 68, 69, 70, 71, 72, 73, 74, 75, 76, 77, 78, 79, 80, 81, 82, 83, 84, 85, 86, 87, 88, 90, 91, 92, 93, 94, 95, 96, 97, 98, 99, 100, 101, 102, 103, 104, 105, 107, 108, 109, 110, 111, 112, 113, 114, 115, 116, 117, 118, 119, 120, 121, 122, 123, 124, 125, 126, 127, 129, 130, 131, 132, 133, 134, 135, 136, 137, 138, 139, 140, 141, 142, 143, 144, 145, 146, 147, 148, 149, 150, 151, 152, 153, 154, 155, 156, 157, 158, 159, 160, 161, 162, 163, 164, 165, 166, 167, 168, 169, 170, 171, 172, 173, 174]

--- Генерація вершинного покриття (зі списку суміжності) ---
Знайдене максимальне парування (M): {(126, 163), (44, 109), (100, 138), (99, 118), (107, 131), (42, 75), (41, 143), (58, 104), (140, 155), (40, 141), (13, 35), (51, 128), (103, 166), (142, 164), (111, 112), (8, 32), (133, 173), (3, 136), (63, 102), (120, 154), (38, 66), (95, 127), (116, 159), (17, 174), (62, 160), (114, 170), (5, 89), (69, 92), (52, 76), (67, 168), (110, 129), (22, 80), (43, 121), (33, 147), (48, 74), (53, 125), (18, 167), (61, 101), (1, 25), (34, 123), (37, 73), (14, 71), (77, 93), (97, 169), (47, 150), (9, 87), (7, 132), (27, 46), (135, 171), (19, 106), (12, 94), (4, 26), (96, 130), (16, 64), (2, 10), (23, 115), (15, 31), (6, 156), (36, 145), (20, 39), (54, 59), (119, 124), (57, 149), (82, 148), (29, 151), (45, 49), (91, 165), (21, 85), (56, 79), (78, 146), (28, 81), (65, 139), (60, 88), (117, 122), (0, 83), (68, 144), (86, 134), (98, 108), (72, 153), (11, 30)}
Згенероване вершинне покриття (C): [0, 1, 2, 3, 4, 5, 6, 7, 8, 9, 10, 11, 12, 13, 14, 15, 16, 17, 18, 19, 20, 21, 22, 23, 25, 26, 27, 28, 29, 30, 31, 32, 33, 34, 35, 36, 37, 38, 39, 40, 41, 42, 43, 44, 45, 46, 47, 48, 49, 51, 52, 53, 54, 56, 57, 58, 59, 60, 61, 62, 63, 64, 65, 66, 67, 68, 69, 71, 72, 73, 74, 75, 76, 77, 78, 79, 80, 81, 82, 83, 85, 86, 87, 88, 89, 91, 92, 93, 94, 95, 96, 97, 98, 99, 100, 101, 102, 103, 104, 106, 107, 108, 109, 110, 111, 112, 114, 115, 116, 117, 118, 119, 120, 121, 122, 123, 124, 125, 126, 127, 128, 129, 130, 131, 132, 133, 134, 135, 136, 138, 139, 140, 141, 142, 143, 144, 145, 146, 147, 148, 149, 150, 151, 153, 154, 155, 156, 159, 160, 163, 164, 165, 166, 167, 168, 169, 170, 171, 173, 174]

--- Генерація вершинного покриття (зі списку суміжності) ---
Знайдене максимальне парування (M): {(5, 65), (48, 164), (62, 108), (23, 98), (94, 149), (12, 162), (86, 111), (14, 104), (40, 132), (38, 80), (4, 112), (36, 55), (41, 51), (90, 154), (13, 44), (76, 118), (39, 53), (54, 106), (47, 155), (69, 170), (87, 121), (10, 120), (15, 110), (91, 157), (18, 115), (140, 150), (33, 143), (75, 167), (30, 43), (52, 131), (101, 133), (7, 16), (31, 138), (67, 161), (64, 171), (88, 156), (1, 96), (46, 95), (32, 169), (49, 100), (66, 134), (45, 50), (145, 146), (137, 142), (57, 97), (135, 153), (22, 105), (78, 174), (34, 107), (68, 117), (6, 172), (123, 126), (73, 116), (29, 58), (71, 128), (9, 89), (83, 93), (8, 99), (2, 147), (84, 85), (63, 151), (42, 122), (72, 165), (35, 125), (24, 70), (113, 136), (11, 152), (3, 59), (20, 139), (56, 168), (19, 158), (103, 148), (25, 37), (21, 60), (160, 163), (26, 28), (92, 129), (27, 130), (61, 77), (82, 109), (127, 141), (81, 119)}
Згенероване вершинне покриття (C): [1, 2, 3, 4, 5, 6, 7, 8, 9, 10, 11, 12, 13, 14, 15, 16, 18, 19, 20, 21, 22, 23, 24, 25, 26, 27, 28, 29, 30, 31, 32, 33, 34, 35, 36, 37, 38, 39, 40, 41, 42, 43, 44, 45, 46, 47, 48, 49, 50, 51, 52, 53, 54, 55, 56, 57, 58, 59, 60, 61, 62, 63, 64, 65, 66, 67, 68, 69, 70, 71, 72, 73, 75, 76, 77, 78, 80, 81, 82, 83, 84, 85, 86, 87, 88, 89, 90, 91, 92, 93, 94, 95, 96, 97, 98, 99, 100, 101, 103, 104, 105, 106, 107, 108, 109, 110, 111, 112, 113, 115, 116, 117, 118, 119, 120, 121, 122, 123, 125, 126, 127, 128, 129, 130, 131, 132, 133, 134, 135, 136, 137, 138, 139, 140, 141, 142, 143, 145, 146, 147, 148, 149, 150, 151, 152, 153, 154, 155, 156, 157, 158, 160, 161, 162, 163, 164, 165, 167, 168, 169, 170, 171, 172, 174]

Середній час виконання: 0.0002896595 секунд
