
--- Генерація вершинного покриття (зі списку суміжності) ---
Знайдене максимальне парування (M): {(15, 34), (14, 17), (1, 20), (5, 7), (27, 39), (6, 23), (35, 38), (13, 28), (12, 31), (18, 21), (25, 30), (26, 37)}
Згенероване вершинне покриття (C): [1, 5, 6, 7, 12, 13, 14, 15, 17, 18, 20, 21, 23, 25, 26, 27, 28, 30, 31, 34, 35, 37, 38, 39]

--- Генерація вершинного покриття (зі списку суміжності) ---
Знайдене максимальне парування (M): {(14, 30), (12, 17), (23, 26), (28, 39), (3, 7), (18, 19), (6, 33), (10, 13), (1, 16), (15, 22), (27, 38)}
Згенероване вершинне покриття (C): [1, 3, 6, 7, 10, 12, 13, 14, 15, 16, 17, 18, 19, 22, 23, 26, 27, 28, 30, 33, 38, 39]

--- Генерація вершинного покриття (зі списку суміжності) ---
Знайдене максимальне парування (M): {(3, 30), (17, 26), (0, 39), (11, 22), (28, 32), (10, 19), (2, 25), (24, 37), (8, 15), (7, 18), (16, 33), (20, 21)}
Згенероване вершинне покриття (C): [0, 2, 3, 7, 8, 10, 11, 15, 16, 17, 18, 19, 20, 21, 22, 24, 25, 26, 28, 30, 32, 33, 37, 39]

--- Генерація вершинного покриття (зі списку суміжності) ---
Знайдене максимальне парування (M): {(29, 33), (9, 35), (13, 17), (22, 34), (2, 7), (0, 16), (6, 30), (1, 8), (12, 19), (4, 31), (23, 38), (25, 27), (3, 21), (10, 18)}
Згенероване вершинне покриття (C): [0, 1, 2, 3, 4, 6, 7, 8, 9, 10, 12, 13, 16, 17, 18, 19, 21, 22, 23, 25, 27, 29, 30, 31, 33, 34, 35, 38]

--- Генерація вершинного покриття (зі списку суміжності) ---
Знайдене максимальне парування (M): {(5, 15), (4, 39), (11, 30), (12, 20), (14, 23), (2, 26), (6, 19), (8, 13), (3, 38), (1, 32), (18, 25), (16, 37), (7, 24)}
Згенероване вершинне покриття (C): [1, 2, 3, 4, 5, 6, 7, 8, 11, 12, 13, 14, 15, 16, 18, 19, 20, 23, 24, 25, 26, 30, 32, 37, 38, 39]

--- Генерація вершинного покриття (зі списку суміжності) ---
Знайдене максимальне парування (M): {(15, 21), (11, 20), (25, 35), (8, 23), (13, 36), (0, 19), (10, 17), (2, 39), (4, 31), (22, 32), (16, 34), (28, 37), (27, 38), (1, 3), (18, 30)}
Згенероване вершинне покриття (C): [0, 1, 2, 3, 4, 8, 10, 11, 13, 15, 16, 17, 18, 19, 20, 21, 22, 23, 25, 27, 28, 30, 31, 32, 34, 35, 36, 37, 38, 39]

--- Генерація вершинного покриття (зі списку суміжності) ---
Знайдене максимальне парування (M): {(10, 34), (1, 31), (9, 13), (15, 24), (8, 20), (11, 19), (16, 38), (5, 17), (6, 33), (2, 32), (18, 28), (3, 25), (27, 29), (21, 23)}
Згенероване вершинне покриття (C): [1, 2, 3, 5, 6, 8, 9, 10, 11, 13, 15, 16, 17, 18, 19, 20, 21, 23, 24, 25, 27, 28, 29, 31, 32, 33, 34, 38]

--- Генерація вершинного покриття (зі списку суміжності) ---
Знайдене максимальне парування (M): {(20, 24), (13, 33), (0, 26), (3, 23), (14, 31), (30, 39), (29, 35), (2, 22), (8, 28), (5, 19), (16, 37), (18, 34), (6, 38)}
Згенероване вершинне покриття (C): [0, 2, 3, 5, 6, 8, 13, 14, 16, 18, 19, 20, 22, 23, 24, 26, 28, 29, 30, 31, 33, 34, 35, 37, 38, 39]

--- Генерація вершинного покриття (зі списку суміжності) ---
Знайдене максимальне парування (M): {(27, 31), (11, 20), (4, 35), (14, 33), (36, 39), (17, 19), (26, 29), (2, 12), (3, 22), (7, 15), (18, 21), (0, 8), (6, 25)}
Згенероване вершинне покриття (C): [0, 2, 3, 4, 6, 7, 8, 11, 12, 14, 15, 17, 18, 19, 20, 21, 22, 25, 26, 27, 29, 31, 33, 35, 36, 39]

--- Генерація вершинного покриття (зі списку суміжності) ---
Знайдене максимальне парування (M): {(31, 34), (33, 36), (22, 37), (14, 27), (25, 32), (10, 30), (21, 35), (0, 12), (7, 9), (4, 18), (15, 19), (5, 29), (20, 38)}
Згенероване вершинне покриття (C): [0, 4, 5, 7, 9, 10, 12, 14, 15, 18, 19, 20, 21, 22, 25, 27, 29, 30, 31, 32, 33, 34, 35, 36, 37, 38]

--- Генерація вершинного покриття (зі списку суміжності) ---
Знайдене максимальне парування (M): {(20, 34), (1, 31), (14, 27), (33, 39), (28, 32), (2, 21), (4, 15), (6, 23), (19, 35), (24, 25), (18, 37), (5, 38), (10, 12), (17, 30)}
Згенероване вершинне покриття (C): [1, 2, 4, 5, 6, 10, 12, 14, 15, 17, 18, 19, 20, 21, 23, 24, 25, 27, 28, 30, 31, 32, 33, 34, 35, 37, 38, 39]

--- Генерація вершинного покриття (зі списку суміжності) ---
Знайдене максимальне парування (M): {(10, 21), (7, 27), (15, 30), (4, 19), (33, 39), (23, 29), (6, 13), (2, 22), (12, 25), (28, 31), (5, 35), (3, 18), (1, 9), (20, 37)}
Згенероване вершинне покриття (C): [1, 2, 3, 4, 5, 6, 7, 9, 10, 12, 13, 15, 18, 19, 20, 21, 22, 23, 25, 27, 28, 29, 30, 31, 33, 35, 37, 39]

--- Генерація вершинного покриття (зі списку суміжності) ---
Знайдене максимальне парування (M): {(10, 37), (23, 33), (6, 15), (9, 19), (2, 7), (22, 34), (17, 29), (26, 39), (11, 32), (1, 13), (30, 38), (28, 31), (21, 24), (5, 18)}
Згенероване вершинне покриття (C): [1, 2, 5, 6, 7, 9, 10, 11, 13, 15, 17, 18, 19, 21, 22, 23, 24, 26, 28, 29, 30, 31, 32, 33, 34, 37, 38, 39]

--- Генерація вершинного покриття (зі списку суміжності) ---
Знайдене максимальне парування (M): {(34, 36), (2, 39), (3, 10), (17, 32), (4, 31), (29, 38), (9, 18), (19, 28), (21, 24), (5, 25), (11, 30), (7, 8)}
Згенероване вершинне покриття (C): [2, 3, 4, 5, 7, 8, 9, 10, 11, 17, 18, 19, 21, 24, 25, 28, 29, 30, 31, 32, 34, 36, 38, 39]

--- Генерація вершинного покриття (зі списку суміжності) ---
Знайдене максимальне парування (M): {(8, 30), (23, 39), (33, 35), (3, 20), (14, 36), (1, 17), (5, 10), (22, 32), (2, 31), (13, 37), (29, 34), (9, 26)}
Згенероване вершинне покриття (C): [1, 2, 3, 5, 8, 9, 10, 13, 14, 17, 20, 22, 23, 26, 29, 30, 31, 32, 33, 34, 35, 36, 37, 39]

--- Генерація вершинного покриття (зі списку суміжності) ---
Знайдене максимальне парування (M): {(0, 4), (3, 27), (14, 17), (9, 28), (1, 20), (22, 39), (5, 13), (6, 36), (10, 19), (18, 21), (30, 37), (23, 24), (2, 11)}
Згенероване вершинне покриття (C): [0, 1, 2, 3, 4, 5, 6, 9, 10, 11, 13, 14, 17, 18, 19, 20, 21, 22, 23, 24, 27, 28, 30, 36, 37, 39]

--- Генерація вершинного покриття (зі списку суміжності) ---
Знайдене максимальне парування (M): {(6, 31), (14, 20), (26, 36), (11, 38), (17, 22), (8, 19), (2, 32), (15, 29), (4, 24), (13, 28), (27, 35), (5, 25), (18, 37), (10, 12)}
Згенероване вершинне покриття (C): [2, 4, 5, 6, 8, 10, 11, 12, 13, 14, 15, 17, 18, 19, 20, 22, 24, 25, 26, 27, 28, 29, 31, 32, 35, 36, 37, 38]

--- Генерація вершинного покриття (зі списку суміжності) ---
Знайдене максимальне парування (M): {(4, 13), (6, 11), (2, 26), (17, 29), (28, 35), (5, 39), (18, 38), (10, 16), (8, 12), (15, 22), (14, 37), (20, 21)}
Згенероване вершинне покриття (C): [2, 4, 5, 6, 8, 10, 11, 12, 13, 14, 15, 16, 17, 18, 20, 21, 22, 26, 28, 29, 35, 37, 38, 39]

--- Генерація вершинного покриття (зі списку суміжності) ---
Знайдене максимальне парування (M): {(14, 24), (4, 23), (31, 38), (22, 37), (2, 20), (26, 36), (30, 39), (0, 28), (8, 12), (21, 34), (1, 16), (17, 18), (10, 25)}
Згенероване вершинне покриття (C): [0, 1, 2, 4, 8, 10, 12, 14, 16, 17, 18, 20, 21, 22, 23, 24, 25, 26, 28, 30, 31, 34, 36, 37, 38, 39]

--- Генерація вершинного покриття (зі списку суміжності) ---
Знайдене максимальне парування (M): {(1, 12), (0, 4), (18, 23), (3, 33), (26, 27), (22, 24), (20, 36), (7, 35), (29, 34), (8, 16), (17, 31), (6, 10), (19, 28), (14, 15)}
Згенероване вершинне покриття (C): [0, 1, 3, 4, 6, 7, 8, 10, 12, 14, 15, 16, 17, 18, 19, 20, 22, 23, 24, 26, 27, 28, 29, 31, 33, 34, 35, 36]

--- Генерація вершинного покриття (зі списку суміжності) ---
Знайдене максимальне парування (M): {(8, 24), (4, 16), (1, 15), (19, 33), (10, 27), (21, 32), (13, 29), (12, 22), (3, 5), (20, 35), (7, 25), (18, 34), (9, 36), (31, 37)}
Згенероване вершинне покриття (C): [1, 3, 4, 5, 7, 8, 9, 10, 12, 13, 15, 16, 18, 19, 20, 21, 22, 24, 25, 27, 29, 31, 32, 33, 34, 35, 36, 37]

--- Генерація вершинного покриття (зі списку суміжності) ---
Знайдене максимальне парування (M): {(5, 31), (32, 37), (12, 20), (16, 29), (27, 30), (10, 39), (17, 19), (0, 6), (23, 38), (8, 22), (2, 18), (14, 28), (13, 25), (11, 33), (9, 26)}
Згенероване вершинне покриття (C): [0, 2, 5, 6, 8, 9, 10, 11, 12, 13, 14, 16, 17, 18, 19, 20, 22, 23, 25, 26, 27, 28, 29, 30, 31, 32, 33, 37, 38, 39]

--- Генерація вершинного покриття (зі списку суміжності) ---
Знайдене максимальне парування (M): {(25, 29), (1, 34), (6, 30), (0, 22), (10, 26), (3, 13), (2, 28), (32, 35), (31, 38), (7, 15), (9, 33), (20, 21)}
Згенероване вершинне покриття (C): [0, 1, 2, 3, 6, 7, 9, 10, 13, 15, 20, 21, 22, 25, 26, 28, 29, 30, 31, 32, 33, 34, 35, 38]

--- Генерація вершинного покриття (зі списку суміжності) ---
Знайдене максимальне парування (M): {(11, 36), (26, 33), (16, 17), (32, 39), (12, 19), (6, 23), (7, 22), (14, 25), (10, 29), (4, 34), (2, 38), (3, 28), (0, 5), (1, 35), (8, 37), (18, 30)}
Згенероване вершинне покриття (C): [0, 1, 2, 3, 4, 5, 6, 7, 8, 10, 11, 12, 14, 16, 17, 18, 19, 22, 23, 25, 26, 28, 29, 30, 32, 33, 34, 35, 36, 37, 38, 39]

--- Генерація вершинного покриття (зі списку суміжності) ---
Знайдене максимальне парування (M): {(9, 10), (16, 36), (19, 30), (17, 21), (18, 20), (28, 29), (24, 35), (11, 15), (6, 32), (13, 37), (8, 12), (2, 31), (22, 25), (0, 33)}
Згенероване вершинне покриття (C): [0, 2, 6, 8, 9, 10, 11, 12, 13, 15, 16, 17, 18, 19, 20, 21, 22, 24, 25, 28, 29, 30, 31, 32, 33, 35, 36, 37]

--- Генерація вершинного покриття (зі списку суміжності) ---
Знайдене максимальне парування (M): {(32, 34), (26, 30), (5, 11), (6, 15), (19, 27), (8, 36), (10, 33), (0, 3), (21, 28), (31, 35), (9, 14), (23, 24), (4, 7)}
Згенероване вершинне покриття (C): [0, 3, 4, 5, 6, 7, 8, 9, 10, 11, 14, 15, 19, 21, 23, 24, 26, 27, 28, 30, 31, 32, 33, 34, 35, 36]

--- Генерація вершинного покриття (зі списку суміжності) ---
Знайдене максимальне парування (M): {(2, 14), (18, 27), (23, 39), (19, 26), (3, 16), (11, 12), (1, 17), (13, 32), (35, 38), (22, 29), (20, 31), (7, 30), (15, 37)}
Згенероване вершинне покриття (C): [1, 2, 3, 7, 11, 12, 13, 14, 15, 16, 17, 18, 19, 20, 22, 23, 26, 27, 29, 30, 31, 32, 35, 37, 38, 39]

--- Генерація вершинного покриття (зі списку суміжності) ---
Знайдене максимальне парування (M): {(1, 18), (10, 24), (26, 27), (12, 39), (11, 19), (4, 38), (31, 36), (21, 28), (0, 6), (2, 22), (7, 37), (16, 30), (8, 15), (13, 34), (3, 5)}
Згенероване вершинне покриття (C): [0, 1, 2, 3, 4, 5, 6, 7, 8, 10, 11, 12, 13, 15, 16, 18, 19, 21, 22, 24, 26, 27, 28, 30, 31, 34, 36, 37, 38, 39]

--- Генерація вершинного покриття (зі списку суміжності) ---
Знайдене максимальне парування (M): {(5, 15), (1, 31), (23, 39), (24, 26), (11, 32), (12, 38), (19, 35), (4, 21), (13, 22), (3, 6), (14, 18), (16, 17), (29, 30)}
Згенероване вершинне покриття (C): [1, 3, 4, 5, 6, 11, 12, 13, 14, 15, 16, 17, 18, 19, 21, 22, 23, 24, 26, 29, 30, 31, 32, 35, 38, 39]

--- Генерація вершинного покриття (зі списку суміжності) ---
Знайдене максимальне парування (M): {(4, 10), (2, 27), (9, 32), (14, 23), (6, 8), (13, 16), (25, 31), (30, 39), (11, 28), (3, 26), (7, 38), (12, 21), (15, 22), (24, 34)}
Згенероване вершинне покриття (C): [2, 3, 4, 6, 7, 8, 9, 10, 11, 12, 13, 14, 15, 16, 21, 22, 23, 24, 25, 26, 27, 28, 30, 31, 32, 34, 38, 39]

--- Генерація вершинного покриття (зі списку суміжності) ---
Знайдене максимальне парування (M): {(27, 31), (9, 13), (12, 20), (7, 36), (4, 32), (21, 22), (3, 10), (14, 39), (17, 28), (15, 16), (30, 38), (8, 25), (2, 5), (26, 37)}
Згенероване вершинне покриття (C): [2, 3, 4, 5, 7, 8, 9, 10, 12, 13, 14, 15, 16, 17, 20, 21, 22, 25, 26, 27, 28, 30, 31, 32, 36, 37, 38, 39]

--- Генерація вершинного покриття (зі списку суміжності) ---
Знайдене максимальне парування (M): {(4, 23), (1, 31), (12, 36), (14, 27), (7, 26), (28, 29), (13, 39), (8, 19), (24, 32), (5, 35), (3, 6), (18, 34), (10, 25)}
Згенероване вершинне покриття (C): [1, 3, 4, 5, 6, 7, 8, 10, 12, 13, 14, 18, 19, 23, 24, 25, 26, 27, 28, 29, 31, 32, 34, 35, 36, 39]

--- Генерація вершинного покриття (зі списку суміжності) ---
Знайдене максимальне парування (M): {(12, 17), (15, 30), (11, 39), (2, 7), (13, 34), (26, 33), (14, 36), (21, 25), (23, 38), (19, 22), (32, 35), (3, 37), (18, 24)}
Згенероване вершинне покриття (C): [2, 3, 7, 11, 12, 13, 14, 15, 17, 18, 19, 21, 22, 23, 24, 25, 26, 30, 32, 33, 34, 35, 36, 37, 38, 39]

--- Генерація вершинного покриття (зі списку суміжності) ---
Знайдене максимальне парування (M): {(0, 36), (7, 23), (16, 39), (1, 31), (19, 33), (15, 24), (6, 30), (35, 38), (2, 22), (11, 34), (10, 28), (20, 37)}
Згенероване вершинне покриття (C): [0, 1, 2, 6, 7, 10, 11, 15, 16, 19, 20, 22, 23, 24, 28, 30, 31, 33, 34, 35, 36, 37, 38, 39]

--- Генерація вершинного покриття (зі списку суміжності) ---
Знайдене максимальне парування (M): {(12, 33), (4, 23), (9, 13), (6, 37), (14, 17), (1, 16), (10, 26), (27, 36), (2, 38), (31, 35), (20, 25), (11, 21), (7, 15), (0, 18), (22, 28)}
Згенероване вершинне покриття (C): [0, 1, 2, 4, 6, 7, 9, 10, 11, 12, 13, 14, 15, 16, 17, 18, 20, 21, 22, 23, 25, 26, 27, 28, 31, 33, 35, 36, 37, 38]

--- Генерація вершинного покриття (зі списку суміжності) ---
Знайдене максимальне парування (M): {(1, 31), (0, 10), (2, 7), (24, 36), (4, 38), (9, 28), (6, 8), (22, 30), (14, 32), (20, 39), (26, 29), (16, 23), (21, 34), (27, 35), (25, 33), (5, 18), (11, 17)}
Згенероване вершинне покриття (C): [0, 1, 2, 4, 5, 6, 7, 8, 9, 10, 11, 14, 16, 17, 18, 20, 21, 22, 23, 24, 25, 26, 27, 28, 29, 30, 31, 32, 33, 34, 35, 36, 38, 39]

--- Генерація вершинного покриття (зі списку суміжності) ---
Знайдене максимальне парування (M): {(3, 17), (0, 35), (11, 34), (18, 32), (22, 26), (10, 31), (1, 16), (6, 29), (8, 15), (19, 21), (7, 30), (4, 20)}
Згенероване вершинне покриття (C): [0, 1, 3, 4, 6, 7, 8, 10, 11, 15, 16, 17, 18, 19, 20, 21, 22, 26, 29, 30, 31, 32, 34, 35]

--- Генерація вершинного покриття (зі списку суміжності) ---
Знайдене максимальне парування (M): {(9, 39), (0, 29), (22, 30), (10, 33), (37, 38), (1, 8), (15, 17), (6, 23), (26, 31), (24, 25), (5, 16), (20, 35), (19, 28), (12, 14)}
Згенероване вершинне покриття (C): [0, 1, 5, 6, 8, 9, 10, 12, 14, 15, 16, 17, 19, 20, 22, 23, 24, 25, 26, 28, 29, 30, 31, 33, 35, 37, 38, 39]

--- Генерація вершинного покриття (зі списку суміжності) ---
Знайдене максимальне парування (M): {(5, 37), (20, 27), (32, 33), (14, 26), (9, 25), (18, 35), (28, 38), (17, 22), (16, 21), (6, 29), (0, 8), (7, 34), (2, 30)}
Згенероване вершинне покриття (C): [0, 2, 5, 6, 7, 8, 9, 14, 16, 17, 18, 20, 21, 22, 25, 26, 27, 28, 29, 30, 32, 33, 34, 35, 37, 38]

--- Генерація вершинного покриття (зі списку суміжності) ---
Знайдене максимальне парування (M): {(10, 21), (7, 27), (22, 37), (15, 24), (2, 36), (1, 30), (3, 20), (11, 38), (6, 33), (4, 31), (19, 29), (8, 25), (14, 18), (5, 12)}
Згенероване вершинне покриття (C): [1, 2, 3, 4, 5, 6, 7, 8, 10, 11, 12, 14, 15, 18, 19, 20, 21, 22, 24, 25, 27, 29, 30, 31, 33, 36, 37, 38]

--- Генерація вершинного покриття (зі списку суміжності) ---
Знайдене максимальне парування (M): {(19, 24), (17, 36), (20, 33), (0, 13), (28, 29), (34, 39), (5, 23), (1, 27), (14, 35), (6, 26), (25, 37), (8, 22), (12, 31), (10, 38), (4, 11), (3, 21)}
Згенероване вершинне покриття (C): [0, 1, 3, 4, 5, 6, 8, 10, 11, 12, 13, 14, 17, 19, 20, 21, 22, 23, 24, 25, 26, 27, 28, 29, 31, 33, 34, 35, 36, 37, 38, 39]

--- Генерація вершинного покриття (зі списку суміжності) ---
Знайдене максимальне парування (M): {(4, 39), (5, 34), (3, 17), (2, 26), (31, 36), (8, 19), (13, 32), (29, 38), (9, 24), (6, 16), (7, 15), (10, 22), (11, 27), (18, 30)}
Згенероване вершинне покриття (C): [2, 3, 4, 5, 6, 7, 8, 9, 10, 11, 13, 15, 16, 17, 18, 19, 22, 24, 26, 27, 29, 30, 31, 32, 34, 36, 38, 39]

--- Генерація вершинного покриття (зі списку суміжності) ---
Знайдене максимальне парування (M): {(22, 31), (18, 36), (33, 39), (7, 26), (3, 17), (19, 20), (11, 38), (0, 6), (2, 9), (4, 5), (32, 35), (16, 24), (28, 34), (1, 25)}
Згенероване вершинне покриття (C): [0, 1, 2, 3, 4, 5, 6, 7, 9, 11, 16, 17, 18, 19, 20, 22, 24, 25, 26, 28, 31, 32, 33, 34, 35, 36, 38, 39]

--- Генерація вершинного покриття (зі списку суміжності) ---
Знайдене максимальне парування (M): {(1, 31), (14, 17), (15, 23), (0, 32), (12, 35), (13, 16), (18, 38), (5, 10), (21, 34), (3, 6), (22, 25), (2, 30)}
Згенероване вершинне покриття (C): [0, 1, 2, 3, 5, 6, 10, 12, 13, 14, 15, 16, 17, 18, 21, 22, 23, 25, 30, 31, 32, 34, 35, 38]

--- Генерація вершинного покриття (зі списку суміжності) ---
Знайдене максимальне парування (M): {(24, 30), (16, 36), (4, 29), (5, 8), (9, 38), (26, 33), (3, 39), (20, 35), (7, 28), (2, 12), (1, 13), (15, 22)}
Згенероване вершинне покриття (C): [1, 2, 3, 4, 5, 7, 8, 9, 12, 13, 15, 16, 20, 22, 24, 26, 28, 29, 30, 33, 35, 36, 38, 39]

--- Генерація вершинного покриття (зі списку суміжності) ---
Знайдене максимальне парування (M): {(12, 27), (16, 26), (24, 33), (3, 36), (11, 19), (18, 29), (15, 20), (8, 25), (13, 38), (1, 32), (5, 9)}
Згенероване вершинне покриття (C): [1, 3, 5, 8, 9, 11, 12, 13, 15, 16, 18, 19, 20, 24, 25, 26, 27, 29, 32, 33, 36, 38]

--- Генерація вершинного покриття (зі списку суміжності) ---
Знайдене максимальне парування (M): {(7, 33), (2, 17), (1, 21), (8, 20), (5, 18), (13, 39), (4, 31), (26, 29), (15, 38), (11, 37), (30, 34), (16, 23)}
Згенероване вершинне покриття (C): [1, 2, 4, 5, 7, 8, 11, 13, 15, 16, 17, 18, 20, 21, 23, 26, 29, 30, 31, 33, 34, 37, 38, 39]

--- Генерація вершинного покриття (зі списку суміжності) ---
Знайдене максимальне парування (M): {(12, 27), (7, 33), (25, 29), (6, 37), (18, 23), (0, 16), (19, 26), (14, 32), (1, 20), (11, 31), (10, 35), (17, 21), (15, 22), (3, 34)}
Згенероване вершинне покриття (C): [0, 1, 3, 6, 7, 10, 11, 12, 14, 15, 16, 17, 18, 19, 20, 21, 22, 23, 25, 26, 27, 29, 31, 32, 33, 34, 35, 37]

--- Генерація вершинного покриття (зі списку суміжності) ---
Знайдене максимальне парування (M): {(4, 26), (18, 27), (37, 39), (6, 21), (7, 14), (35, 36), (15, 23), (25, 31), (28, 38), (2, 19), (5, 10), (1, 13), (3, 32), (11, 33), (0, 17)}
Згенероване вершинне покриття (C): [0, 1, 2, 3, 4, 5, 6, 7, 10, 11, 13, 14, 15, 17, 18, 19, 21, 23, 25, 26, 27, 28, 31, 32, 33, 35, 36, 37, 38, 39]

--- Генерація вершинного покриття (зі списку суміжності) ---
Знайдене максимальне парування (M): {(15, 21), (13, 30), (4, 23), (0, 10), (16, 29), (26, 27), (32, 33), (7, 35), (1, 39), (12, 34), (17, 24), (11, 18), (5, 38), (8, 37)}
Згенероване вершинне покриття (C): [0, 1, 4, 5, 7, 8, 10, 11, 12, 13, 15, 16, 17, 18, 21, 23, 24, 26, 27, 29, 30, 32, 33, 34, 35, 37, 38, 39]

Середній час виконання: 0.0000127506 секунд
