
--- Генерація вершинного покриття (зі списку суміжності) ---
Знайдене максимальне парування (M): {(37, 55), (20, 72), (32, 43), (11, 48), (50, 64), (19, 70), (60, 74), (66, 69), (6, 54), (27, 28), (18, 53), (49, 68), (4, 39), (17, 36), (34, 61), (47, 52), (21, 73), (22, 62), (5, 58), (16, 25), (35, 38), (33, 56), (15, 44), (42, 65), (2, 59), (0, 1), (3, 24), (40, 46), (23, 45), (29, 67), (8, 41), (51, 63), (12, 26), (30, 71), (7, 57), (10, 31)}
Згенероване вершинне покриття (C): [0, 1, 2, 3, 4, 5, 6, 7, 8, 10, 11, 12, 15, 16, 17, 18, 19, 20, 21, 22, 23, 24, 25, 26, 27, 28, 29, 30, 31, 32, 33, 34, 35, 36, 37, 38, 39, 40, 41, 42, 43, 44, 45, 46, 47, 48, 49, 50, 51, 52, 53, 54, 55, 56, 57, 58, 59, 60, 61, 62, 63, 64, 65, 66, 67, 68, 69, 70, 71, 72, 73, 74]

--- Генерація вершинного покриття (зі списку суміжності) ---
Знайдене максимальне парування (M): {(24, 27), (5, 56), (0, 42), (30, 46), (59, 73), (1, 43), (37, 70), (18, 35), (9, 60), (32, 55), (3, 25), (8, 67), (49, 68), (22, 41), (12, 58), (11, 65), (34, 39), (7, 64), (14, 51), (6, 13), (63, 72), (21, 69), (10, 44), (28, 53), (16, 33), (4, 71), (17, 62), (2, 52), (61, 74), (29, 57), (20, 54), (31, 48), (36, 47), (19, 40)}
Згенероване вершинне покриття (C): [0, 1, 2, 3, 4, 5, 6, 7, 8, 9, 10, 11, 12, 13, 14, 16, 17, 18, 19, 20, 21, 22, 24, 25, 27, 28, 29, 30, 31, 32, 33, 34, 35, 36, 37, 39, 40, 41, 42, 43, 44, 46, 47, 48, 49, 51, 52, 53, 54, 55, 56, 57, 58, 59, 60, 61, 62, 63, 64, 65, 67, 68, 69, 70, 71, 72, 73, 74]

--- Генерація вершинного покриття (зі списку суміжності) ---
Знайдене максимальне парування (M): {(40, 72), (24, 27), (1, 46), (17, 64), (44, 60), (21, 55), (18, 62), (9, 47), (13, 41), (48, 53), (66, 71), (0, 74), (38, 67), (2, 19), (37, 50), (36, 63), (12, 69), (25, 42), (26, 31), (29, 30), (15, 34), (10, 56), (61, 65), (16, 45), (20, 33), (43, 59), (3, 23), (39, 52), (6, 58), (11, 70), (5, 32), (7, 57), (8, 22), (35, 73), (28, 49)}
Згенероване вершинне покриття (C): [0, 1, 2, 3, 5, 6, 7, 8, 9, 10, 11, 12, 13, 15, 16, 17, 18, 19, 20, 21, 22, 23, 24, 25, 26, 27, 28, 29, 30, 31, 32, 33, 34, 35, 36, 37, 38, 39, 40, 41, 42, 43, 44, 45, 46, 47, 48, 49, 50, 52, 53, 55, 56, 57, 58, 59, 60, 61, 62, 63, 64, 65, 66, 67, 69, 70, 71, 72, 73, 74]

--- Генерація вершинного покриття (зі списку суміжності) ---
Знайдене максимальне парування (M): {(12, 68), (36, 53), (11, 39), (3, 62), (27, 59), (9, 51), (37, 67), (4, 15), (5, 19), (35, 63), (23, 40), (10, 18), (0, 17), (46, 72), (41, 45), (58, 70), (50, 60), (22, 74), (32, 57), (20, 31), (14, 30), (43, 69), (48, 65), (29, 55), (7, 24), (1, 38), (16, 33), (44, 52), (26, 49), (13, 61), (2, 64), (25, 66), (54, 56), (28, 34), (6, 73)}
Згенероване вершинне покриття (C): [0, 1, 2, 3, 4, 5, 6, 7, 9, 10, 11, 12, 13, 14, 15, 16, 17, 18, 19, 20, 22, 23, 24, 25, 26, 27, 28, 29, 30, 31, 32, 33, 34, 35, 36, 37, 38, 39, 40, 41, 43, 44, 45, 46, 48, 49, 50, 51, 52, 53, 54, 55, 56, 57, 58, 59, 60, 61, 62, 63, 64, 65, 66, 67, 68, 69, 70, 72, 73, 74]

--- Генерація вершинного покриття (зі списку суміжності) ---
Знайдене максимальне парування (M): {(72, 73), (18, 26), (21, 22), (24, 45), (4, 70), (19, 61), (60, 62), (10, 55), (8, 64), (31, 32), (51, 74), (9, 14), (16, 50), (34, 46), (3, 43), (40, 68), (11, 38), (1, 39), (42, 56), (0, 44), (58, 67), (6, 41), (33, 71), (48, 59), (5, 30), (23, 63), (37, 53), (7, 15), (27, 54), (36, 66), (2, 49), (28, 65), (13, 52), (12, 29), (17, 25), (20, 57)}
Згенероване вершинне покриття (C): [0, 1, 2, 3, 4, 5, 6, 7, 8, 9, 10, 11, 12, 13, 14, 15, 16, 17, 18, 19, 20, 21, 22, 23, 24, 25, 26, 27, 28, 29, 30, 31, 32, 33, 34, 36, 37, 38, 39, 40, 41, 42, 43, 44, 45, 46, 48, 49, 50, 51, 52, 53, 54, 55, 56, 57, 58, 59, 60, 61, 62, 63, 64, 65, 66, 67, 68, 70, 71, 72, 73, 74]

--- Генерація вершинного покриття (зі списку суміжності) ---
Знайдене максимальне парування (M): {(45, 71), (47, 68), (33, 51), (50, 67), (1, 64), (3, 37), (16, 56), (13, 72), (11, 26), (39, 66), (12, 61), (18, 19), (27, 58), (23, 73), (7, 22), (38, 40), (60, 70), (52, 69), (46, 53), (4, 29), (48, 65), (0, 74), (17, 32), (28, 41), (10, 31), (36, 54), (6, 25), (5, 57), (35, 43), (20, 30), (15, 49), (21, 44), (62, 63), (2, 24), (34, 59)}
Згенероване вершинне покриття (C): [0, 1, 2, 3, 4, 5, 6, 7, 10, 11, 12, 13, 15, 16, 17, 18, 19, 20, 21, 22, 23, 24, 25, 26, 27, 28, 29, 30, 31, 32, 33, 34, 35, 36, 37, 38, 39, 40, 41, 43, 44, 45, 46, 47, 48, 49, 50, 51, 52, 53, 54, 56, 57, 58, 59, 60, 61, 62, 63, 64, 65, 66, 67, 68, 69, 70, 71, 72, 73, 74]

--- Генерація вершинного покриття (зі списку суміжності) ---
Знайдене максимальне парування (M): {(17, 52), (27, 50), (3, 4), (60, 62), (61, 70), (6, 39), (26, 51), (14, 28), (31, 44), (0, 69), (1, 64), (20, 56), (9, 29), (12, 46), (53, 59), (23, 55), (63, 67), (32, 45), (16, 37), (42, 71), (41, 72), (21, 48), (15, 74), (8, 38), (2, 25), (5, 57), (24, 34), (35, 40), (33, 43), (19, 65), (10, 68), (13, 58), (18, 54), (11, 73), (49, 66), (36, 47)}
Згенероване вершинне покриття (C): [0, 1, 2, 3, 4, 5, 6, 8, 9, 10, 11, 12, 13, 14, 15, 16, 17, 18, 19, 20, 21, 23, 24, 25, 26, 27, 28, 29, 31, 32, 33, 34, 35, 36, 37, 38, 39, 40, 41, 42, 43, 44, 45, 46, 47, 48, 49, 50, 51, 52, 53, 54, 55, 56, 57, 58, 59, 60, 61, 62, 63, 64, 65, 66, 67, 68, 69, 70, 71, 72, 73, 74]

--- Генерація вершинного покриття (зі списку суміжності) ---
Знайдене максимальне парування (M): {(29, 72), (17, 64), (5, 68), (15, 42), (35, 39), (3, 74), (2, 54), (26, 45), (27, 62), (8, 73), (40, 50), (13, 69), (20, 59), (31, 65), (37, 57), (7, 28), (14, 70), (33, 56), (30, 60), (38, 61), (0, 16), (1, 11), (46, 71), (49, 67), (55, 58), (6, 10), (18, 21), (47, 66), (44, 52), (24, 43), (32, 53), (9, 12), (4, 34), (22, 51)}
Згенероване вершинне покриття (C): [0, 1, 2, 3, 4, 5, 6, 7, 8, 9, 10, 11, 12, 13, 14, 15, 16, 17, 18, 20, 21, 22, 24, 26, 27, 28, 29, 30, 31, 32, 33, 34, 35, 37, 38, 39, 40, 42, 43, 44, 45, 46, 47, 49, 50, 51, 52, 53, 54, 55, 56, 57, 58, 59, 60, 61, 62, 64, 65, 66, 67, 68, 69, 70, 71, 72, 73, 74]

--- Генерація вершинного покриття (зі списку суміжності) ---
Знайдене максимальне парування (M): {(27, 47), (33, 66), (6, 51), (65, 70), (17, 42), (54, 64), (20, 68), (25, 31), (14, 58), (45, 67), (26, 29), (37, 60), (9, 59), (49, 52), (8, 72), (16, 55), (21, 39), (22, 40), (10, 23), (12, 48), (0, 28), (5, 36), (53, 61), (4, 50), (19, 32), (3, 69), (35, 43), (13, 46), (41, 62), (1, 56), (30, 71), (38, 57), (18, 63), (24, 73), (2, 15), (7, 11)}
Згенероване вершинне покриття (C): [0, 1, 2, 3, 4, 5, 6, 7, 8, 9, 10, 11, 12, 13, 14, 15, 16, 17, 18, 19, 20, 21, 22, 23, 24, 25, 26, 27, 28, 29, 30, 31, 32, 33, 35, 36, 37, 38, 39, 40, 41, 42, 43, 45, 46, 47, 48, 49, 50, 51, 52, 53, 54, 55, 56, 57, 58, 59, 60, 61, 62, 63, 64, 65, 66, 67, 68, 69, 70, 71, 72, 73]

--- Генерація вершинного покриття (зі списку суміжності) ---
Знайдене максимальне парування (M): {(2, 33), (18, 23), (55, 72), (19, 52), (0, 69), (35, 66), (38, 71), (28, 39), (45, 64), (14, 61), (34, 67), (16, 40), (46, 56), (48, 53), (10, 60), (7, 43), (5, 15), (1, 57), (21, 54), (9, 31), (26, 74), (3, 51), (37, 59), (42, 49), (30, 50), (20, 24), (22, 27), (41, 68), (44, 70), (12, 32), (6, 58), (13, 73), (29, 63), (8, 25), (36, 47)}
Згенероване вершинне покриття (C): [0, 1, 2, 3, 5, 6, 7, 8, 9, 10, 12, 13, 14, 15, 16, 18, 19, 20, 21, 22, 23, 24, 25, 26, 27, 28, 29, 30, 31, 32, 33, 34, 35, 36, 37, 38, 39, 40, 41, 42, 43, 44, 45, 46, 47, 48, 49, 50, 51, 52, 53, 54, 55, 56, 57, 58, 59, 60, 61, 63, 64, 66, 67, 68, 69, 70, 71, 72, 73, 74]

--- Генерація вершинного покриття (зі списку суміжності) ---
Знайдене максимальне парування (M): {(36, 53), (7, 26), (44, 51), (20, 35), (1, 61), (9, 72), (22, 29), (18, 56), (0, 11), (12, 43), (68, 69), (19, 27), (21, 58), (62, 71), (5, 49), (42, 47), (2, 41), (4, 17), (13, 50), (23, 24), (25, 73), (37, 38), (39, 59), (28, 32), (34, 57), (54, 66), (14, 63), (3, 60), (33, 52), (6, 31), (16, 45), (70, 74), (8, 65), (46, 55), (15, 64), (48, 67)}
Згенероване вершинне покриття (C): [0, 1, 2, 3, 4, 5, 6, 7, 8, 9, 11, 12, 13, 14, 15, 16, 17, 18, 19, 20, 21, 22, 23, 24, 25, 26, 27, 28, 29, 31, 32, 33, 34, 35, 36, 37, 38, 39, 41, 42, 43, 44, 45, 46, 47, 48, 49, 50, 51, 52, 53, 54, 55, 56, 57, 58, 59, 60, 61, 62, 63, 64, 65, 66, 67, 68, 69, 70, 71, 72, 73, 74]

--- Генерація вершинного покриття (зі списку суміжності) ---
Знайдене максимальне парування (M): {(72, 73), (16, 26), (50, 55), (14, 68), (2, 39), (33, 48), (11, 51), (18, 32), (21, 31), (28, 70), (30, 67), (0, 63), (22, 38), (25, 65), (36, 49), (8, 42), (29, 74), (3, 61), (27, 58), (59, 60), (24, 44), (7, 40), (52, 66), (6, 41), (15, 56), (35, 62), (23, 45), (12, 54), (47, 57), (9, 46), (34, 69), (4, 13), (1, 53), (10, 71), (19, 37)}
Згенероване вершинне покриття (C): [0, 1, 2, 3, 4, 6, 7, 8, 9, 10, 11, 12, 13, 14, 15, 16, 18, 19, 21, 22, 23, 24, 25, 26, 27, 28, 29, 30, 31, 32, 33, 34, 35, 36, 37, 38, 39, 40, 41, 42, 44, 45, 46, 47, 48, 49, 50, 51, 52, 53, 54, 55, 56, 57, 58, 59, 60, 61, 62, 63, 65, 66, 67, 68, 69, 70, 71, 72, 73, 74]

--- Генерація вершинного покриття (зі списку суміжності) ---
Знайдене максимальне парування (M): {(6, 18), (4, 12), (51, 65), (10, 55), (14, 19), (2, 60), (35, 66), (11, 72), (22, 59), (15, 29), (61, 63), (25, 37), (36, 67), (26, 56), (49, 58), (5, 27), (28, 44), (45, 54), (40, 73), (17, 53), (9, 52), (1, 38), (43, 47), (3, 69), (7, 33), (24, 46), (50, 71), (70, 74), (30, 68), (0, 64), (16, 48), (20, 42), (23, 41), (31, 57), (13, 21)}
Згенероване вершинне покриття (C): [0, 1, 2, 3, 4, 5, 6, 7, 9, 10, 11, 12, 13, 14, 15, 16, 17, 18, 19, 20, 21, 22, 23, 24, 25, 26, 27, 28, 29, 30, 31, 33, 35, 36, 37, 38, 40, 41, 42, 43, 44, 45, 46, 47, 48, 49, 50, 51, 52, 53, 54, 55, 56, 57, 58, 59, 60, 61, 63, 64, 65, 66, 67, 68, 69, 70, 71, 72, 73, 74]

--- Генерація вершинного покриття (зі списку суміжності) ---
Знайдене максимальне парування (M): {(54, 74), (15, 33), (18, 29), (24, 45), (3, 10), (7, 41), (2, 60), (25, 65), (36, 40), (27, 34), (4, 48), (47, 52), (0, 38), (30, 51), (11, 44), (70, 72), (13, 50), (35, 56), (19, 69), (8, 14), (26, 71), (5, 42), (22, 61), (31, 67), (28, 59), (55, 73), (43, 53), (9, 49), (12, 17), (6, 37), (21, 32), (57, 64), (1, 68), (39, 58), (16, 23), (62, 63), (20, 66)}
Згенероване вершинне покриття (C): [0, 1, 2, 3, 4, 5, 6, 7, 8, 9, 10, 11, 12, 13, 14, 15, 16, 17, 18, 19, 20, 21, 22, 23, 24, 25, 26, 27, 28, 29, 30, 31, 32, 33, 34, 35, 36, 37, 38, 39, 40, 41, 42, 43, 44, 45, 47, 48, 49, 50, 51, 52, 53, 54, 55, 56, 57, 58, 59, 60, 61, 62, 63, 64, 65, 66, 67, 68, 69, 70, 71, 72, 73, 74]

--- Генерація вершинного покриття (зі списку суміжності) ---
Знайдене максимальне парування (M): {(0, 30), (32, 34), (15, 45), (46, 63), (25, 62), (10, 67), (14, 37), (9, 26), (22, 59), (8, 48), (16, 31), (52, 60), (1, 54), (38, 43), (4, 35), (13, 68), (53, 58), (21, 57), (12, 51), (6, 71), (40, 73), (18, 70), (50, 56), (2, 49), (7, 36), (5, 17), (20, 42), (24, 64), (23, 47), (65, 74), (39, 61), (27, 29), (19, 28), (11, 33)}
Згенероване вершинне покриття (C): [0, 1, 2, 4, 5, 6, 7, 8, 9, 10, 11, 12, 13, 14, 15, 16, 17, 18, 19, 20, 21, 22, 23, 24, 25, 26, 27, 28, 29, 30, 31, 32, 33, 34, 35, 36, 37, 38, 39, 40, 42, 43, 45, 46, 47, 48, 49, 50, 51, 52, 53, 54, 56, 57, 58, 59, 60, 61, 62, 63, 64, 65, 67, 68, 70, 71, 73, 74]

--- Генерація вершинного покриття (зі списку суміжності) ---
Знайдене максимальне парування (M): {(24, 30), (32, 49), (16, 47), (15, 45), (44, 60), (25, 59), (10, 67), (36, 37), (38, 68), (26, 66), (27, 31), (13, 72), (23, 46), (18, 62), (40, 71), (14, 52), (34, 64), (5, 6), (8, 63), (33, 56), (51, 61), (2, 53), (9, 22), (29, 73), (54, 69), (28, 50), (0, 43), (17, 19), (42, 70), (1, 4), (39, 58), (20, 48), (65, 74), (3, 41), (7, 11)}
Згенероване вершинне покриття (C): [0, 1, 2, 3, 4, 5, 6, 7, 8, 9, 10, 11, 13, 14, 15, 16, 17, 18, 19, 20, 22, 23, 24, 25, 26, 27, 28, 29, 30, 31, 32, 33, 34, 36, 37, 38, 39, 40, 41, 42, 43, 44, 45, 46, 47, 48, 49, 50, 51, 52, 53, 54, 56, 58, 59, 60, 61, 62, 63, 64, 65, 66, 67, 68, 69, 70, 71, 72, 73, 74]

--- Генерація вершинного покриття (зі списку суміжності) ---
Знайдене максимальне парування (M): {(54, 65), (14, 71), (34, 74), (70, 73), (19, 58), (13, 66), (22, 44), (4, 36), (12, 43), (24, 72), (45, 61), (7, 16), (15, 20), (55, 68), (28, 57), (5, 9), (25, 46), (6, 38), (21, 42), (3, 30), (39, 67), (33, 37), (27, 51), (17, 56), (10, 41), (35, 40), (60, 63), (52, 53), (8, 59), (1, 47), (26, 49), (48, 64), (11, 18), (23, 50), (29, 69)}
Згенероване вершинне покриття (C): [1, 3, 4, 5, 6, 7, 8, 9, 10, 11, 12, 13, 14, 15, 16, 17, 18, 19, 20, 21, 22, 23, 24, 25, 26, 27, 28, 29, 30, 33, 34, 35, 36, 37, 38, 39, 40, 41, 42, 43, 44, 45, 46, 47, 48, 49, 50, 51, 52, 53, 54, 55, 56, 57, 58, 59, 60, 61, 63, 64, 65, 66, 67, 68, 69, 70, 71, 72, 73, 74]

--- Генерація вершинного покриття (зі списку суміжності) ---
Знайдене максимальне парування (M): {(27, 53), (9, 57), (61, 64), (33, 51), (29, 32), (5, 16), (26, 63), (39, 60), (7, 59), (47, 58), (55, 65), (11, 38), (35, 44), (69, 70), (25, 37), (22, 74), (1, 54), (18, 43), (23, 36), (2, 68), (34, 42), (31, 46), (14, 45), (62, 67), (56, 66), (21, 72), (8, 50), (4, 10), (24, 49), (17, 71), (0, 3), (6, 52), (12, 41), (19, 28), (13, 15), (48, 73)}
Згенероване вершинне покриття (C): [0, 1, 2, 3, 4, 5, 6, 7, 8, 9, 10, 11, 12, 13, 14, 15, 16, 17, 18, 19, 21, 22, 23, 24, 25, 26, 27, 28, 29, 31, 32, 33, 34, 35, 36, 37, 38, 39, 41, 42, 43, 44, 45, 46, 47, 48, 49, 50, 51, 52, 53, 54, 55, 56, 57, 58, 59, 60, 61, 62, 63, 64, 65, 66, 67, 68, 69, 70, 71, 72, 73, 74]

--- Генерація вершинного покриття (зі списку суміжності) ---
Знайдене максимальне парування (M): {(28, 46), (33, 36), (4, 64), (8, 52), (27, 74), (21, 49), (2, 69), (39, 60), (29, 65), (10, 45), (44, 47), (5, 12), (17, 23), (9, 13), (16, 61), (25, 73), (26, 62), (40, 70), (37, 59), (19, 41), (50, 56), (3, 66), (15, 31), (43, 53), (0, 55), (6, 34), (57, 58), (14, 32), (20, 42), (18, 48), (1, 7), (24, 67), (22, 51), (11, 30), (63, 71), (54, 68)}
Згенероване вершинне покриття (C): [0, 1, 2, 3, 4, 5, 6, 7, 8, 9, 10, 11, 12, 13, 14, 15, 16, 17, 18, 19, 20, 21, 22, 23, 24, 25, 26, 27, 28, 29, 30, 31, 32, 33, 34, 36, 37, 39, 40, 41, 42, 43, 44, 45, 46, 47, 48, 49, 50, 51, 52, 53, 54, 55, 56, 57, 58, 59, 60, 61, 62, 63, 64, 65, 66, 67, 68, 69, 70, 71, 73, 74]

--- Генерація вершинного покриття (зі списку суміжності) ---
Знайдене максимальне парування (M): {(53, 69), (28, 55), (32, 49), (11, 51), (60, 68), (12, 22), (33, 63), (19, 67), (43, 64), (26, 54), (16, 56), (23, 52), (45, 46), (41, 42), (7, 74), (47, 61), (14, 58), (30, 48), (15, 38), (21, 27), (5, 18), (57, 65), (35, 62), (25, 73), (34, 39), (1, 20), (6, 13), (17, 44), (2, 40), (3, 72), (29, 36), (50, 71), (8, 10), (9, 70), (4, 31)}
Згенероване вершинне покриття (C): [1, 2, 3, 4, 5, 6, 7, 8, 9, 10, 11, 12, 13, 14, 15, 16, 17, 18, 19, 20, 21, 22, 23, 25, 26, 27, 28, 29, 30, 31, 32, 33, 34, 35, 36, 38, 39, 40, 41, 42, 43, 44, 45, 46, 47, 48, 49, 50, 51, 52, 53, 54, 55, 56, 57, 58, 60, 61, 62, 63, 64, 65, 67, 68, 69, 70, 71, 72, 73, 74]

--- Генерація вершинного покриття (зі списку суміжності) ---
Знайдене максимальне парування (M): {(17, 52), (42, 48), (36, 62), (12, 16), (4, 67), (37, 73), (58, 71), (29, 35), (14, 31), (57, 72), (0, 11), (39, 66), (64, 68), (30, 45), (21, 70), (18, 22), (6, 32), (50, 60), (46, 47), (15, 56), (5, 24), (44, 74), (2, 19), (20, 61), (9, 40), (3, 54), (27, 51), (1, 65), (26, 55), (10, 25), (38, 69), (7, 63), (28, 49)}
Згенероване вершинне покриття (C): [0, 1, 2, 3, 4, 5, 6, 7, 9, 10, 11, 12, 14, 15, 16, 17, 18, 19, 20, 21, 22, 24, 25, 26, 27, 28, 29, 30, 31, 32, 35, 36, 37, 38, 39, 40, 42, 44, 45, 46, 47, 48, 49, 50, 51, 52, 54, 55, 56, 57, 58, 60, 61, 62, 63, 64, 65, 66, 67, 68, 69, 70, 71, 72, 73, 74]

--- Генерація вершинного покриття (зі списку суміжності) ---
Знайдене максимальне парування (M): {(19, 43), (45, 71), (28, 73), (3, 34), (54, 70), (17, 48), (13, 35), (12, 15), (33, 50), (26, 38), (11, 59), (41, 60), (52, 72), (39, 44), (5, 21), (1, 2), (0, 74), (7, 55), (4, 47), (31, 61), (37, 56), (53, 67), (18, 27), (8, 62), (30, 68), (40, 42), (57, 58), (6, 46), (14, 20), (10, 65), (23, 32), (24, 64), (16, 66), (29, 63), (22, 51)}
Згенероване вершинне покриття (C): [0, 1, 2, 3, 4, 5, 6, 7, 8, 10, 11, 12, 13, 14, 15, 16, 17, 18, 19, 20, 21, 22, 23, 24, 26, 27, 28, 29, 30, 31, 32, 33, 34, 35, 37, 38, 39, 40, 41, 42, 43, 44, 45, 46, 47, 48, 50, 51, 52, 53, 54, 55, 56, 57, 58, 59, 60, 61, 62, 63, 64, 65, 66, 67, 68, 70, 71, 72, 73, 74]

--- Генерація вершинного покриття (зі списку суміжності) ---
Знайдене максимальне парування (M): {(28, 52), (1, 37), (45, 71), (26, 36), (32, 55), (19, 67), (46, 66), (65, 73), (18, 53), (2, 63), (14, 40), (29, 68), (5, 49), (15, 23), (17, 48), (9, 50), (7, 22), (4, 8), (41, 60), (11, 62), (12, 51), (30, 47), (21, 72), (25, 42), (3, 69), (35, 43), (6, 34), (31, 39), (33, 64), (38, 54), (13, 58), (10, 74), (20, 57), (56, 59)}
Згенероване вершинне покриття (C): [1, 2, 3, 4, 5, 6, 7, 8, 9, 10, 11, 12, 13, 14, 15, 17, 18, 19, 20, 21, 22, 23, 25, 26, 28, 29, 30, 31, 32, 33, 34, 35, 36, 37, 38, 39, 40, 41, 42, 43, 45, 46, 47, 48, 49, 50, 51, 52, 53, 54, 55, 56, 57, 58, 59, 60, 62, 63, 64, 65, 66, 67, 68, 69, 71, 72, 73, 74]

--- Генерація вершинного покриття (зі списку суміжності) ---
Знайдене максимальне парування (M): {(24, 30), (25, 35), (0, 45), (8, 64), (5, 28), (12, 49), (27, 31), (23, 46), (7, 62), (13, 20), (53, 74), (2, 41), (4, 17), (50, 69), (18, 58), (38, 73), (40, 67), (37, 56), (1, 32), (11, 34), (14, 57), (47, 63), (16, 33), (6, 22), (59, 68), (60, 66), (26, 43), (19, 65), (15, 52), (10, 71), (29, 54), (48, 61), (39, 70), (9, 36)}
Згенероване вершинне покриття (C): [0, 1, 2, 4, 5, 6, 7, 8, 9, 10, 11, 12, 13, 14, 15, 16, 17, 18, 19, 20, 22, 23, 24, 25, 26, 27, 28, 29, 30, 31, 32, 33, 34, 35, 36, 37, 38, 39, 40, 41, 43, 45, 46, 47, 48, 49, 50, 52, 53, 54, 56, 57, 58, 59, 60, 61, 62, 63, 64, 65, 66, 67, 68, 69, 70, 71, 73, 74]

--- Генерація вершинного покриття (зі списку суміжності) ---
Знайдене максимальне парування (M): {(64, 66), (41, 61), (50, 70), (17, 67), (35, 51), (6, 36), (0, 60), (3, 31), (16, 62), (34, 49), (1, 12), (7, 68), (45, 52), (15, 72), (4, 54), (63, 73), (32, 33), (28, 57), (20, 25), (26, 38), (2, 56), (9, 65), (29, 43), (23, 39), (46, 74), (5, 48), (40, 42), (30, 71), (8, 10), (24, 58), (21, 44), (13, 18), (14, 47), (19, 37), (11, 27)}
Згенероване вершинне покриття (C): [0, 1, 2, 3, 4, 5, 6, 7, 8, 9, 10, 11, 12, 13, 14, 15, 16, 17, 18, 19, 20, 21, 23, 24, 25, 26, 27, 28, 29, 30, 31, 32, 33, 34, 35, 36, 37, 38, 39, 40, 41, 42, 43, 44, 45, 46, 47, 48, 49, 50, 51, 52, 54, 56, 57, 58, 60, 61, 62, 63, 64, 65, 66, 67, 68, 70, 71, 72, 73, 74]

--- Генерація вершинного покриття (зі списку суміжності) ---
Знайдене максимальне парування (M): {(32, 40), (59, 64), (3, 68), (44, 48), (61, 67), (31, 35), (25, 53), (27, 74), (29, 41), (16, 65), (2, 72), (15, 69), (54, 58), (28, 45), (37, 51), (4, 57), (42, 56), (50, 60), (13, 47), (36, 73), (10, 63), (23, 30), (18, 43), (33, 62), (17, 20), (11, 22), (26, 71), (7, 70), (14, 66), (1, 38), (24, 52), (39, 49), (0, 12), (9, 21), (6, 55), (8, 34)}
Згенероване вершинне покриття (C): [0, 1, 2, 3, 4, 6, 7, 8, 9, 10, 11, 12, 13, 14, 15, 16, 17, 18, 20, 21, 22, 23, 24, 25, 26, 27, 28, 29, 30, 31, 32, 33, 34, 35, 36, 37, 38, 39, 40, 41, 42, 43, 44, 45, 47, 48, 49, 50, 51, 52, 53, 54, 55, 56, 57, 58, 59, 60, 61, 62, 63, 64, 65, 66, 67, 68, 69, 70, 71, 72, 73, 74]

--- Генерація вершинного покриття (зі списку суміжності) ---
Знайдене максимальне парування (M): {(9, 48), (11, 39), (32, 58), (46, 51), (18, 44), (6, 42), (1, 55), (8, 12), (29, 68), (20, 59), (53, 62), (23, 64), (15, 26), (0, 47), (56, 73), (22, 74), (17, 66), (27, 70), (13, 65), (34, 45), (40, 61), (5, 36), (54, 63), (37, 50), (24, 28), (16, 30), (67, 69), (33, 49), (4, 10), (43, 71), (3, 38), (14, 41), (31, 57)}
Згенероване вершинне покриття (C): [0, 1, 3, 4, 5, 6, 8, 9, 10, 11, 12, 13, 14, 15, 16, 17, 18, 20, 22, 23, 24, 26, 27, 28, 29, 30, 31, 32, 33, 34, 36, 37, 38, 39, 40, 41, 42, 43, 44, 45, 46, 47, 48, 49, 50, 51, 53, 54, 55, 56, 57, 58, 59, 61, 62, 63, 64, 65, 66, 67, 68, 69, 70, 71, 73, 74]

--- Генерація вершинного покриття (зі списку суміжності) ---
Знайдене максимальне парування (M): {(27, 47), (53, 72), (30, 49), (18, 20), (41, 58), (5, 62), (46, 51), (25, 44), (19, 70), (9, 14), (3, 31), (4, 36), (37, 42), (22, 65), (24, 38), (26, 35), (17, 63), (52, 66), (29, 40), (43, 57), (12, 45), (39, 59), (13, 74), (6, 68), (56, 60), (54, 69), (15, 28), (16, 33), (11, 55), (0, 61), (21, 32), (7, 48), (2, 64), (1, 71), (23, 50), (8, 34)}
Згенероване вершинне покриття (C): [0, 1, 2, 3, 4, 5, 6, 7, 8, 9, 11, 12, 13, 14, 15, 16, 17, 18, 19, 20, 21, 22, 23, 24, 25, 26, 27, 28, 29, 30, 31, 32, 33, 34, 35, 36, 37, 38, 39, 40, 41, 42, 43, 44, 45, 46, 47, 48, 49, 50, 51, 52, 53, 54, 55, 56, 57, 58, 59, 60, 61, 62, 63, 64, 65, 66, 68, 69, 70, 71, 72, 74]

--- Генерація вершинного покриття (зі списку суміжності) ---
Знайдене максимальне парування (M): {(28, 46), (43, 49), (10, 61), (9, 11), (0, 69), (13, 66), (8, 24), (35, 72), (12, 59), (22, 68), (4, 60), (20, 74), (17, 57), (33, 41), (23, 70), (14, 67), (3, 6), (32, 51), (39, 56), (16, 58), (21, 54), (27, 42), (31, 64), (30, 50), (55, 73), (15, 37), (19, 62), (7, 36), (1, 53), (29, 45), (48, 52), (34, 47), (2, 18), (5, 38), (63, 65), (25, 26)}
Згенероване вершинне покриття (C): [0, 1, 2, 3, 4, 5, 6, 7, 8, 9, 10, 11, 12, 13, 14, 15, 16, 17, 18, 19, 20, 21, 22, 23, 24, 25, 26, 27, 28, 29, 30, 31, 32, 33, 34, 35, 36, 37, 38, 39, 41, 42, 43, 45, 46, 47, 48, 49, 50, 51, 52, 53, 54, 55, 56, 57, 58, 59, 60, 61, 62, 63, 64, 65, 66, 67, 68, 69, 70, 72, 73, 74]

--- Генерація вершинного покриття (зі списку суміжності) ---
Знайдене максимальне парування (M): {(6, 15), (0, 45), (33, 39), (61, 64), (24, 66), (5, 28), (57, 69), (18, 74), (27, 52), (2, 44), (42, 68), (10, 63), (32, 60), (25, 58), (40, 46), (11, 16), (4, 41), (9, 31), (37, 56), (20, 67), (19, 50), (38, 72), (17, 62), (13, 43), (35, 49), (1, 47), (29, 36), (14, 23), (65, 71), (26, 70), (22, 51), (21, 59), (48, 73), (12, 53)}
Згенероване вершинне покриття (C): [0, 1, 2, 4, 5, 6, 9, 10, 11, 12, 13, 14, 15, 16, 17, 18, 19, 20, 21, 22, 23, 24, 25, 26, 27, 28, 29, 31, 32, 33, 35, 36, 37, 38, 39, 40, 41, 42, 43, 44, 45, 46, 47, 48, 49, 50, 51, 52, 53, 56, 57, 58, 59, 60, 61, 62, 63, 64, 65, 66, 67, 68, 69, 70, 71, 72, 73, 74]

--- Генерація вершинного покриття (зі списку суміжності) ---
Знайдене максимальне парування (M): {(23, 62), (17, 52), (11, 51), (16, 41), (42, 66), (27, 74), (12, 34), (9, 20), (37, 45), (36, 49), (53, 65), (2, 26), (21, 67), (18, 28), (35, 38), (4, 8), (3, 70), (44, 59), (48, 50), (0, 19), (29, 73), (22, 55), (1, 32), (7, 15), (13, 31), (6, 25), (10, 47), (33, 46), (24, 43), (5, 14), (57, 64), (39, 58), (54, 56), (63, 68), (71, 72)}
Згенероване вершинне покриття (C): [0, 1, 2, 3, 4, 5, 6, 7, 8, 9, 10, 11, 12, 13, 14, 15, 16, 17, 18, 19, 20, 21, 22, 23, 24, 25, 26, 27, 28, 29, 31, 32, 33, 34, 35, 36, 37, 38, 39, 41, 42, 43, 44, 45, 46, 47, 48, 49, 50, 51, 52, 53, 54, 55, 56, 57, 58, 59, 62, 63, 64, 65, 66, 67, 68, 70, 71, 72, 73, 74]

--- Генерація вершинного покриття (зі списку суміжності) ---
Знайдене максимальне парування (M): {(27, 47), (18, 23), (33, 51), (20, 29), (3, 50), (46, 54), (26, 48), (12, 37), (38, 59), (15, 57), (55, 56), (64, 65), (63, 67), (19, 36), (16, 22), (9, 62), (52, 60), (2, 53), (41, 69), (10, 66), (43, 72), (21, 42), (25, 58), (8, 17), (0, 71), (14, 39), (68, 74), (32, 35), (13, 31), (11, 49), (7, 45), (1, 4), (44, 73), (24, 70), (6, 61), (28, 40), (30, 34)}
Згенероване вершинне покриття (C): [0, 1, 2, 3, 4, 6, 7, 8, 9, 10, 11, 12, 13, 14, 15, 16, 17, 18, 19, 20, 21, 22, 23, 24, 25, 26, 27, 28, 29, 30, 31, 32, 33, 34, 35, 36, 37, 38, 39, 40, 41, 42, 43, 44, 45, 46, 47, 48, 49, 50, 51, 52, 53, 54, 55, 56, 57, 58, 59, 60, 61, 62, 63, 64, 65, 66, 67, 68, 69, 70, 71, 72, 73, 74]

--- Генерація вершинного покриття (зі списку суміжності) ---
Знайдене максимальне парування (M): {(37, 61), (12, 65), (9, 51), (25, 44), (4, 27), (0, 14), (18, 53), (40, 59), (31, 62), (24, 26), (41, 42), (35, 38), (45, 73), (52, 54), (28, 66), (33, 56), (23, 30), (8, 11), (7, 43), (15, 50), (20, 49), (5, 39), (48, 68), (19, 29), (36, 57), (47, 63), (21, 72), (55, 64), (2, 34), (3, 60), (70, 71), (13, 67), (32, 74), (10, 22), (16, 17)}
Згенероване вершинне покриття (C): [0, 2, 3, 4, 5, 7, 8, 9, 10, 11, 12, 13, 14, 15, 16, 17, 18, 19, 20, 21, 22, 23, 24, 25, 26, 27, 28, 29, 30, 31, 32, 33, 34, 35, 36, 37, 38, 39, 40, 41, 42, 43, 44, 45, 47, 48, 49, 50, 51, 52, 53, 54, 55, 56, 57, 59, 60, 61, 62, 63, 64, 65, 66, 67, 68, 70, 71, 72, 73, 74]

--- Генерація вершинного покриття (зі списку суміжності) ---
Знайдене максимальне парування (M): {(29, 72), (18, 26), (3, 71), (5, 65), (7, 38), (22, 32), (66, 69), (28, 30), (39, 54), (9, 23), (20, 68), (12, 67), (59, 60), (43, 51), (8, 11), (1, 14), (21, 63), (53, 70), (25, 27), (19, 47), (10, 44), (55, 64), (15, 31), (52, 56), (50, 62), (4, 13), (35, 46), (40, 42), (61, 74), (2, 58), (34, 41), (0, 24), (37, 49), (16, 17), (6, 73)}
Згенероване вершинне покриття (C): [0, 1, 2, 3, 4, 5, 6, 7, 8, 9, 10, 11, 12, 13, 14, 15, 16, 17, 18, 19, 20, 21, 22, 23, 24, 25, 26, 27, 28, 29, 30, 31, 32, 34, 35, 37, 38, 39, 40, 41, 42, 43, 44, 46, 47, 49, 50, 51, 52, 53, 54, 55, 56, 58, 59, 60, 61, 62, 63, 64, 65, 66, 67, 68, 69, 70, 71, 72, 73, 74]

--- Генерація вершинного покриття (зі списку суміжності) ---
Знайдене максимальне парування (M): {(21, 65), (2, 33), (36, 59), (6, 24), (23, 37), (25, 56), (13, 26), (34, 58), (18, 19), (17, 51), (0, 41), (1, 45), (70, 72), (52, 66), (9, 10), (7, 49), (29, 43), (12, 42), (35, 71), (53, 61), (8, 32), (30, 38), (28, 62), (14, 69), (5, 11), (4, 31), (16, 57), (46, 64), (44, 73), (40, 54), (39, 55), (15, 67), (3, 47), (20, 63)}
Згенероване вершинне покриття (C): [0, 1, 2, 3, 4, 5, 6, 7, 8, 9, 10, 11, 12, 13, 14, 15, 16, 17, 18, 19, 20, 21, 23, 24, 25, 26, 28, 29, 30, 31, 32, 33, 34, 35, 36, 37, 38, 39, 40, 41, 42, 43, 44, 45, 46, 47, 49, 51, 52, 53, 54, 55, 56, 57, 58, 59, 61, 62, 63, 64, 65, 66, 67, 69, 70, 71, 72, 73]

--- Генерація вершинного покриття (зі списку суміжності) ---
Знайдене максимальне парування (M): {(4, 49), (31, 69), (47, 53), (16, 35), (41, 67), (25, 62), (40, 59), (13, 14), (3, 43), (10, 36), (33, 44), (19, 51), (37, 60), (50, 63), (24, 68), (27, 39), (22, 52), (8, 32), (12, 66), (7, 21), (15, 28), (9, 46), (55, 64), (23, 72), (38, 42), (17, 65), (6, 34), (11, 58), (2, 61), (18, 45), (30, 74), (0, 73), (29, 54), (5, 26), (57, 70), (1, 71), (20, 48)}
Згенероване вершинне покриття (C): [0, 1, 2, 3, 4, 5, 6, 7, 8, 9, 10, 11, 12, 13, 14, 15, 16, 17, 18, 19, 20, 21, 22, 23, 24, 25, 26, 27, 28, 29, 30, 31, 32, 33, 34, 35, 36, 37, 38, 39, 40, 41, 42, 43, 44, 45, 46, 47, 48, 49, 50, 51, 52, 53, 54, 55, 57, 58, 59, 60, 61, 62, 63, 64, 65, 66, 67, 68, 69, 70, 71, 72, 73, 74]

--- Генерація вершинного покриття (зі списку суміжності) ---
Знайдене максимальне парування (M): {(37, 55), (13, 27), (58, 62), (16, 47), (7, 41), (9, 14), (18, 59), (53, 56), (48, 69), (17, 39), (5, 46), (12, 64), (10, 45), (61, 63), (3, 6), (28, 72), (21, 42), (35, 71), (1, 20), (19, 29), (36, 57), (44, 49), (26, 40), (8, 68), (4, 22), (30, 34), (25, 60), (38, 51), (52, 74), (23, 32), (11, 70), (66, 67), (31, 54), (15, 73), (0, 33)}
Згенероване вершинне покриття (C): [0, 1, 3, 4, 5, 6, 7, 8, 9, 10, 11, 12, 13, 14, 15, 16, 17, 18, 19, 20, 21, 22, 23, 25, 26, 27, 28, 29, 30, 31, 32, 33, 34, 35, 36, 37, 38, 39, 40, 41, 42, 44, 45, 46, 47, 48, 49, 51, 52, 53, 54, 55, 56, 57, 58, 59, 60, 61, 62, 63, 64, 66, 67, 68, 69, 70, 71, 72, 73, 74]

--- Генерація вершинного покриття (зі списку суміжності) ---
Знайдене максимальне парування (M): {(18, 72), (11, 45), (14, 62), (59, 70), (3, 65), (28, 58), (10, 64), (12, 37), (46, 63), (6, 51), (40, 53), (54, 55), (30, 42), (27, 49), (13, 35), (2, 47), (36, 73), (17, 66), (31, 34), (0, 7), (20, 43), (57, 68), (21, 48), (23, 39), (9, 22), (32, 38), (8, 56), (29, 33), (44, 67), (41, 74), (15, 61), (19, 25), (1, 16), (4, 52)}
Згенероване вершинне покриття (C): [0, 1, 2, 3, 4, 6, 7, 8, 9, 10, 11, 12, 13, 14, 15, 16, 17, 18, 19, 20, 21, 22, 23, 25, 27, 28, 29, 30, 31, 32, 33, 34, 35, 36, 37, 38, 39, 40, 41, 42, 43, 44, 45, 46, 47, 48, 49, 51, 52, 53, 54, 55, 56, 57, 58, 59, 61, 62, 63, 64, 65, 66, 67, 68, 70, 72, 73, 74]

--- Генерація вершинного покриття (зі списку суміжності) ---
Знайдене максимальне парування (M): {(55, 72), (67, 71), (41, 58), (44, 48), (59, 73), (9, 60), (4, 21), (14, 25), (42, 69), (0, 5), (35, 57), (8, 15), (39, 54), (62, 65), (3, 64), (43, 51), (7, 37), (38, 46), (12, 33), (20, 34), (30, 32), (13, 16), (28, 40), (19, 29), (27, 36), (17, 56), (18, 24), (11, 49), (10, 50), (2, 61), (26, 52), (66, 70), (22, 45), (1, 74), (63, 68), (23, 53)}
Згенероване вершинне покриття (C): [0, 1, 2, 3, 4, 5, 7, 8, 9, 10, 11, 12, 13, 14, 15, 16, 17, 18, 19, 20, 21, 22, 23, 24, 25, 26, 27, 28, 29, 30, 32, 33, 34, 35, 36, 37, 38, 39, 40, 41, 42, 43, 44, 45, 46, 48, 49, 50, 51, 52, 53, 54, 55, 56, 57, 58, 59, 60, 61, 62, 63, 64, 65, 66, 67, 68, 69, 70, 71, 72, 73, 74]

--- Генерація вершинного покриття (зі списку суміжності) ---
Знайдене максимальне парування (M): {(11, 42), (59, 64), (41, 46), (26, 27), (47, 62), (15, 33), (52, 61), (0, 51), (44, 60), (34, 37), (7, 53), (35, 72), (48, 69), (54, 67), (5, 55), (56, 73), (18, 28), (25, 43), (30, 57), (6, 38), (21, 36), (4, 23), (13, 71), (29, 58), (14, 66), (9, 49), (3, 8), (70, 74), (12, 20), (1, 50), (17, 19), (32, 68), (10, 65), (31, 45), (40, 63), (2, 24)}
Згенероване вершинне покриття (C): [0, 1, 2, 3, 4, 5, 6, 7, 8, 9, 10, 11, 12, 13, 14, 15, 17, 18, 19, 20, 21, 23, 24, 25, 26, 27, 28, 29, 30, 31, 32, 33, 34, 35, 36, 37, 38, 40, 41, 42, 43, 44, 45, 46, 47, 48, 49, 50, 51, 52, 53, 54, 55, 56, 57, 58, 59, 60, 61, 62, 63, 64, 65, 66, 67, 68, 69, 70, 71, 72, 73, 74]

--- Генерація вершинного покриття (зі списку суміжності) ---
Знайдене максимальне парування (M): {(50, 52), (43, 46), (25, 47), (18, 38), (44, 66), (41, 67), (13, 69), (40, 53), (6, 60), (56, 58), (16, 74), (34, 55), (37, 51), (0, 32), (3, 61), (64, 71), (15, 29), (10, 54), (12, 24), (8, 11), (21, 42), (57, 59), (4, 23), (5, 30), (9, 22), (1, 20), (36, 63), (33, 49), (17, 62), (45, 72), (14, 26), (7, 48), (2, 73), (28, 31), (39, 70)}
Згенероване вершинне покриття (C): [0, 1, 2, 3, 4, 5, 6, 7, 8, 9, 10, 11, 12, 13, 14, 15, 16, 17, 18, 20, 21, 22, 23, 24, 25, 26, 28, 29, 30, 31, 32, 33, 34, 36, 37, 38, 39, 40, 41, 42, 43, 44, 45, 46, 47, 48, 49, 50, 51, 52, 53, 54, 55, 56, 57, 58, 59, 60, 61, 62, 63, 64, 66, 67, 69, 70, 71, 72, 73, 74]

--- Генерація вершинного покриття (зі списку суміжності) ---
Знайдене максимальне парування (M): {(1, 28), (9, 51), (0, 54), (26, 36), (35, 39), (61, 64), (46, 57), (17, 30), (66, 72), (20, 50), (4, 42), (53, 65), (40, 71), (47, 58), (49, 69), (24, 29), (12, 70), (3, 67), (15, 44), (11, 19), (2, 22), (45, 63), (25, 27), (56, 60), (7, 33), (6, 37), (16, 48), (43, 62), (10, 13), (23, 32), (52, 74), (14, 38), (34, 41), (21, 59), (8, 31)}
Згенероване вершинне покриття (C): [0, 1, 2, 3, 4, 6, 7, 8, 9, 10, 11, 12, 13, 14, 15, 16, 17, 19, 20, 21, 22, 23, 24, 25, 26, 27, 28, 29, 30, 31, 32, 33, 34, 35, 36, 37, 38, 39, 40, 41, 42, 43, 44, 45, 46, 47, 48, 49, 50, 51, 52, 53, 54, 56, 57, 58, 59, 60, 61, 62, 63, 64, 65, 66, 67, 69, 70, 71, 72, 74]

--- Генерація вершинного покриття (зі списку суміжності) ---
Знайдене максимальне парування (M): {(43, 46), (38, 41), (5, 10), (11, 69), (4, 45), (16, 71), (1, 21), (33, 35), (15, 20), (6, 17), (23, 67), (19, 54), (58, 64), (56, 73), (7, 49), (65, 66), (14, 36), (2, 22), (28, 47), (30, 44), (34, 63), (53, 70), (3, 60), (26, 31), (13, 40), (50, 68), (27, 72), (18, 42), (25, 57), (12, 29), (32, 62), (39, 55), (0, 24), (8, 37)}
Згенероване вершинне покриття (C): [0, 1, 2, 3, 4, 5, 6, 7, 8, 10, 11, 12, 13, 14, 15, 16, 17, 18, 19, 20, 21, 22, 23, 24, 25, 26, 27, 28, 29, 30, 31, 32, 33, 34, 35, 36, 37, 38, 39, 40, 41, 42, 43, 44, 45, 46, 47, 49, 50, 53, 54, 55, 56, 57, 58, 60, 62, 63, 64, 65, 66, 67, 68, 69, 70, 71, 72, 73]

--- Генерація вершинного покриття (зі списку суміжності) ---
Знайдене максимальне парування (M): {(4, 61), (19, 49), (11, 45), (59, 64), (51, 53), (18, 44), (5, 25), (24, 60), (26, 57), (36, 37), (2, 8), (13, 14), (0, 32), (34, 70), (7, 28), (67, 73), (35, 38), (15, 29), (1, 54), (12, 27), (33, 71), (17, 41), (22, 55), (6, 10), (56, 63), (9, 46), (21, 23), (58, 72), (16, 39), (40, 42), (43, 68), (48, 52), (65, 74), (30, 31), (62, 66), (47, 50)}
Згенероване вершинне покриття (C): [0, 1, 2, 4, 5, 6, 7, 8, 9, 10, 11, 12, 13, 14, 15, 16, 17, 18, 19, 21, 22, 23, 24, 25, 26, 27, 28, 29, 30, 31, 32, 33, 34, 35, 36, 37, 38, 39, 40, 41, 42, 43, 44, 45, 46, 47, 48, 49, 50, 51, 52, 53, 54, 55, 56, 57, 58, 59, 60, 61, 62, 63, 64, 65, 66, 67, 68, 70, 71, 72, 73, 74]

--- Генерація вершинного покриття (зі списку суміжності) ---
Знайдене максимальне парування (M): {(9, 39), (17, 52), (20, 72), (24, 45), (0, 57), (29, 32), (19, 64), (22, 35), (34, 37), (66, 69), (21, 55), (18, 65), (8, 36), (7, 74), (1, 33), (44, 47), (6, 26), (23, 70), (51, 67), (2, 56), (16, 46), (40, 43), (15, 59), (5, 30), (12, 42), (11, 13), (53, 58), (31, 61), (27, 48), (4, 28), (10, 71), (14, 41), (3, 50), (54, 68)}
Згенероване вершинне покриття (C): [0, 1, 2, 3, 4, 5, 6, 7, 8, 9, 10, 11, 12, 13, 14, 15, 16, 17, 18, 19, 20, 21, 22, 23, 24, 26, 27, 28, 29, 30, 31, 32, 33, 34, 35, 36, 37, 39, 40, 41, 42, 43, 44, 45, 46, 47, 48, 50, 51, 52, 53, 54, 55, 56, 57, 58, 59, 61, 64, 65, 66, 67, 68, 69, 70, 71, 72, 74]

--- Генерація вершинного покриття (зі списку суміжності) ---
Знайдене максимальне парування (M): {(29, 72), (54, 65), (37, 58), (59, 67), (12, 19), (6, 33), (5, 16), (35, 63), (11, 69), (39, 51), (4, 30), (8, 27), (36, 43), (14, 46), (21, 64), (71, 74), (53, 68), (7, 13), (15, 20), (1, 48), (25, 55), (22, 31), (40, 61), (62, 70), (23, 57), (28, 47), (42, 52), (32, 41), (10, 56), (60, 66), (38, 45), (26, 49), (2, 9), (3, 44), (34, 50)}
Згенероване вершинне покриття (C): [1, 2, 3, 4, 5, 6, 7, 8, 9, 10, 11, 12, 13, 14, 15, 16, 19, 20, 21, 22, 23, 25, 26, 27, 28, 29, 30, 31, 32, 33, 34, 35, 36, 37, 38, 39, 40, 41, 42, 43, 44, 45, 46, 47, 48, 49, 50, 51, 52, 53, 54, 55, 56, 57, 58, 59, 60, 61, 62, 63, 64, 65, 66, 67, 68, 69, 70, 71, 72, 74]

--- Генерація вершинного покриття (зі списку суміжності) ---
Знайдене максимальне парування (M): {(47, 59), (36, 65), (0, 45), (17, 55), (16, 38), (50, 64), (32, 58), (5, 13), (22, 23), (29, 44), (7, 41), (9, 14), (35, 57), (19, 73), (49, 72), (1, 12), (31, 56), (18, 62), (6, 60), (24, 26), (37, 51), (40, 74), (8, 48), (3, 21), (46, 71), (25, 70), (54, 63), (34, 69), (2, 43), (4, 10), (28, 68), (30, 53), (33, 61), (39, 67), (11, 27), (20, 66)}
Згенероване вершинне покриття (C): [0, 1, 2, 3, 4, 5, 6, 7, 8, 9, 10, 11, 12, 13, 14, 16, 17, 18, 19, 20, 21, 22, 23, 24, 25, 26, 27, 28, 29, 30, 31, 32, 33, 34, 35, 36, 37, 38, 39, 40, 41, 43, 44, 45, 46, 47, 48, 49, 50, 51, 53, 54, 55, 56, 57, 58, 59, 60, 61, 62, 63, 64, 65, 66, 67, 68, 69, 70, 71, 72, 73, 74]

--- Генерація вершинного покриття (зі списку суміжності) ---
Знайдене максимальне парування (M): {(31, 72), (26, 36), (41, 61), (7, 32), (18, 44), (14, 34), (17, 33), (23, 55), (71, 74), (6, 20), (28, 51), (30, 54), (9, 59), (4, 8), (38, 49), (10, 69), (21, 45), (39, 56), (22, 43), (53, 58), (15, 65), (12, 48), (5, 42), (16, 70), (62, 67), (2, 37), (60, 63), (27, 66), (35, 52), (46, 64), (68, 73), (1, 25), (3, 50), (19, 40)}
Згенероване вершинне покриття (C): [1, 2, 3, 4, 5, 6, 7, 8, 9, 10, 12, 14, 15, 16, 17, 18, 19, 20, 21, 22, 23, 25, 26, 27, 28, 30, 31, 32, 33, 34, 35, 36, 37, 38, 39, 40, 41, 42, 43, 44, 45, 46, 48, 49, 50, 51, 52, 53, 54, 55, 56, 58, 59, 60, 61, 62, 63, 64, 65, 66, 67, 68, 69, 70, 71, 72, 73, 74]

--- Генерація вершинного покриття (зі списку суміжності) ---
Знайдене максимальне парування (M): {(1, 28), (21, 71), (37, 61), (42, 48), (18, 44), (26, 51), (27, 74), (10, 73), (33, 72), (25, 68), (15, 69), (12, 64), (19, 39), (20, 57), (58, 67), (5, 9), (0, 53), (7, 34), (46, 47), (41, 66), (32, 63), (29, 43), (3, 30), (24, 65), (36, 45), (14, 50), (6, 13), (56, 60), (35, 49), (2, 55), (16, 54), (17, 22), (11, 70), (4, 40), (8, 31), (23, 59)}
Згенероване вершинне покриття (C): [0, 1, 2, 3, 4, 5, 6, 7, 8, 9, 10, 11, 12, 13, 14, 15, 16, 17, 18, 19, 20, 21, 22, 23, 24, 25, 26, 27, 28, 29, 30, 31, 32, 33, 34, 35, 36, 37, 39, 40, 41, 42, 43, 44, 45, 46, 47, 48, 49, 50, 51, 53, 54, 55, 56, 57, 58, 59, 60, 61, 63, 64, 65, 66, 67, 68, 69, 70, 71, 72, 73, 74]

--- Генерація вершинного покриття (зі списку суміжності) ---
Знайдене максимальне парування (M): {(55, 57), (25, 29), (63, 74), (3, 62), (22, 69), (52, 58), (0, 48), (5, 65), (10, 61), (24, 54), (34, 50), (18, 68), (27, 49), (9, 47), (32, 36), (17, 66), (6, 44), (43, 72), (8, 23), (38, 67), (4, 59), (53, 73), (30, 56), (12, 14), (16, 45), (28, 71), (40, 42), (21, 35), (7, 39), (33, 64), (20, 51), (1, 13), (11, 15), (2, 70), (19, 31), (37, 46)}
Згенероване вершинне покриття (C): [0, 1, 2, 3, 4, 5, 6, 7, 8, 9, 10, 11, 12, 13, 14, 15, 16, 17, 18, 19, 20, 21, 22, 23, 24, 25, 27, 28, 29, 30, 31, 32, 33, 34, 35, 36, 37, 38, 39, 40, 42, 43, 44, 45, 46, 47, 48, 49, 50, 51, 52, 53, 54, 55, 56, 57, 58, 59, 61, 62, 63, 64, 65, 66, 67, 68, 69, 70, 71, 72, 73, 74]

Середній час виконання: 0.0001017857 секунд
