
--- Генерація вершинного покриття (зі списку суміжності) ---
Знайдене максимальне парування (M): {(48, 82), (25, 29), (20, 133), (7, 87), (58, 62), (15, 97), (107, 116), (88, 112), (30, 134), (14, 92), (32, 67), (106, 124), (51, 86), (131, 135), (31, 50), (69, 104), (132, 142), (63, 122), (18, 126), (46, 81), (6, 8), (41, 100), (45, 64), (68, 96), (105, 115), (16, 28), (99, 102), (109, 143), (78, 79), (40, 101), (4, 136), (3, 85), (21, 42), (56, 91), (130, 141), (26, 123), (75, 83), (11, 138), (76, 139), (13, 65), (1, 23), (2, 144), (34, 118), (61, 108), (53, 125), (12, 57), (90, 98), (22, 73), (44, 49), (19, 117), (59, 74), (43, 120), (47, 84), (111, 145), (66, 70), (72, 110), (103, 119), (17, 77), (33, 137), (9, 24), (38, 60), (10, 80), (27, 35), (52, 147), (95, 121)}
Згенероване вершинне покриття (C): [1, 2, 3, 4, 6, 7, 8, 9, 10, 11, 12, 13, 14, 15, 16, 17, 18, 19, 20, 21, 22, 23, 24, 25, 26, 27, 28, 29, 30, 31, 32, 33, 34, 35, 38, 40, 41, 42, 43, 44, 45, 46, 47, 48, 49, 50, 51, 52, 53, 56, 57, 58, 59, 60, 61, 62, 63, 64, 65, 66, 67, 68, 69, 70, 72, 73, 74, 75, 76, 77, 78, 79, 80, 81, 82, 83, 84, 85, 86, 87, 88, 90, 91, 92, 95, 96, 97, 98, 99, 100, 101, 102, 103, 104, 105, 106, 107, 108, 109, 110, 111, 112, 115, 116, 117, 118, 119, 120, 121, 122, 123, 124, 125, 126, 130, 131, 132, 133, 134, 135, 136, 137, 138, 139, 141, 142, 143, 144, 145, 147]

--- Генерація вершинного покриття (зі списку суміжності) ---
Знайдене максимальне парування (M): {(63, 129), (56, 123), (71, 81), (16, 90), (50, 116), (117, 142), (110, 130), (54, 83), (40, 96), (100, 138), (20, 35), (14, 144), (105, 137), (4, 91), (7, 108), (23, 98), (28, 94), (121, 136), (112, 139), (32, 143), (132, 148), (33, 79), (78, 119), (15, 26), (31, 141), (51, 107), (27, 122), (48, 99), (74, 118), (52, 57), (64, 147), (95, 101), (80, 140), (29, 49), (55, 92), (44, 65), (17, 87), (45, 97), (46, 59), (21, 109), (43, 133), (1, 75), (2, 135), (42, 86), (39, 62), (18, 134), (38, 146), (34, 60), (41, 47), (0, 104), (73, 82), (102, 124), (84, 149), (3, 8), (67, 72), (85, 120), (68, 113), (30, 77), (53, 106), (22, 103), (66, 76), (10, 25), (12, 111), (6, 70), (11, 88), (13, 24)}
Згенероване вершинне покриття (C): [0, 1, 2, 3, 4, 6, 7, 8, 10, 11, 12, 13, 14, 15, 16, 17, 18, 20, 21, 22, 23, 24, 25, 26, 27, 28, 29, 30, 31, 32, 33, 34, 35, 38, 39, 40, 41, 42, 43, 44, 45, 46, 47, 48, 49, 50, 51, 52, 53, 54, 55, 56, 57, 59, 60, 62, 63, 64, 65, 66, 67, 68, 70, 71, 72, 73, 74, 75, 76, 77, 78, 79, 80, 81, 82, 83, 84, 85, 86, 87, 88, 90, 91, 92, 94, 95, 96, 97, 98, 99, 100, 101, 102, 103, 104, 105, 106, 107, 108, 109, 110, 111, 112, 113, 116, 117, 118, 119, 120, 121, 122, 123, 124, 129, 130, 132, 133, 134, 135, 136, 137, 138, 139, 140, 141, 142, 143, 144, 146, 147, 148, 149]

--- Генерація вершинного покриття (зі списку суміжності) ---
Знайдене максимальне парування (M): {(65, 92), (122, 144), (10, 34), (62, 84), (32, 40), (37, 125), (52, 113), (49, 93), (133, 138), (13, 45), (70, 76), (47, 141), (3, 83), (29, 41), (0, 130), (16, 120), (4, 30), (23, 43), (15, 66), (54, 116), (18, 68), (98, 140), (24, 78), (46, 72), (1, 146), (25, 28), (109, 128), (86, 126), (9, 44), (6, 148), (8, 118), (11, 114), (87, 149), (36, 82), (26, 105), (121, 129), (99, 132), (60, 85), (14, 97), (27, 33), (91, 103), (58, 100), (19, 35), (104, 139), (21, 124), (73, 137), (7, 134), (88, 101), (77, 131), (94, 117), (67, 75), (59, 74), (71, 106), (2, 55), (17, 80), (127, 135), (81, 107), (31, 42), (57, 119), (12, 90), (38, 63), (5, 96), (110, 112), (48, 79), (69, 111)}
Згенероване вершинне покриття (C): [0, 1, 2, 3, 4, 5, 6, 7, 8, 9, 10, 11, 12, 13, 14, 15, 16, 17, 18, 19, 21, 23, 24, 25, 26, 27, 28, 29, 30, 31, 32, 33, 34, 35, 36, 37, 38, 40, 41, 42, 43, 44, 45, 46, 47, 48, 49, 52, 54, 55, 57, 58, 59, 60, 62, 63, 65, 66, 67, 68, 69, 70, 71, 72, 73, 74, 75, 76, 77, 78, 79, 80, 81, 82, 83, 84, 85, 86, 87, 88, 90, 91, 92, 93, 94, 96, 97, 98, 99, 100, 101, 103, 104, 105, 106, 107, 109, 110, 111, 112, 113, 114, 116, 117, 118, 119, 120, 121, 122, 124, 125, 126, 127, 128, 129, 130, 131, 132, 133, 134, 135, 137, 138, 139, 140, 141, 144, 146, 148, 149]

--- Генерація вершинного покриття (зі списку суміжності) ---
Знайдене максимальне парування (M): {(69, 117), (30, 43), (95, 133), (41, 49), (4, 58), (50, 61), (3, 126), (96, 119), (42, 51), (86, 142), (118, 122), (15, 100), (116, 134), (47, 89), (8, 12), (97, 99), (32, 128), (11, 72), (56, 110), (37, 45), (40, 68), (113, 138), (36, 46), (24, 87), (0, 93), (7, 25), (18, 101), (9, 120), (52, 130), (27, 137), (19, 136), (28, 90), (71, 125), (17, 148), (115, 131), (6, 65), (57, 135), (103, 132), (13, 83), (1, 145), (2, 92), (75, 104), (81, 144), (107, 108), (14, 60), (67, 124), (5, 112), (29, 88), (31, 85), (21, 26), (34, 78), (94, 123), (22, 79), (76, 114), (141, 149), (80, 84), (23, 35), (53, 106), (38, 63), (64, 109), (66, 82), (48, 70), (102, 105), (74, 147), (62, 127), (39, 55)}
Згенероване вершинне покриття (C): [0, 1, 2, 3, 4, 5, 6, 7, 8, 9, 11, 12, 13, 14, 15, 17, 18, 19, 21, 22, 23, 24, 25, 26, 27, 28, 29, 30, 31, 32, 34, 35, 36, 37, 38, 39, 40, 41, 42, 43, 45, 46, 47, 48, 49, 50, 51, 52, 53, 55, 56, 57, 58, 60, 61, 62, 63, 64, 65, 66, 67, 68, 69, 70, 71, 72, 74, 75, 76, 78, 79, 80, 81, 82, 83, 84, 85, 86, 87, 88, 89, 90, 92, 93, 94, 95, 96, 97, 99, 100, 101, 102, 103, 104, 105, 106, 107, 108, 109, 110, 112, 113, 114, 115, 116, 117, 118, 119, 120, 122, 123, 124, 125, 126, 127, 128, 130, 131, 132, 133, 134, 135, 136, 137, 138, 141, 142, 144, 145, 147, 148, 149]

--- Генерація вершинного покриття (зі списку суміжності) ---
Знайдене максимальне парування (M): {(13, 143), (28, 113), (115, 142), (3, 68), (56, 77), (81, 94), (49, 102), (50, 73), (6, 103), (66, 127), (24, 121), (63, 107), (109, 110), (114, 118), (93, 147), (9, 84), (76, 82), (21, 55), (4, 106), (8, 97), (65, 149), (7, 129), (15, 148), (128, 141), (98, 112), (60, 134), (22, 37), (42, 74), (19, 139), (10, 75), (79, 104), (16, 58), (78, 100), (27, 88), (5, 39), (57, 135), (26, 71), (62, 125), (0, 92), (30, 44), (120, 130), (83, 111), (34, 69), (32, 47), (43, 53), (20, 146), (67, 72), (12, 23), (59, 126), (124, 136), (17, 132), (38, 45), (80, 133), (33, 116), (89, 145), (14, 87), (18, 36), (29, 51), (90, 122), (40, 48), (105, 144), (91, 96), (61, 86), (85, 138)}
Згенероване вершинне покриття (C): [0, 3, 4, 5, 6, 7, 8, 9, 10, 12, 13, 14, 15, 16, 17, 18, 19, 20, 21, 22, 23, 24, 26, 27, 28, 29, 30, 32, 33, 34, 36, 37, 38, 39, 40, 42, 43, 44, 45, 47, 48, 49, 50, 51, 53, 55, 56, 57, 58, 59, 60, 61, 62, 63, 65, 66, 67, 68, 69, 71, 72, 73, 74, 75, 76, 77, 78, 79, 80, 81, 82, 83, 84, 85, 86, 87, 88, 89, 90, 91, 92, 93, 94, 96, 97, 98, 100, 102, 103, 104, 105, 106, 107, 109, 110, 111, 112, 113, 114, 115, 116, 118, 120, 121, 122, 124, 125, 126, 127, 128, 129, 130, 132, 133, 134, 135, 136, 138, 139, 141, 142, 143, 144, 145, 146, 147, 148, 149]

--- Генерація вершинного покриття (зі списку суміжності) ---
Знайдене максимальне парування (M): {(75, 100), (33, 97), (110, 121), (24, 94), (58, 114), (9, 54), (18, 87), (111, 129), (7, 148), (92, 131), (108, 127), (67, 89), (35, 112), (1, 116), (12, 31), (38, 44), (126, 141), (40, 50), (65, 79), (22, 47), (4, 106), (98, 143), (113, 138), (36, 46), (70, 118), (71, 83), (6, 72), (105, 109), (30, 115), (81, 96), (20, 144), (51, 119), (142, 146), (124, 137), (23, 27), (5, 76), (86, 95), (104, 107), (43, 133), (49, 125), (19, 26), (69, 103), (59, 93), (32, 90), (39, 132), (15, 80), (37, 120), (63, 78), (34, 60), (16, 82), (117, 128), (10, 102), (11, 101), (3, 14), (2, 52), (41, 62), (91, 139), (56, 145), (17, 74), (77, 85), (57, 122), (13, 61), (8, 68), (48, 55), (25, 130), (140, 147), (0, 21), (66, 88), (73, 136)}
Згенероване вершинне покриття (C): [0, 1, 2, 3, 4, 5, 6, 7, 8, 9, 10, 11, 12, 13, 14, 15, 16, 17, 18, 19, 20, 21, 22, 23, 24, 25, 26, 27, 30, 31, 32, 33, 34, 35, 36, 37, 38, 39, 40, 41, 43, 44, 46, 47, 48, 49, 50, 51, 52, 54, 55, 56, 57, 58, 59, 60, 61, 62, 63, 65, 66, 67, 68, 69, 70, 71, 72, 73, 74, 75, 76, 77, 78, 79, 80, 81, 82, 83, 85, 86, 87, 88, 89, 90, 91, 92, 93, 94, 95, 96, 97, 98, 100, 101, 102, 103, 104, 105, 106, 107, 108, 109, 110, 111, 112, 113, 114, 115, 116, 117, 118, 119, 120, 121, 122, 124, 125, 126, 127, 128, 129, 130, 131, 132, 133, 136, 137, 138, 139, 140, 141, 142, 143, 144, 145, 146, 147, 148]

--- Генерація вершинного покриття (зі списку суміжності) ---
Знайдене максимальне парування (M): {(82, 142), (103, 140), (0, 39), (50, 122), (108, 115), (19, 110), (64, 84), (67, 135), (69, 77), (26, 100), (61, 134), (29, 44), (16, 111), (89, 147), (53, 99), (101, 118), (24, 60), (113, 132), (71, 129), (6, 57), (92, 97), (5, 34), (15, 78), (65, 88), (35, 145), (136, 139), (3, 58), (43, 106), (59, 124), (52, 112), (75, 120), (86, 144), (9, 117), (8, 121), (55, 141), (37, 133), (4, 20), (31, 95), (40, 49), (1, 66), (27, 91), (73, 116), (79, 137), (25, 76), (83, 93), (10, 90), (54, 127), (18, 70), (47, 63), (72, 80), (46, 98), (17, 68), (109, 148), (42, 119), (74, 114), (32, 105), (56, 87), (107, 123), (85, 126), (7, 45), (30, 138), (23, 96), (33, 146), (11, 143), (21, 62)}
Згенероване вершинне покриття (C): [0, 1, 3, 4, 5, 6, 7, 8, 9, 10, 11, 15, 16, 17, 18, 19, 20, 21, 23, 24, 25, 26, 27, 29, 30, 31, 32, 33, 34, 35, 37, 39, 40, 42, 43, 44, 45, 46, 47, 49, 50, 52, 53, 54, 55, 56, 57, 58, 59, 60, 61, 62, 63, 64, 65, 66, 67, 68, 69, 70, 71, 72, 73, 74, 75, 76, 77, 78, 79, 80, 82, 83, 84, 85, 86, 87, 88, 89, 90, 91, 92, 93, 95, 96, 97, 98, 99, 100, 101, 103, 105, 106, 107, 108, 109, 110, 111, 112, 113, 114, 115, 116, 117, 118, 119, 120, 121, 122, 123, 124, 126, 127, 129, 132, 133, 134, 135, 136, 137, 138, 139, 140, 141, 142, 143, 144, 145, 146, 147, 148]

--- Генерація вершинного покриття (зі списку суміжності) ---
Знайдене максимальне парування (M): {(93, 102), (7, 81), (25, 38), (9, 57), (59, 134), (34, 135), (51, 120), (49, 96), (20, 84), (50, 67), (6, 42), (125, 146), (17, 21), (26, 112), (126, 141), (129, 137), (13, 69), (15, 66), (86, 111), (77, 108), (41, 79), (33, 87), (88, 148), (12, 110), (65, 91), (56, 116), (140, 149), (54, 55), (8, 45), (62, 80), (16, 28), (40, 89), (68, 99), (61, 63), (95, 147), (83, 136), (10, 121), (19, 130), (92, 142), (18, 107), (5, 85), (44, 144), (2, 74), (71, 73), (36, 115), (1, 145), (37, 53), (58, 118), (22, 70), (0, 43), (39, 138), (94, 123), (100, 139), (72, 98), (127, 132), (14, 32), (35, 119), (48, 122), (104, 124), (46, 64), (90, 128), (11, 30), (3, 105), (78, 114), (52, 101)}
Згенероване вершинне покриття (C): [0, 1, 2, 3, 5, 6, 7, 8, 9, 10, 11, 12, 13, 14, 15, 16, 17, 18, 19, 20, 21, 22, 25, 26, 28, 30, 32, 33, 34, 35, 36, 37, 38, 39, 40, 41, 42, 43, 44, 45, 46, 48, 49, 50, 51, 52, 53, 54, 55, 56, 57, 58, 59, 61, 62, 63, 64, 65, 66, 67, 68, 69, 70, 71, 72, 73, 74, 77, 78, 79, 80, 81, 83, 84, 85, 86, 87, 88, 89, 90, 91, 92, 93, 94, 95, 96, 98, 99, 100, 101, 102, 104, 105, 107, 108, 110, 111, 112, 114, 115, 116, 118, 119, 120, 121, 122, 123, 124, 125, 126, 127, 128, 129, 130, 132, 134, 135, 136, 137, 138, 139, 140, 141, 142, 144, 145, 146, 147, 148, 149]

--- Генерація вершинного покриття (зі списку суміжності) ---
Знайдене максимальне парування (M): {(103, 143), (2, 88), (101, 149), (33, 42), (107, 110), (35, 36), (43, 49), (21, 77), (50, 58), (142, 144), (87, 147), (28, 82), (23, 31), (95, 108), (15, 118), (10, 137), (38, 126), (46, 139), (19, 91), (70, 109), (1, 140), (3, 55), (63, 76), (66, 93), (34, 122), (71, 86), (64, 141), (22, 135), (53, 83), (32, 54), (99, 117), (57, 105), (12, 30), (18, 104), (52, 130), (25, 125), (48, 56), (8, 72), (26, 59), (79, 129), (11, 85), (17, 90), (94, 145), (5, 39), (37, 102), (7, 75), (80, 100), (65, 81), (106, 131), (68, 89), (20, 67), (116, 120), (47, 124), (9, 61), (41, 123), (98, 114), (127, 138), (27, 78), (16, 112), (51, 69), (44, 134), (14, 84), (24, 73), (40, 121), (13, 146), (115, 133), (92, 113)}
Згенероване вершинне покриття (C): [1, 2, 3, 5, 7, 8, 9, 10, 11, 12, 13, 14, 15, 16, 17, 18, 19, 20, 21, 22, 23, 24, 25, 26, 27, 28, 30, 31, 32, 33, 34, 35, 36, 37, 38, 39, 40, 41, 42, 43, 44, 46, 47, 48, 49, 50, 51, 52, 53, 54, 55, 56, 57, 58, 59, 61, 63, 64, 65, 66, 67, 68, 69, 70, 71, 72, 73, 75, 76, 77, 78, 79, 80, 81, 82, 83, 84, 85, 86, 87, 88, 89, 90, 91, 92, 93, 94, 95, 98, 99, 100, 101, 102, 103, 104, 105, 106, 107, 108, 109, 110, 112, 113, 114, 115, 116, 117, 118, 120, 121, 122, 123, 124, 125, 126, 127, 129, 130, 131, 133, 134, 135, 137, 138, 139, 140, 141, 142, 143, 144, 145, 146, 147, 149]

--- Генерація вершинного покриття (зі списку суміжності) ---
Знайдене максимальне парування (M): {(7, 133), (4, 55), (104, 148), (37, 119), (98, 101), (23, 71), (10, 49), (96, 113), (13, 106), (6, 36), (22, 26), (19, 70), (12, 92), (14, 89), (58, 138), (81, 115), (51, 77), (17, 143), (15, 63), (46, 130), (16, 69), (21, 110), (0, 142), (31, 53), (29, 68), (76, 86), (30, 100), (11, 38), (84, 141), (65, 97), (64, 74), (2, 102), (48, 93), (39, 90), (1, 109), (34, 146), (135, 137), (45, 149), (66, 123), (60, 79), (78, 88), (44, 117), (56, 91), (80, 94), (25, 73), (52, 145), (122, 136), (5, 42), (8, 99), (20, 134), (61, 111), (41, 47), (28, 114), (62, 140), (33, 43), (59, 132), (108, 116), (54, 87), (105, 126), (118, 129), (24, 125), (40, 112), (18, 121), (9, 27), (107, 147), (3, 50)}
Згенероване вершинне покриття (C): [0, 1, 2, 3, 4, 5, 6, 7, 8, 9, 10, 11, 12, 13, 14, 15, 16, 17, 18, 19, 20, 21, 22, 23, 24, 25, 26, 27, 28, 29, 30, 31, 33, 34, 36, 37, 38, 39, 40, 41, 42, 43, 44, 45, 46, 47, 48, 49, 50, 51, 52, 53, 54, 55, 56, 58, 59, 60, 61, 62, 63, 64, 65, 66, 68, 69, 70, 71, 73, 74, 76, 77, 78, 79, 80, 81, 84, 86, 87, 88, 89, 90, 91, 92, 93, 94, 96, 97, 98, 99, 100, 101, 102, 104, 105, 106, 107, 108, 109, 110, 111, 112, 113, 114, 115, 116, 117, 118, 119, 121, 122, 123, 125, 126, 129, 130, 132, 133, 134, 135, 136, 137, 138, 140, 141, 142, 143, 145, 146, 147, 148, 149]

--- Генерація вершинного покриття (зі списку суміжності) ---
Знайдене максимальне парування (M): {(64, 66), (3, 120), (16, 20), (0, 94), (15, 149), (33, 106), (18, 90), (51, 129), (37, 140), (108, 124), (87, 95), (44, 121), (103, 115), (74, 131), (27, 28), (56, 105), (35, 136), (12, 55), (101, 142), (36, 46), (13, 145), (77, 126), (21, 137), (17, 57), (61, 118), (53, 141), (31, 89), (54, 143), (7, 113), (117, 119), (71, 125), (76, 139), (62, 116), (4, 47), (130, 147), (104, 128), (23, 112), (39, 123), (73, 134), (5, 109), (49, 85), (14, 63), (98, 99), (26, 86), (40, 79), (58, 111), (88, 110), (11, 107), (30, 59), (41, 65), (93, 133), (22, 24), (60, 69), (80, 148), (10, 68), (8, 19), (75, 82), (32, 135), (83, 92), (72, 122), (25, 78), (29, 127), (45, 50), (2, 146), (42, 97), (100, 114)}
Згенероване вершинне покриття (C): [0, 2, 3, 4, 5, 7, 8, 10, 11, 12, 13, 14, 15, 16, 17, 18, 19, 20, 21, 22, 23, 24, 25, 26, 27, 28, 29, 30, 31, 32, 33, 35, 36, 37, 39, 40, 41, 42, 44, 45, 46, 47, 49, 50, 51, 53, 54, 55, 56, 57, 58, 59, 60, 61, 62, 63, 64, 65, 66, 68, 69, 71, 72, 73, 74, 75, 76, 77, 78, 79, 80, 82, 83, 85, 86, 87, 88, 89, 90, 92, 93, 94, 95, 97, 98, 99, 100, 101, 103, 104, 105, 106, 107, 108, 109, 110, 111, 112, 113, 114, 115, 116, 117, 118, 119, 120, 121, 122, 123, 124, 125, 126, 127, 128, 129, 130, 131, 133, 134, 135, 136, 137, 139, 140, 141, 142, 143, 145, 146, 147, 148, 149]

--- Генерація вершинного покриття (зі списку суміжності) ---
Знайдене максимальне парування (M): {(88, 94), (5, 105), (11, 36), (73, 133), (87, 126), (104, 142), (30, 107), (50, 116), (27, 114), (26, 91), (43, 49), (10, 61), (58, 74), (0, 66), (3, 89), (127, 140), (33, 78), (14, 40), (90, 130), (24, 72), (56, 113), (79, 139), (18, 65), (35, 81), (17, 45), (21, 64), (76, 97), (111, 131), (29, 77), (80, 119), (101, 143), (41, 48), (106, 147), (60, 125), (16, 37), (12, 149), (39, 47), (9, 138), (46, 129), (42, 83), (6, 53), (32, 84), (20, 110), (98, 145), (23, 54), (92, 108), (44, 144), (102, 109), (13, 86), (82, 146), (57, 95), (62, 85), (25, 100), (134, 135), (69, 136), (8, 117), (55, 137), (51, 121), (52, 132), (59, 141), (112, 122), (38, 118), (67, 93), (4, 31), (1, 71), (7, 124), (19, 34)}
Згенероване вершинне покриття (C): [0, 1, 3, 4, 5, 6, 7, 8, 9, 10, 11, 12, 13, 14, 16, 17, 18, 19, 20, 21, 23, 24, 25, 26, 27, 29, 30, 31, 32, 33, 34, 35, 36, 37, 38, 39, 40, 41, 42, 43, 44, 45, 46, 47, 48, 49, 50, 51, 52, 53, 54, 55, 56, 57, 58, 59, 60, 61, 62, 64, 65, 66, 67, 69, 71, 72, 73, 74, 76, 77, 78, 79, 80, 81, 82, 83, 84, 85, 86, 87, 88, 89, 90, 91, 92, 93, 94, 95, 97, 98, 100, 101, 102, 104, 105, 106, 107, 108, 109, 110, 111, 112, 113, 114, 116, 117, 118, 119, 121, 122, 124, 125, 126, 127, 129, 130, 131, 132, 133, 134, 135, 136, 137, 138, 139, 140, 141, 142, 143, 144, 145, 146, 147, 149]

--- Генерація вершинного покриття (зі списку суміжності) ---
Знайдене максимальне парування (M): {(6, 12), (10, 101), (16, 26), (79, 149), (5, 120), (32, 110), (77, 81), (57, 106), (118, 122), (34, 144), (24, 109), (61, 73), (2, 112), (3, 19), (56, 83), (40, 111), (9, 136), (96, 143), (70, 91), (85, 140), (80, 104), (86, 114), (4, 103), (33, 102), (59, 127), (53, 141), (0, 108), (7, 89), (31, 147), (55, 60), (17, 63), (15, 38), (72, 99), (8, 11), (21, 36), (135, 137), (58, 146), (30, 121), (69, 82), (43, 130), (35, 68), (107, 139), (62, 113), (51, 76), (28, 93), (42, 92), (49, 67), (20, 119), (48, 138), (22, 131), (25, 45), (1, 41), (84, 88), (50, 132), (100, 142), (64, 94), (47, 145), (27, 87), (123, 125), (14, 44), (78, 105), (29, 66), (54, 117), (71, 133), (74, 95)}
Згенероване вершинне покриття (C): [0, 1, 2, 3, 4, 5, 6, 7, 8, 9, 10, 11, 12, 14, 15, 16, 17, 19, 20, 21, 22, 24, 25, 26, 27, 28, 29, 30, 31, 32, 33, 34, 35, 36, 38, 40, 41, 42, 43, 44, 45, 47, 48, 49, 50, 51, 53, 54, 55, 56, 57, 58, 59, 60, 61, 62, 63, 64, 66, 67, 68, 69, 70, 71, 72, 73, 74, 76, 77, 78, 79, 80, 81, 82, 83, 84, 85, 86, 87, 88, 89, 91, 92, 93, 94, 95, 96, 99, 100, 101, 102, 103, 104, 105, 106, 107, 108, 109, 110, 111, 112, 113, 114, 117, 118, 119, 120, 121, 122, 123, 125, 127, 130, 131, 132, 133, 135, 136, 137, 138, 139, 140, 141, 142, 143, 144, 145, 146, 147, 149]

--- Генерація вершинного покриття (зі списку суміжності) ---
Знайдене максимальне парування (M): {(55, 57), (92, 122), (46, 91), (108, 109), (59, 64), (81, 88), (19, 116), (28, 125), (43, 110), (53, 142), (63, 89), (105, 131), (25, 111), (18, 102), (24, 118), (41, 73), (66, 130), (67, 101), (112, 136), (17, 97), (6, 127), (14, 104), (31, 123), (113, 138), (77, 114), (30, 100), (82, 144), (15, 35), (11, 44), (51, 52), (26, 93), (61, 84), (103, 117), (36, 94), (107, 145), (49, 58), (0, 83), (10, 148), (79, 141), (40, 70), (95, 128), (69, 115), (7, 137), (71, 140), (1, 90), (62, 121), (37, 56), (12, 60), (54, 139), (20, 146), (124, 133), (22, 27), (3, 72), (5, 8), (29, 106), (32, 129), (76, 126), (21, 50), (34, 47), (132, 143), (74, 147), (13, 85), (78, 120)}
Згенероване вершинне покриття (C): [0, 1, 3, 5, 6, 7, 8, 10, 11, 12, 13, 14, 15, 17, 18, 19, 20, 21, 22, 24, 25, 26, 27, 28, 29, 30, 31, 32, 34, 35, 36, 37, 40, 41, 43, 44, 46, 47, 49, 50, 51, 52, 53, 54, 55, 56, 57, 58, 59, 60, 61, 62, 63, 64, 66, 67, 69, 70, 71, 72, 73, 74, 76, 77, 78, 79, 81, 82, 83, 84, 85, 88, 89, 90, 91, 92, 93, 94, 95, 97, 100, 101, 102, 103, 104, 105, 106, 107, 108, 109, 110, 111, 112, 113, 114, 115, 116, 117, 118, 120, 121, 122, 123, 124, 125, 126, 127, 128, 129, 130, 131, 132, 133, 136, 137, 138, 139, 140, 141, 142, 143, 144, 145, 146, 147, 148]

--- Генерація вершинного покриття (зі списку суміжності) ---
Знайдене максимальне парування (M): {(24, 143), (123, 146), (79, 149), (1, 31), (17, 55), (26, 27), (9, 106), (96, 122), (5, 13), (67, 83), (23, 141), (113, 114), (116, 137), (65, 119), (3, 86), (108, 133), (30, 76), (45, 95), (2, 130), (35, 127), (131, 140), (73, 120), (25, 71), (15, 124), (14, 43), (74, 94), (50, 100), (46, 81), (72, 75), (40, 135), (41, 54), (6, 90), (52, 57), (125, 136), (38, 104), (20, 92), (21, 39), (36, 88), (0, 147), (98, 148), (42, 101), (22, 61), (80, 115), (37, 53), (48, 144), (58, 112), (7, 134), (59, 117), (97, 128), (19, 102), (18, 82), (12, 78), (4, 16), (11, 110), (70, 77), (93, 121), (68, 107), (105, 132), (49, 103), (85, 126), (33, 64), (28, 138), (51, 142), (91, 99), (34, 111), (62, 66)}
Згенероване вершинне покриття (C): [0, 1, 2, 3, 4, 5, 6, 7, 9, 11, 12, 13, 14, 15, 16, 17, 18, 19, 20, 21, 22, 23, 24, 25, 26, 27, 28, 30, 31, 33, 34, 35, 36, 37, 38, 39, 40, 41, 42, 43, 45, 46, 48, 49, 50, 51, 52, 53, 54, 55, 57, 58, 59, 61, 62, 64, 65, 66, 67, 68, 70, 71, 72, 73, 74, 75, 76, 77, 78, 79, 80, 81, 82, 83, 85, 86, 88, 90, 91, 92, 93, 94, 95, 96, 97, 98, 99, 100, 101, 102, 103, 104, 105, 106, 107, 108, 110, 111, 112, 113, 114, 115, 116, 117, 119, 120, 121, 122, 123, 124, 125, 126, 127, 128, 130, 131, 132, 133, 134, 135, 136, 137, 138, 140, 141, 142, 143, 144, 146, 147, 148, 149]

--- Генерація вершинного покриття (зі списку суміжності) ---
Знайдене максимальне парування (M): {(22, 121), (35, 91), (93, 117), (23, 74), (56, 141), (77, 81), (52, 61), (55, 84), (5, 132), (125, 137), (19, 67), (104, 105), (34, 92), (6, 51), (42, 139), (38, 114), (9, 133), (39, 115), (3, 28), (12, 43), (62, 120), (138, 149), (66, 136), (26, 127), (78, 107), (47, 110), (75, 148), (16, 65), (20, 123), (113, 144), (15, 17), (111, 122), (57, 142), (30, 106), (76, 97), (49, 147), (44, 108), (1, 36), (32, 54), (60, 70), (45, 146), (89, 140), (69, 79), (48, 53), (87, 103), (10, 72), (116, 145), (31, 58), (59, 96), (29, 119), (18, 134), (25, 85), (14, 109), (40, 128), (27, 100), (7, 82), (80, 124), (4, 129), (24, 46), (63, 102), (83, 135), (2, 64), (71, 118), (90, 131), (11, 21), (101, 143), (41, 95)}
Згенероване вершинне покриття (C): [1, 2, 3, 4, 5, 6, 7, 9, 10, 11, 12, 14, 15, 16, 17, 18, 19, 20, 21, 22, 23, 24, 25, 26, 27, 28, 29, 30, 31, 32, 34, 35, 36, 38, 39, 40, 41, 42, 43, 44, 45, 46, 47, 48, 49, 51, 52, 53, 54, 55, 56, 57, 58, 59, 60, 61, 62, 63, 64, 65, 66, 67, 69, 70, 71, 72, 74, 75, 76, 77, 78, 79, 80, 81, 82, 83, 84, 85, 87, 89, 90, 91, 92, 93, 95, 96, 97, 100, 101, 102, 103, 104, 105, 106, 107, 108, 109, 110, 111, 113, 114, 115, 116, 117, 118, 119, 120, 121, 122, 123, 124, 125, 127, 128, 129, 131, 132, 133, 134, 135, 136, 137, 138, 139, 140, 141, 142, 143, 144, 145, 146, 147, 148, 149]

--- Генерація вершинного покриття (зі списку суміжності) ---
Знайдене максимальне парування (M): {(106, 148), (67, 80), (14, 135), (33, 118), (52, 119), (59, 82), (1, 58), (93, 132), (116, 134), (81, 109), (125, 146), (36, 89), (48, 115), (44, 69), (99, 136), (35, 124), (20, 60), (27, 147), (24, 75), (28, 140), (50, 94), (30, 137), (29, 62), (123, 145), (15, 139), (6, 130), (68, 85), (54, 122), (71, 138), (43, 103), (18, 144), (45, 128), (87, 131), (10, 42), (120, 143), (23, 73), (17, 127), (74, 112), (2, 111), (9, 65), (7, 104), (63, 100), (31, 40), (0, 126), (61, 84), (49, 110), (41, 142), (97, 107), (57, 83), (32, 96), (22, 70), (39, 86), (11, 37), (77, 79), (26, 101), (25, 51), (8, 34), (5, 72), (13, 55), (76, 129), (19, 141), (46, 64), (3, 38), (47, 102), (12, 56), (16, 133), (78, 114), (121, 149)}
Згенероване вершинне покриття (C): [0, 1, 2, 3, 5, 6, 7, 8, 9, 10, 11, 12, 13, 14, 15, 16, 17, 18, 19, 20, 22, 23, 24, 25, 26, 27, 28, 29, 30, 31, 32, 33, 34, 35, 36, 37, 38, 39, 40, 41, 42, 43, 44, 45, 46, 47, 48, 49, 50, 51, 52, 54, 55, 56, 57, 58, 59, 60, 61, 62, 63, 64, 65, 67, 68, 69, 70, 71, 72, 73, 74, 75, 76, 77, 78, 79, 80, 81, 82, 83, 84, 85, 86, 87, 89, 93, 94, 96, 97, 99, 100, 101, 102, 103, 104, 106, 107, 109, 110, 111, 112, 114, 115, 116, 118, 119, 120, 121, 122, 123, 124, 125, 126, 127, 128, 129, 130, 131, 132, 133, 134, 135, 136, 137, 138, 139, 140, 141, 142, 143, 144, 145, 146, 147, 148, 149]

--- Генерація вершинного покриття (зі списку суміжності) ---
Знайдене максимальне парування (M): {(54, 65), (69, 114), (33, 45), (80, 129), (77, 139), (67, 138), (19, 64), (6, 42), (10, 119), (30, 134), (91, 141), (3, 28), (17, 76), (13, 121), (8, 82), (79, 127), (44, 133), (18, 120), (74, 140), (58, 92), (9, 90), (2, 72), (73, 123), (71, 132), (51, 98), (83, 100), (85, 103), (68, 145), (113, 147), (49, 144), (15, 81), (1, 143), (11, 41), (66, 102), (59, 60), (7, 89), (124, 128), (34, 146), (87, 88), (43, 63), (20, 101), (52, 78), (0, 135), (70, 148), (39, 56), (107, 142), (55, 110), (26, 126), (27, 97), (37, 50), (47, 115), (105, 108), (117, 137), (12, 75), (32, 111), (35, 46), (29, 36), (99, 122), (5, 14), (16, 48), (21, 38), (22, 94), (106, 112), (84, 109), (23, 96), (40, 57), (4, 104), (25, 136), (62, 130)}
Згенероване вершинне покриття (C): [0, 1, 2, 3, 4, 5, 6, 7, 8, 9, 10, 11, 12, 13, 14, 15, 16, 17, 18, 19, 20, 21, 22, 23, 25, 26, 27, 28, 29, 30, 32, 33, 34, 35, 36, 37, 38, 39, 40, 41, 42, 43, 44, 45, 46, 47, 48, 49, 50, 51, 52, 54, 55, 56, 57, 58, 59, 60, 62, 63, 64, 65, 66, 67, 68, 69, 70, 71, 72, 73, 74, 75, 76, 77, 78, 79, 80, 81, 82, 83, 84, 85, 87, 88, 89, 90, 91, 92, 94, 96, 97, 98, 99, 100, 101, 102, 103, 104, 105, 106, 107, 108, 109, 110, 111, 112, 113, 114, 115, 117, 119, 120, 121, 122, 123, 124, 126, 127, 128, 129, 130, 132, 133, 134, 135, 136, 137, 138, 139, 140, 141, 142, 143, 144, 145, 146, 147, 148]

--- Генерація вершинного покриття (зі списку суміжності) ---
Знайдене максимальне парування (M): {(65, 92), (84, 136), (88, 94), (7, 23), (17, 116), (111, 138), (1, 113), (8, 122), (124, 141), (9, 14), (75, 133), (20, 41), (78, 101), (21, 107), (45, 98), (103, 118), (104, 123), (34, 49), (31, 105), (59, 115), (64, 68), (42, 102), (46, 90), (38, 147), (26, 29), (5, 6), (37, 69), (50, 121), (142, 146), (44, 120), (15, 108), (56, 79), (27, 76), (83, 148), (0, 19), (43, 139), (51, 91), (71, 134), (114, 132), (16, 137), (73, 128), (54, 127), (11, 89), (13, 77), (82, 140), (3, 57), (74, 99), (106, 143), (39, 86), (72, 135), (40, 85), (28, 62), (36, 130), (52, 53), (4, 80), (95, 97), (110, 149), (93, 145), (22, 33), (66, 67), (24, 70), (25, 63), (48, 55), (47, 96), (10, 126), (81, 131), (32, 144)}
Згенероване вершинне покриття (C): [0, 1, 3, 4, 5, 6, 7, 8, 9, 10, 11, 13, 14, 15, 16, 17, 19, 20, 21, 22, 23, 24, 25, 26, 27, 28, 29, 31, 32, 33, 34, 36, 37, 38, 39, 40, 41, 42, 43, 44, 45, 46, 47, 48, 49, 50, 51, 52, 53, 54, 55, 56, 57, 59, 62, 63, 64, 65, 66, 67, 68, 69, 70, 71, 72, 73, 74, 75, 76, 77, 78, 79, 80, 81, 82, 83, 84, 85, 86, 88, 89, 90, 91, 92, 93, 94, 95, 96, 97, 98, 99, 101, 102, 103, 104, 105, 106, 107, 108, 110, 111, 113, 114, 115, 116, 118, 120, 121, 122, 123, 124, 126, 127, 128, 130, 131, 132, 133, 134, 135, 136, 137, 138, 139, 140, 141, 142, 143, 144, 145, 146, 147, 148, 149]

--- Генерація вершинного покриття (зі списку суміжності) ---
Знайдене максимальне парування (M): {(69, 117), (10, 34), (64, 136), (8, 49), (30, 107), (120, 144), (7, 32), (80, 135), (0, 63), (116, 140), (52, 79), (123, 130), (131, 143), (61, 103), (45, 58), (21, 125), (28, 100), (92, 106), (56, 119), (81, 142), (66, 99), (65, 97), (15, 84), (48, 90), (1, 42), (72, 87), (22, 74), (11, 108), (2, 50), (96, 127), (38, 46), (17, 78), (112, 126), (14, 27), (41, 145), (12, 54), (114, 132), (109, 121), (16, 24), (71, 85), (29, 82), (36, 57), (44, 104), (53, 137), (3, 5), (13, 40), (75, 110), (73, 88), (86, 91), (6, 101), (47, 148), (35, 55), (98, 129), (83, 138), (20, 51), (18, 118), (43, 77), (19, 89), (105, 147), (26, 67), (68, 76), (62, 124), (39, 134)}
Згенероване вершинне покриття (C): [0, 1, 2, 3, 5, 6, 7, 8, 10, 11, 12, 13, 14, 15, 16, 17, 18, 19, 20, 21, 22, 24, 26, 27, 28, 29, 30, 32, 34, 35, 36, 38, 39, 40, 41, 42, 43, 44, 45, 46, 47, 48, 49, 50, 51, 52, 53, 54, 55, 56, 57, 58, 61, 62, 63, 64, 65, 66, 67, 68, 69, 71, 72, 73, 74, 75, 76, 77, 78, 79, 80, 81, 82, 83, 84, 85, 86, 87, 88, 89, 90, 91, 92, 96, 97, 98, 99, 100, 101, 103, 104, 105, 106, 107, 108, 109, 110, 112, 114, 116, 117, 118, 119, 120, 121, 123, 124, 125, 126, 127, 129, 130, 131, 132, 134, 135, 136, 137, 138, 140, 142, 143, 144, 145, 147, 148]

--- Генерація вершинного покриття (зі списку суміжності) ---
Знайдене максимальне парування (M): {(64, 66), (63, 135), (55, 124), (39, 137), (7, 90), (1, 104), (21, 28), (78, 144), (18, 44), (77, 93), (33, 60), (73, 108), (69, 89), (38, 50), (11, 75), (3, 101), (10, 146), (121, 148), (2, 81), (0, 35), (15, 136), (9, 41), (45, 119), (57, 99), (56, 131), (4, 8), (23, 76), (30, 118), (103, 105), (22, 147), (86, 98), (100, 149), (46, 120), (40, 49), (59, 84), (12, 36), (95, 122), (97, 113), (31, 116), (123, 138), (80, 106), (114, 132), (32, 145), (47, 54), (20, 70), (72, 141), (128, 143), (29, 85), (62, 79), (125, 129), (107, 117), (88, 110), (52, 53), (111, 139), (14, 133), (25, 48), (34, 87), (42, 67), (19, 71), (43, 126), (82, 112), (17, 92), (5, 96), (115, 127), (16, 130), (91, 102), (13, 140)}
Згенероване вершинне покриття (C): [0, 1, 2, 3, 4, 5, 7, 8, 9, 10, 11, 12, 13, 14, 15, 16, 17, 18, 19, 20, 21, 22, 23, 25, 28, 29, 30, 31, 32, 33, 34, 35, 36, 38, 39, 40, 41, 42, 43, 44, 45, 46, 47, 48, 49, 50, 52, 53, 54, 55, 56, 57, 59, 60, 62, 63, 64, 66, 67, 69, 70, 71, 72, 73, 75, 76, 77, 78, 79, 80, 81, 82, 84, 85, 86, 87, 88, 89, 90, 91, 92, 93, 95, 96, 97, 98, 99, 100, 101, 102, 103, 104, 105, 106, 107, 108, 110, 111, 112, 113, 114, 115, 116, 117, 118, 119, 120, 121, 122, 123, 124, 125, 126, 127, 128, 129, 130, 131, 132, 133, 135, 136, 137, 138, 139, 140, 141, 143, 144, 145, 146, 147, 148, 149]

--- Генерація вершинного покриття (зі списку суміжності) ---
Знайдене максимальне парування (M): {(66, 91), (31, 69), (112, 149), (98, 101), (34, 132), (30, 52), (96, 107), (17, 119), (19, 113), (63, 141), (27, 62), (87, 89), (2, 109), (40, 84), (18, 35), (127, 128), (65, 122), (37, 146), (95, 102), (50, 140), (58, 147), (71, 120), (70, 94), (97, 108), (0, 72), (43, 76), (1, 137), (14, 46), (23, 55), (6, 130), (32, 33), (15, 139), (48, 142), (77, 123), (136, 148), (7, 83), (9, 59), (88, 111), (3, 79), (143, 144), (121, 126), (5, 24), (51, 82), (8, 20), (99, 135), (49, 134), (29, 64), (4, 53), (73, 131), (85, 117), (16, 39), (21, 90), (67, 81), (74, 129), (75, 125), (57, 116), (60, 133), (36, 145), (10, 13), (38, 118), (22, 42), (28, 86), (47, 93), (100, 105), (45, 114), (25, 26)}
Згенероване вершинне покриття (C): [0, 1, 2, 3, 4, 5, 6, 7, 8, 9, 10, 13, 14, 15, 16, 17, 18, 19, 20, 21, 22, 23, 24, 25, 26, 27, 28, 29, 30, 31, 32, 33, 34, 35, 36, 37, 38, 39, 40, 42, 43, 45, 46, 47, 48, 49, 50, 51, 52, 53, 55, 57, 58, 59, 60, 62, 63, 64, 65, 66, 67, 69, 70, 71, 72, 73, 74, 75, 76, 77, 79, 81, 82, 83, 84, 85, 86, 87, 88, 89, 90, 91, 93, 94, 95, 96, 97, 98, 99, 100, 101, 102, 105, 107, 108, 109, 111, 112, 113, 114, 116, 117, 118, 119, 120, 121, 122, 123, 125, 126, 127, 128, 129, 130, 131, 132, 133, 134, 135, 136, 137, 139, 140, 141, 142, 143, 144, 145, 146, 147, 148, 149]

--- Генерація вершинного покриття (зі списку суміжності) ---
Знайдене максимальне парування (M): {(105, 110), (21, 132), (31, 75), (114, 146), (15, 88), (42, 57), (26, 36), (134, 137), (56, 74), (17, 67), (85, 119), (78, 135), (8, 128), (5, 80), (61, 82), (12, 40), (11, 72), (38, 68), (4, 45), (121, 142), (30, 106), (7, 19), (46, 90), (111, 131), (20, 77), (13, 99), (54, 76), (91, 122), (86, 144), (0, 53), (23, 79), (81, 102), (25, 116), (84, 101), (3, 24), (48, 50), (55, 98), (9, 138), (39, 117), (6, 120), (60, 94), (43, 87), (2, 83), (10, 96), (37, 108), (47, 118), (49, 143), (59, 123), (66, 104), (32, 41), (109, 133), (29, 149), (93, 127), (62, 97), (124, 139), (33, 125), (89, 145), (71, 115), (44, 58), (27, 148), (65, 126), (18, 63), (113, 130), (28, 95), (129, 147), (1, 22)}
Згенероване вершинне покриття (C): [0, 1, 2, 3, 4, 5, 6, 7, 8, 9, 10, 11, 12, 13, 15, 17, 18, 19, 20, 21, 22, 23, 24, 25, 26, 27, 28, 29, 30, 31, 32, 33, 36, 37, 38, 39, 40, 41, 42, 43, 44, 45, 46, 47, 48, 49, 50, 53, 54, 55, 56, 57, 58, 59, 60, 61, 62, 63, 65, 66, 67, 68, 71, 72, 74, 75, 76, 77, 78, 79, 80, 81, 82, 83, 84, 85, 86, 87, 88, 89, 90, 91, 93, 94, 95, 96, 97, 98, 99, 101, 102, 104, 105, 106, 108, 109, 110, 111, 113, 114, 115, 116, 117, 118, 119, 120, 121, 122, 123, 124, 125, 126, 127, 128, 129, 130, 131, 132, 133, 134, 135, 137, 138, 139, 142, 143, 144, 145, 146, 147, 148, 149]

--- Генерація вершинного покриття (зі списку суміжності) ---
Знайдене максимальне парування (M): {(64, 66), (54, 65), (44, 97), (55, 121), (86, 136), (12, 71), (96, 107), (110, 130), (73, 145), (67, 135), (19, 61), (112, 115), (126, 147), (92, 94), (77, 99), (48, 60), (9, 102), (117, 138), (22, 62), (63, 146), (18, 83), (88, 108), (34, 137), (28, 69), (109, 149), (39, 105), (41, 133), (24, 123), (40, 58), (38, 125), (17, 29), (5, 27), (1, 8), (140, 148), (50, 93), (35, 129), (104, 119), (0, 25), (11, 31), (13, 89), (95, 134), (103, 141), (101, 144), (59, 120), (49, 143), (45, 124), (16, 82), (20, 131), (52, 56), (10, 111), (14, 75), (2, 46), (3, 142), (79, 116), (33, 122), (78, 90), (47, 87), (30, 80), (76, 132), (42, 85), (37, 43), (113, 139), (106, 127)}
Згенероване вершинне покриття (C): [0, 1, 2, 3, 5, 8, 9, 10, 11, 12, 13, 14, 16, 17, 18, 19, 20, 22, 24, 25, 27, 28, 29, 30, 31, 33, 34, 35, 37, 38, 39, 40, 41, 42, 43, 44, 45, 46, 47, 48, 49, 50, 52, 54, 55, 56, 58, 59, 60, 61, 62, 63, 64, 65, 66, 67, 69, 71, 73, 75, 76, 77, 78, 79, 80, 82, 83, 85, 86, 87, 88, 89, 90, 92, 93, 94, 95, 96, 97, 99, 101, 102, 103, 104, 105, 106, 107, 108, 109, 110, 111, 112, 113, 115, 116, 117, 119, 120, 121, 122, 123, 124, 125, 126, 127, 129, 130, 131, 132, 133, 134, 135, 136, 137, 138, 139, 140, 141, 142, 143, 144, 145, 146, 147, 148, 149]

--- Генерація вершинного покриття (зі списку суміжності) ---
Знайдене максимальне парування (M): {(37, 116), (27, 56), (21, 74), (124, 126), (78, 80), (40, 93), (89, 144), (43, 55), (29, 99), (69, 138), (134, 149), (20, 38), (46, 57), (32, 70), (26, 48), (5, 22), (109, 110), (77, 102), (65, 143), (66, 87), (16, 135), (62, 129), (41, 91), (13, 81), (1, 94), (33, 44), (9, 50), (8, 63), (53, 86), (18, 98), (51, 64), (79, 120), (73, 107), (49, 61), (45, 97), (112, 140), (6, 111), (17, 145), (11, 83), (30, 96), (47, 115), (7, 137), (34, 75), (85, 117), (23, 139), (133, 136), (58, 72), (88, 104), (28, 132), (52, 68), (90, 113), (36, 142), (4, 25), (2, 3), (60, 148), (101, 131), (121, 128), (35, 67), (108, 146), (24, 76), (19, 31), (122, 147), (15, 82)}
Згенероване вершинне покриття (C): [1, 2, 3, 4, 5, 6, 7, 8, 9, 11, 13, 15, 16, 17, 18, 19, 20, 21, 22, 23, 24, 25, 26, 27, 28, 29, 30, 31, 32, 33, 34, 35, 36, 37, 38, 40, 41, 43, 44, 45, 46, 47, 48, 49, 50, 51, 52, 53, 55, 56, 57, 58, 60, 61, 62, 63, 64, 65, 66, 67, 68, 69, 70, 72, 73, 74, 75, 76, 77, 78, 79, 80, 81, 82, 83, 85, 86, 87, 88, 89, 90, 91, 93, 94, 96, 97, 98, 99, 101, 102, 104, 107, 108, 109, 110, 111, 112, 113, 115, 116, 117, 120, 121, 122, 124, 126, 128, 129, 131, 132, 133, 134, 135, 136, 137, 138, 139, 140, 142, 143, 144, 145, 146, 147, 148, 149]

--- Генерація вершинного покриття (зі списку суміжності) ---
Знайдене максимальне парування (M): {(11, 42), (0, 94), (40, 96), (60, 126), (14, 144), (59, 146), (63, 104), (55, 145), (97, 99), (50, 140), (87, 101), (34, 98), (13, 69), (23, 113), (132, 148), (25, 28), (83, 106), (10, 33), (26, 136), (54, 67), (6, 78), (105, 109), (128, 141), (9, 47), (64, 135), (20, 57), (22, 71), (29, 92), (7, 37), (88, 117), (21, 123), (16, 52), (4, 139), (129, 130), (61, 81), (91, 149), (80, 103), (8, 90), (30, 93), (114, 138), (75, 95), (84, 134), (68, 147), (56, 127), (36, 112), (102, 118), (19, 41), (27, 48), (62, 85), (100, 133), (76, 111), (2, 116), (44, 125), (121, 122), (24, 119), (65, 77), (66, 137), (39, 58), (51, 142), (49, 124), (1, 74), (5, 38), (15, 131), (70, 107), (46, 79)}
Згенероване вершинне покриття (C): [0, 1, 2, 4, 5, 6, 7, 8, 9, 10, 11, 13, 14, 15, 16, 19, 20, 21, 22, 23, 24, 25, 26, 27, 28, 29, 30, 33, 34, 36, 37, 38, 39, 40, 41, 42, 44, 46, 47, 48, 49, 50, 51, 52, 54, 55, 56, 57, 58, 59, 60, 61, 62, 63, 64, 65, 66, 67, 68, 69, 70, 71, 74, 75, 76, 77, 78, 79, 80, 81, 83, 84, 85, 87, 88, 90, 91, 92, 93, 94, 95, 96, 97, 98, 99, 100, 101, 102, 103, 104, 105, 106, 107, 109, 111, 112, 113, 114, 116, 117, 118, 119, 121, 122, 123, 124, 125, 126, 127, 128, 129, 130, 131, 132, 133, 134, 135, 136, 137, 138, 139, 140, 141, 142, 144, 145, 146, 147, 148, 149]

--- Генерація вершинного покриття (зі списку суміжності) ---
Знайдене максимальне парування (M): {(1, 28), (4, 113), (29, 81), (27, 114), (101, 103), (55, 133), (62, 90), (9, 60), (44, 57), (105, 128), (72, 97), (56, 89), (5, 141), (80, 144), (6, 45), (11, 66), (63, 116), (14, 104), (19, 94), (23, 46), (95, 129), (38, 135), (43, 138), (84, 126), (2, 142), (0, 32), (54, 73), (41, 109), (78, 134), (48, 96), (75, 117), (13, 111), (107, 121), (58, 143), (33, 123), (40, 49), (85, 148), (10, 136), (51, 91), (69, 100), (12, 112), (122, 139), (53, 125), (35, 147), (21, 130), (37, 59), (30, 108), (26, 92), (47, 127), (31, 79), (70, 71), (22, 82), (52, 120), (7, 36), (17, 74), (99, 119), (61, 83), (115, 118), (86, 106), (88, 140), (132, 137), (3, 102), (15, 67), (18, 124), (50, 98)}
Згенероване вершинне покриття (C): [0, 1, 2, 3, 4, 5, 6, 7, 9, 10, 11, 12, 13, 14, 15, 17, 18, 19, 21, 22, 23, 26, 27, 28, 29, 30, 31, 32, 33, 35, 36, 37, 38, 40, 41, 43, 44, 45, 46, 47, 48, 49, 50, 51, 52, 53, 54, 55, 56, 57, 58, 59, 60, 61, 62, 63, 66, 67, 69, 70, 71, 72, 73, 74, 75, 78, 79, 80, 81, 82, 83, 84, 85, 86, 88, 89, 90, 91, 92, 94, 95, 96, 97, 98, 99, 100, 101, 102, 103, 104, 105, 106, 107, 108, 109, 111, 112, 113, 114, 115, 116, 117, 118, 119, 120, 121, 122, 123, 124, 125, 126, 127, 128, 129, 130, 132, 133, 134, 135, 136, 137, 138, 139, 140, 141, 142, 143, 144, 147, 148]

--- Генерація вершинного покриття (зі списку суміжності) ---
Знайдене максимальне парування (M): {(96, 101), (61, 107), (23, 65), (35, 97), (18, 84), (49, 93), (118, 122), (12, 83), (50, 128), (11, 115), (59, 140), (7, 41), (5, 80), (14, 92), (73, 120), (74, 85), (55, 108), (2, 139), (38, 129), (112, 145), (3, 102), (104, 135), (79, 81), (39, 136), (15, 87), (24, 148), (25, 89), (4, 124), (42, 56), (47, 70), (21, 82), (32, 54), (143, 147), (8, 66), (64, 98), (19, 130), (17, 78), (68, 137), (62, 110), (103, 111), (10, 72), (36, 91), (31, 113), (63, 121), (48, 126), (69, 100), (29, 67), (13, 86), (27, 109), (88, 95), (114, 144), (116, 117), (6, 22), (37, 132), (45, 133), (52, 53), (9, 58), (20, 94), (71, 106), (44, 125), (57, 119), (30, 141), (1, 123), (43, 138), (28, 34), (99, 146), (60, 105), (40, 75)}
Згенероване вершинне покриття (C): [1, 2, 3, 4, 5, 6, 7, 8, 9, 10, 11, 12, 13, 14, 15, 17, 18, 19, 20, 21, 22, 23, 24, 25, 27, 28, 29, 30, 31, 32, 34, 35, 36, 37, 38, 39, 40, 41, 42, 43, 44, 45, 47, 48, 49, 50, 52, 53, 54, 55, 56, 57, 58, 59, 60, 61, 62, 63, 64, 65, 66, 67, 68, 69, 70, 71, 72, 73, 74, 75, 78, 79, 80, 81, 82, 83, 84, 85, 86, 87, 88, 89, 91, 92, 93, 94, 95, 96, 97, 98, 99, 100, 101, 102, 103, 104, 105, 106, 107, 108, 109, 110, 111, 112, 113, 114, 115, 116, 117, 118, 119, 120, 121, 122, 123, 124, 125, 126, 128, 129, 130, 132, 133, 135, 136, 137, 138, 139, 140, 141, 143, 144, 145, 146, 147, 148]

--- Генерація вершинного покриття (зі списку суміжності) ---
Знайдене максимальне парування (M): {(73, 75), (81, 140), (95, 139), (9, 109), (68, 94), (13, 91), (84, 142), (69, 129), (54, 138), (35, 39), (77, 78), (70, 82), (53, 124), (33, 60), (47, 83), (49, 114), (10, 67), (17, 146), (115, 120), (126, 144), (87, 107), (31, 111), (61, 88), (36, 55), (18, 19), (21, 134), (98, 106), (100, 137), (20, 147), (59, 72), (30, 66), (101, 117), (56, 143), (6, 44), (25, 113), (118, 130), (1, 121), (46, 62), (34, 42), (43, 133), (28, 29), (57, 71), (23, 48), (15, 16), (65, 90), (3, 112), (8, 96), (52, 102), (14, 63), (76, 105), (0, 37), (40, 85), (80, 127), (7, 27), (125, 132), (11, 116), (45, 148), (12, 26), (86, 149), (2, 110), (4, 141), (97, 103), (41, 135), (99, 128), (24, 64), (108, 131), (58, 93), (50, 92), (32, 89)}
Згенероване вершинне покриття (C): [0, 1, 2, 3, 4, 6, 7, 8, 9, 10, 11, 12, 13, 14, 15, 16, 17, 18, 19, 20, 21, 23, 24, 25, 26, 27, 28, 29, 30, 31, 32, 33, 34, 35, 36, 37, 39, 40, 41, 42, 43, 44, 45, 46, 47, 48, 49, 50, 52, 53, 54, 55, 56, 57, 58, 59, 60, 61, 62, 63, 64, 65, 66, 67, 68, 69, 70, 71, 72, 73, 75, 76, 77, 78, 80, 81, 82, 83, 84, 85, 86, 87, 88, 89, 90, 91, 92, 93, 94, 95, 96, 97, 98, 99, 100, 101, 102, 103, 105, 106, 107, 108, 109, 110, 111, 112, 113, 114, 115, 116, 117, 118, 120, 121, 124, 125, 126, 127, 128, 129, 130, 131, 132, 133, 134, 135, 137, 138, 139, 140, 141, 142, 143, 144, 146, 147, 148, 149]

--- Генерація вершинного покриття (зі списку суміжності) ---
Знайдене максимальне парування (M): {(88, 94), (52, 98), (2, 33), (25, 38), (47, 62), (29, 90), (14, 77), (1, 110), (10, 113), (12, 22), (74, 125), (130, 139), (37, 91), (76, 144), (3, 104), (26, 69), (42, 148), (81, 136), (7, 129), (72, 75), (58, 119), (5, 61), (96, 109), (6, 32), (41, 118), (15, 99), (4, 11), (18, 34), (13, 111), (142, 149), (31, 86), (0, 53), (83, 124), (102, 140), (68, 120), (49, 116), (51, 82), (123, 132), (46, 135), (89, 115), (24, 138), (44, 95), (43, 93), (64, 67), (106, 143), (56, 121), (20, 131), (36, 60), (55, 134), (9, 107), (45, 133), (54, 87), (27, 66), (8, 117), (17, 65), (39, 92), (16, 100), (73, 103), (23, 84), (112, 122), (108, 137), (71, 127), (21, 59), (28, 40), (63, 126), (35, 79), (101, 146)}
Згенероване вершинне покриття (C): [0, 1, 2, 3, 4, 5, 6, 7, 8, 9, 10, 11, 12, 13, 14, 15, 16, 17, 18, 20, 21, 22, 23, 24, 25, 26, 27, 28, 29, 31, 32, 33, 34, 35, 36, 37, 38, 39, 40, 41, 42, 43, 44, 45, 46, 47, 49, 51, 52, 53, 54, 55, 56, 58, 59, 60, 61, 62, 63, 64, 65, 66, 67, 68, 69, 71, 72, 73, 74, 75, 76, 77, 79, 81, 82, 83, 84, 86, 87, 88, 89, 90, 91, 92, 93, 94, 95, 96, 98, 99, 100, 101, 102, 103, 104, 106, 107, 108, 109, 110, 111, 112, 113, 115, 116, 117, 118, 119, 120, 121, 122, 123, 124, 125, 126, 127, 129, 130, 131, 132, 133, 134, 135, 136, 137, 138, 139, 140, 142, 143, 144, 146, 148, 149]

--- Генерація вершинного покриття (зі списку суміжності) ---
Знайдене максимальне парування (M): {(1, 92), (13, 91), (62, 145), (46, 100), (69, 126), (77, 139), (56, 80), (63, 95), (23, 74), (88, 118), (38, 96), (7, 102), (19, 67), (138, 143), (50, 79), (70, 149), (26, 60), (8, 24), (34, 104), (36, 40), (10, 146), (111, 122), (97, 132), (81, 93), (71, 86), (41, 48), (107, 109), (78, 128), (94, 127), (25, 101), (43, 115), (4, 17), (58, 137), (135, 140), (30, 66), (27, 76), (49, 52), (0, 16), (103, 120), (9, 22), (83, 90), (14, 42), (32, 142), (82, 134), (130, 147), (123, 141), (59, 105), (72, 129), (31, 64), (68, 144), (28, 53), (3, 11), (12, 133), (57, 98), (45, 136), (21, 29), (5, 75), (55, 85), (114, 119), (18, 51), (6, 61), (84, 124), (20, 112), (65, 89), (110, 121), (47, 117)}
Згенероване вершинне покриття (C): [0, 1, 3, 4, 5, 6, 7, 8, 9, 10, 11, 12, 13, 14, 16, 17, 18, 19, 20, 21, 22, 23, 24, 25, 26, 27, 28, 29, 30, 31, 32, 34, 36, 38, 40, 41, 42, 43, 45, 46, 47, 48, 49, 50, 51, 52, 53, 55, 56, 57, 58, 59, 60, 61, 62, 63, 64, 65, 66, 67, 68, 69, 70, 71, 72, 74, 75, 76, 77, 78, 79, 80, 81, 82, 83, 84, 85, 86, 88, 89, 90, 91, 92, 93, 94, 95, 96, 97, 98, 100, 101, 102, 103, 104, 105, 107, 109, 110, 111, 112, 114, 115, 117, 118, 119, 120, 121, 122, 123, 124, 126, 127, 128, 129, 130, 132, 133, 134, 135, 136, 137, 138, 139, 140, 141, 142, 143, 144, 145, 146, 147, 149]

--- Генерація вершинного покриття (зі списку суміжності) ---
Знайдене максимальне парування (M): {(80, 102), (68, 88), (120, 126), (87, 132), (33, 42), (31, 78), (79, 97), (50, 101), (53, 148), (52, 61), (4, 70), (8, 125), (46, 109), (43, 55), (27, 77), (85, 131), (44, 127), (74, 128), (45, 138), (23, 34), (20, 47), (69, 98), (35, 124), (0, 75), (9, 29), (16, 96), (121, 142), (84, 129), (15, 133), (28, 39), (25, 92), (71, 144), (11, 32), (30, 51), (54, 76), (37, 139), (7, 95), (94, 136), (21, 123), (103, 117), (1, 60), (19, 72), (2, 135), (17, 93), (65, 81), (66, 147), (49, 82), (12, 115), (38, 140), (13, 89), (3, 57), (48, 83), (14, 105), (113, 149), (36, 63), (22, 64), (90, 104), (40, 106), (62, 100), (112, 122), (41, 141), (5, 145), (114, 116), (24, 134), (91, 99), (26, 73), (18, 130)}
Згенероване вершинне покриття (C): [0, 1, 2, 3, 4, 5, 7, 8, 9, 11, 12, 13, 14, 15, 16, 17, 18, 19, 20, 21, 22, 23, 24, 25, 26, 27, 28, 29, 30, 31, 32, 33, 34, 35, 36, 37, 38, 39, 40, 41, 42, 43, 44, 45, 46, 47, 48, 49, 50, 51, 52, 53, 54, 55, 57, 60, 61, 62, 63, 64, 65, 66, 68, 69, 70, 71, 72, 73, 74, 75, 76, 77, 78, 79, 80, 81, 82, 83, 84, 85, 87, 88, 89, 90, 91, 92, 93, 94, 95, 96, 97, 98, 99, 100, 101, 102, 103, 104, 105, 106, 109, 112, 113, 114, 115, 116, 117, 120, 121, 122, 123, 124, 125, 126, 127, 128, 129, 130, 131, 132, 133, 134, 135, 136, 138, 139, 140, 141, 142, 144, 145, 147, 148, 149]

--- Генерація вершинного покриття (зі списку суміжності) ---
Знайдене максимальне парування (M): {(5, 105), (69, 120), (128, 139), (95, 142), (36, 77), (27, 68), (49, 102), (125, 134), (51, 62), (26, 115), (40, 111), (17, 18), (10, 12), (38, 117), (7, 108), (34, 50), (43, 76), (28, 149), (84, 121), (11, 20), (66, 87), (30, 91), (48, 133), (41, 97), (24, 93), (109, 131), (37, 75), (64, 147), (47, 137), (94, 136), (56, 146), (14, 140), (3, 85), (1, 112), (16, 116), (92, 145), (106, 113), (132, 138), (2, 65), (0, 80), (60, 88), (29, 58), (83, 99), (15, 74), (104, 143), (39, 86), (21, 23), (8, 53), (63, 148), (44, 110), (4, 13), (103, 107), (118, 126), (32, 114), (127, 129), (6, 98), (42, 67), (61, 141), (90, 119), (25, 124), (96, 135), (52, 144), (57, 73), (72, 122), (82, 130), (19, 31)}
Згенероване вершинне покриття (C): [0, 1, 2, 3, 4, 5, 6, 7, 8, 10, 11, 12, 13, 14, 15, 16, 17, 18, 19, 20, 21, 23, 24, 25, 26, 27, 28, 29, 30, 31, 32, 34, 36, 37, 38, 39, 40, 41, 42, 43, 44, 47, 48, 49, 50, 51, 52, 53, 56, 57, 58, 60, 61, 62, 63, 64, 65, 66, 67, 68, 69, 72, 73, 74, 75, 76, 77, 80, 82, 83, 84, 85, 86, 87, 88, 90, 91, 92, 93, 94, 95, 96, 97, 98, 99, 102, 103, 104, 105, 106, 107, 108, 109, 110, 111, 112, 113, 114, 115, 116, 117, 118, 119, 120, 121, 122, 124, 125, 126, 127, 128, 129, 130, 131, 132, 133, 134, 135, 136, 137, 138, 139, 140, 141, 142, 143, 144, 145, 146, 147, 148, 149]

--- Генерація вершинного покриття (зі списку суміжності) ---
Знайдене максимальне парування (M): {(18, 133), (137, 139), (16, 87), (17, 52), (46, 94), (98, 110), (62, 90), (41, 119), (60, 126), (67, 83), (7, 102), (68, 118), (32, 125), (104, 117), (27, 89), (38, 123), (108, 142), (49, 135), (23, 55), (71, 74), (30, 97), (6, 14), (0, 35), (22, 132), (42, 50), (76, 112), (1, 106), (65, 109), (29, 37), (5, 73), (77, 144), (78, 91), (86, 147), (45, 88), (12, 33), (43, 66), (21, 100), (10, 130), (39, 53), (48, 120), (58, 146), (99, 141), (82, 128), (59, 111), (26, 80), (63, 72), (19, 47), (3, 115), (8, 105), (15, 28), (9, 61), (31, 143), (69, 75), (56, 81), (54, 148), (95, 103), (96, 129), (2, 116), (44, 79), (51, 136), (93, 145), (25, 124), (4, 40), (57, 134), (24, 131), (11, 85), (122, 138), (84, 121), (114, 140)}
Згенероване вершинне покриття (C): [0, 1, 2, 3, 4, 5, 6, 7, 8, 9, 10, 11, 12, 14, 15, 16, 17, 18, 19, 21, 22, 23, 24, 25, 26, 27, 28, 29, 30, 31, 32, 33, 35, 37, 38, 39, 40, 41, 42, 43, 44, 45, 46, 47, 48, 49, 50, 51, 52, 53, 54, 55, 56, 57, 58, 59, 60, 61, 62, 63, 65, 66, 67, 68, 69, 71, 72, 73, 74, 75, 76, 77, 78, 79, 80, 81, 82, 83, 84, 85, 86, 87, 88, 89, 90, 91, 93, 94, 95, 96, 97, 98, 99, 100, 102, 103, 104, 105, 106, 108, 109, 110, 111, 112, 114, 115, 116, 117, 118, 119, 120, 121, 122, 123, 124, 125, 126, 128, 129, 130, 131, 132, 133, 134, 135, 136, 137, 138, 139, 140, 141, 142, 143, 144, 145, 146, 147, 148]

--- Генерація вершинного покриття (зі списку суміжності) ---
Знайдене максимальне парування (M): {(47, 56), (68, 149), (42, 48), (81, 88), (9, 51), (14, 65), (62, 90), (10, 58), (11, 112), (116, 131), (23, 89), (134, 146), (113, 117), (30, 64), (54, 101), (17, 140), (86, 105), (50, 79), (32, 128), (12, 43), (61, 94), (99, 133), (33, 142), (4, 106), (78, 107), (28, 36), (52, 143), (34, 110), (121, 145), (13, 87), (0, 93), (60, 104), (111, 125), (72, 139), (37, 115), (92, 124), (59, 130), (97, 144), (15, 102), (108, 129), (5, 137), (63, 103), (57, 123), (44, 71), (109, 114), (46, 135), (53, 55), (41, 96), (18, 67), (27, 100), (132, 147), (98, 148), (136, 141), (16, 85), (6, 138), (49, 91), (77, 82), (3, 26), (22, 39), (75, 76), (24, 70), (122, 126), (31, 118), (73, 127), (1, 25), (20, 66)}
Згенероване вершинне покриття (C): [0, 1, 3, 4, 5, 6, 9, 10, 11, 12, 13, 14, 15, 16, 17, 18, 20, 22, 23, 24, 25, 26, 27, 28, 30, 31, 32, 33, 34, 36, 37, 39, 41, 42, 43, 44, 46, 47, 48, 49, 50, 51, 52, 53, 54, 55, 56, 57, 58, 59, 60, 61, 62, 63, 64, 65, 66, 67, 68, 70, 71, 72, 73, 75, 76, 77, 78, 79, 81, 82, 85, 86, 87, 88, 89, 90, 91, 92, 93, 94, 96, 97, 98, 99, 100, 101, 102, 103, 104, 105, 106, 107, 108, 109, 110, 111, 112, 113, 114, 115, 116, 117, 118, 121, 122, 123, 124, 125, 126, 127, 128, 129, 130, 131, 132, 133, 134, 135, 136, 137, 138, 139, 140, 141, 142, 143, 144, 145, 146, 147, 148, 149]

--- Генерація вершинного покриття (зі списку суміжності) ---
Знайдене максимальне парування (M): {(65, 92), (40, 139), (38, 145), (37, 70), (24, 103), (53, 90), (26, 109), (1, 116), (44, 66), (25, 123), (22, 93), (4, 36), (61, 88), (30, 79), (99, 142), (64, 120), (68, 96), (11, 102), (59, 127), (19, 118), (74, 112), (9, 117), (77, 141), (14, 131), (87, 149), (47, 137), (94, 136), (62, 101), (5, 18), (41, 130), (73, 104), (125, 148), (49, 52), (80, 146), (113, 119), (95, 107), (16, 55), (3, 91), (23, 106), (39, 114), (10, 133), (45, 51), (43, 75), (2, 13), (89, 115), (48, 135), (57, 83), (72, 138), (54, 124), (29, 76), (28, 56), (17, 111), (12, 63), (8, 50), (78, 84), (71, 100), (105, 126), (34, 35), (98, 129), (15, 122), (42, 140), (27, 32), (46, 134), (7, 69), (0, 33), (86, 121)}
Згенероване вершинне покриття (C): [0, 1, 2, 3, 4, 5, 7, 8, 9, 10, 11, 12, 13, 14, 15, 16, 17, 18, 19, 22, 23, 24, 25, 26, 27, 28, 29, 30, 32, 33, 34, 35, 36, 37, 38, 39, 40, 41, 42, 43, 44, 45, 46, 47, 48, 49, 50, 51, 52, 53, 54, 55, 56, 57, 59, 61, 62, 63, 64, 65, 66, 68, 69, 70, 71, 72, 73, 74, 75, 76, 77, 78, 79, 80, 83, 84, 86, 87, 88, 89, 90, 91, 92, 93, 94, 95, 96, 98, 99, 100, 101, 102, 103, 104, 105, 106, 107, 109, 111, 112, 113, 114, 115, 116, 117, 118, 119, 120, 121, 122, 123, 124, 125, 126, 127, 129, 130, 131, 133, 134, 135, 136, 137, 138, 139, 140, 141, 142, 145, 146, 148, 149]

--- Генерація вершинного покриття (зі списку суміжності) ---
Знайдене максимальне парування (M): {(51, 105), (54, 74), (8, 52), (9, 118), (7, 90), (108, 112), (85, 116), (81, 100), (24, 45), (18, 32), (17, 70), (49, 50), (67, 92), (22, 99), (21, 113), (88, 133), (11, 87), (86, 114), (103, 130), (55, 56), (27, 46), (123, 142), (13, 38), (98, 106), (64, 138), (28, 66), (31, 144), (36, 128), (20, 147), (4, 78), (80, 82), (34, 143), (16, 107), (0, 120), (127, 139), (96, 136), (2, 68), (58, 94), (15, 117), (1, 124), (23, 39), (115, 125), (26, 126), (57, 135), (12, 48), (101, 141), (63, 69), (47, 109), (40, 131), (41, 102), (10, 44), (29, 140), (6, 25), (75, 122), (97, 149), (37, 77), (30, 132), (65, 129), (33, 134), (35, 73), (43, 89), (42, 91), (14, 111)}
Згенероване вершинне покриття (C): [0, 1, 2, 4, 6, 7, 8, 9, 10, 11, 12, 13, 14, 15, 16, 17, 18, 20, 21, 22, 23, 24, 25, 26, 27, 28, 29, 30, 31, 32, 33, 34, 35, 36, 37, 38, 39, 40, 41, 42, 43, 44, 45, 46, 47, 48, 49, 50, 51, 52, 54, 55, 56, 57, 58, 63, 64, 65, 66, 67, 68, 69, 70, 73, 74, 75, 77, 78, 80, 81, 82, 85, 86, 87, 88, 89, 90, 91, 92, 94, 96, 97, 98, 99, 100, 101, 102, 103, 105, 106, 107, 108, 109, 111, 112, 113, 114, 115, 116, 117, 118, 120, 122, 123, 124, 125, 126, 127, 128, 129, 130, 131, 132, 133, 134, 135, 136, 138, 139, 140, 141, 142, 143, 144, 147, 149]

--- Генерація вершинного покриття (зі списку суміжності) ---
Знайдене максимальне парування (M): {(48, 140), (5, 56), (38, 145), (2, 42), (128, 142), (107, 113), (136, 149), (70, 134), (64, 87), (99, 115), (66, 112), (92, 137), (22, 23), (44, 60), (30, 67), (94, 143), (37, 85), (62, 102), (80, 147), (19, 76), (26, 63), (13, 127), (114, 124), (8, 18), (103, 121), (54, 110), (17, 97), (33, 81), (32, 79), (106, 129), (71, 132), (82, 141), (1, 24), (65, 88), (21, 73), (25, 34), (3, 131), (84, 98), (61, 72), (47, 146), (46, 59), (86, 101), (0, 16), (9, 77), (55, 104), (10, 148), (53, 125), (89, 118), (6, 138), (41, 105), (100, 130), (39, 83), (49, 91), (15, 95), (120, 139), (51, 57), (58, 75), (4, 74), (14, 133), (12, 90), (68, 116), (40, 109), (36, 96), (20, 45), (52, 144), (27, 35), (78, 111), (7, 69)}
Згенероване вершинне покриття (C): [0, 1, 2, 3, 4, 5, 6, 7, 8, 9, 10, 12, 13, 14, 15, 16, 17, 18, 19, 20, 21, 22, 23, 24, 25, 26, 27, 30, 32, 33, 34, 35, 36, 37, 38, 39, 40, 41, 42, 44, 45, 46, 47, 48, 49, 51, 52, 53, 54, 55, 56, 57, 58, 59, 60, 61, 62, 63, 64, 65, 66, 67, 68, 69, 70, 71, 72, 73, 74, 75, 76, 77, 78, 79, 80, 81, 82, 83, 84, 85, 86, 87, 88, 89, 90, 91, 92, 94, 95, 96, 97, 98, 99, 100, 101, 102, 103, 104, 105, 106, 107, 109, 110, 111, 112, 113, 114, 115, 116, 118, 120, 121, 124, 125, 127, 128, 129, 130, 131, 132, 133, 134, 136, 137, 138, 139, 140, 141, 142, 143, 144, 145, 146, 147, 148, 149]

--- Генерація вершинного покриття (зі списку суміжності) ---
Знайдене максимальне парування (M): {(13, 143), (6, 18), (110, 124), (15, 85), (14, 117), (21, 141), (47, 71), (46, 48), (86, 99), (72, 106), (74, 131), (113, 129), (2, 63), (45, 49), (42, 145), (31, 114), (40, 123), (98, 140), (10, 94), (96, 97), (39, 133), (30, 51), (5, 61), (83, 121), (134, 139), (103, 105), (35, 56), (33, 62), (58, 146), (75, 144), (107, 142), (112, 132), (32, 81), (7, 122), (104, 128), (19, 93), (54, 66), (8, 44), (91, 115), (12, 127), (1, 90), (20, 73), (24, 37), (36, 57), (120, 136), (16, 88), (65, 102), (78, 130), (29, 76), (69, 118), (53, 67), (4, 68), (28, 126), (11, 119), (0, 64), (80, 148), (17, 138), (101, 116), (84, 100), (79, 125), (87, 108), (23, 41), (52, 89), (26, 70), (9, 27), (50, 95)}
Згенероване вершинне покриття (C): [0, 1, 2, 4, 5, 6, 7, 8, 9, 10, 11, 12, 13, 14, 15, 16, 17, 18, 19, 20, 21, 23, 24, 26, 27, 28, 29, 30, 31, 32, 33, 35, 36, 37, 39, 40, 41, 42, 44, 45, 46, 47, 48, 49, 50, 51, 52, 53, 54, 56, 57, 58, 61, 62, 63, 64, 65, 66, 67, 68, 69, 70, 71, 72, 73, 74, 75, 76, 78, 79, 80, 81, 83, 84, 85, 86, 87, 88, 89, 90, 91, 93, 94, 95, 96, 97, 98, 99, 100, 101, 102, 103, 104, 105, 106, 107, 108, 110, 112, 113, 114, 115, 116, 117, 118, 119, 120, 121, 122, 123, 124, 125, 126, 127, 128, 129, 130, 131, 132, 133, 134, 136, 138, 139, 140, 141, 142, 143, 144, 145, 146, 148]

--- Генерація вершинного покриття (зі списку суміжності) ---
Знайдене максимальне парування (M): {(110, 124), (80, 114), (54, 71), (7, 26), (101, 106), (89, 138), (0, 57), (46, 112), (47, 144), (17, 140), (13, 66), (72, 109), (12, 98), (39, 115), (82, 129), (34, 43), (68, 139), (48, 136), (10, 143), (25, 28), (41, 103), (5, 107), (24, 90), (85, 100), (33, 96), (29, 77), (18, 141), (9, 108), (51, 52), (31, 83), (2, 44), (15, 102), (127, 130), (75, 91), (36, 79), (125, 142), (113, 119), (6, 56), (16, 58), (60, 94), (84, 122), (74, 145), (81, 132), (49, 131), (30, 93), (37, 105), (123, 135), (1, 23), (11, 95), (64, 128), (63, 78), (50, 111), (92, 117), (55, 137), (22, 27), (38, 45), (88, 116), (19, 65), (32, 126), (14, 35), (42, 146), (3, 99), (4, 40), (59, 104), (53, 118), (21, 62), (76, 147), (97, 121)}
Згенероване вершинне покриття (C): [0, 1, 2, 3, 4, 5, 6, 7, 9, 10, 11, 12, 13, 14, 15, 16, 17, 18, 19, 21, 22, 23, 24, 25, 26, 27, 28, 29, 30, 31, 32, 33, 34, 35, 36, 37, 38, 39, 40, 41, 42, 43, 44, 45, 46, 47, 48, 49, 50, 51, 52, 53, 54, 55, 56, 57, 58, 59, 60, 62, 63, 64, 65, 66, 68, 71, 72, 74, 75, 76, 77, 78, 79, 80, 81, 82, 83, 84, 85, 88, 89, 90, 91, 92, 93, 94, 95, 96, 97, 98, 99, 100, 101, 102, 103, 104, 105, 106, 107, 108, 109, 110, 111, 112, 113, 114, 115, 116, 117, 118, 119, 121, 122, 123, 124, 125, 126, 127, 128, 129, 130, 131, 132, 135, 136, 137, 138, 139, 140, 141, 142, 143, 144, 145, 146, 147]

--- Генерація вершинного покриття (зі списку суміжності) ---
Знайдене максимальне парування (M): {(28, 107), (15, 85), (71, 87), (2, 91), (49, 90), (19, 110), (16, 99), (20, 26), (96, 131), (63, 98), (50, 82), (103, 115), (80, 147), (52, 137), (40, 56), (30, 76), (23, 43), (121, 133), (79, 130), (18, 123), (17, 97), (31, 114), (55, 111), (25, 77), (1, 21), (4, 54), (6, 75), (35, 145), (38, 144), (47, 117), (64, 83), (116, 127), (59, 139), (46, 62), (124, 149), (93, 140), (13, 126), (88, 135), (104, 125), (14, 100), (109, 112), (81, 132), (39, 68), (9, 34), (61, 108), (3, 118), (53, 134), (128, 146), (29, 143), (67, 142), (72, 95), (36, 136), (11, 119), (51, 66), (33, 122), (24, 58), (0, 12), (37, 92), (7, 48), (27, 32), (10, 141), (105, 138), (22, 106), (74, 89), (8, 101), (113, 148)}
Згенероване вершинне покриття (C): [0, 1, 2, 3, 4, 6, 7, 8, 9, 10, 11, 12, 13, 14, 15, 16, 17, 18, 19, 20, 21, 22, 23, 24, 25, 26, 27, 28, 29, 30, 31, 32, 33, 34, 35, 36, 37, 38, 39, 40, 43, 46, 47, 48, 49, 50, 51, 52, 53, 54, 55, 56, 58, 59, 61, 62, 63, 64, 66, 67, 68, 71, 72, 74, 75, 76, 77, 79, 80, 81, 82, 83, 85, 87, 88, 89, 90, 91, 92, 93, 95, 96, 97, 98, 99, 100, 101, 103, 104, 105, 106, 107, 108, 109, 110, 111, 112, 113, 114, 115, 116, 117, 118, 119, 121, 122, 123, 124, 125, 126, 127, 128, 130, 131, 132, 133, 134, 135, 136, 137, 138, 139, 140, 141, 142, 143, 144, 145, 146, 147, 148, 149]

--- Генерація вершинного покриття (зі списку суміжності) ---
Знайдене максимальне парування (M): {(39, 82), (35, 91), (43, 104), (86, 133), (1, 34), (4, 6), (92, 128), (22, 69), (64, 87), (98, 113), (3, 74), (58, 141), (101, 118), (127, 143), (25, 117), (124, 144), (40, 56), (48, 63), (2, 14), (103, 121), (16, 132), (0, 20), (13, 78), (55, 108), (8, 97), (77, 120), (53, 60), (131, 149), (10, 45), (65, 106), (24, 41), (88, 111), (125, 136), (9, 123), (12, 140), (21, 27), (5, 18), (57, 114), (105, 139), (71, 116), (31, 110), (70, 90), (11, 135), (89, 100), (94, 96), (52, 145), (33, 83), (84, 119), (49, 73), (109, 112), (28, 102), (79, 138), (19, 38), (29, 30), (59, 126), (23, 81), (36, 72), (15, 107), (54, 93), (50, 80), (134, 147), (51, 75), (42, 76), (66, 67), (46, 122), (95, 115), (99, 146), (26, 137), (68, 85)}
Згенероване вершинне покриття (C): [0, 1, 2, 3, 4, 5, 6, 8, 9, 10, 11, 12, 13, 14, 15, 16, 18, 19, 20, 21, 22, 23, 24, 25, 26, 27, 28, 29, 30, 31, 33, 34, 35, 36, 38, 39, 40, 41, 42, 43, 45, 46, 48, 49, 50, 51, 52, 53, 54, 55, 56, 57, 58, 59, 60, 63, 64, 65, 66, 67, 68, 69, 70, 71, 72, 73, 74, 75, 76, 77, 78, 79, 80, 81, 82, 83, 84, 85, 86, 87, 88, 89, 90, 91, 92, 93, 94, 95, 96, 97, 98, 99, 100, 101, 102, 103, 104, 105, 106, 107, 108, 109, 110, 111, 112, 113, 114, 115, 116, 117, 118, 119, 120, 121, 122, 123, 124, 125, 126, 127, 128, 131, 132, 133, 134, 135, 136, 137, 138, 139, 140, 141, 143, 144, 145, 146, 147, 149]

--- Генерація вершинного покриття (зі списку суміжності) ---
Знайдене максимальне парування (M): {(68, 149), (54, 71), (36, 74), (58, 141), (91, 135), (57, 115), (73, 99), (3, 28), (62, 105), (40, 111), (81, 118), (49, 117), (12, 101), (32, 137), (67, 104), (10, 82), (33, 142), (93, 147), (0, 139), (42, 148), (103, 121), (6, 14), (27, 52), (109, 134), (119, 132), (7, 77), (70, 124), (35, 108), (125, 130), (38, 43), (86, 92), (56, 143), (97, 98), (4, 84), (8, 72), (21, 106), (95, 113), (50, 145), (23, 100), (22, 110), (39, 65), (59, 102), (66, 83), (41, 96), (18, 128), (17, 24), (19, 44), (9, 136), (2, 37), (25, 30), (120, 133), (55, 79), (5, 60), (31, 146), (53, 85), (116, 123), (15, 34), (88, 107), (20, 94), (51, 69), (129, 138), (75, 76), (80, 90), (48, 61), (13, 64), (26, 122), (1, 16), (63, 126)}
Згенероване вершинне покриття (C): [0, 1, 2, 3, 4, 5, 6, 7, 8, 9, 10, 12, 13, 14, 15, 16, 17, 18, 19, 20, 21, 22, 23, 24, 25, 26, 27, 28, 30, 31, 32, 33, 34, 35, 36, 37, 38, 39, 40, 41, 42, 43, 44, 48, 49, 50, 51, 52, 53, 54, 55, 56, 57, 58, 59, 60, 61, 62, 63, 64, 65, 66, 67, 68, 69, 70, 71, 72, 73, 74, 75, 76, 77, 79, 80, 81, 82, 83, 84, 85, 86, 88, 90, 91, 92, 93, 94, 95, 96, 97, 98, 99, 100, 101, 102, 103, 104, 105, 106, 107, 108, 109, 110, 111, 113, 115, 116, 117, 118, 119, 120, 121, 122, 123, 124, 125, 126, 128, 129, 130, 132, 133, 134, 135, 136, 137, 138, 139, 141, 142, 143, 145, 146, 147, 148, 149]

--- Генерація вершинного покриття (зі списку суміжності) ---
Знайдене максимальне парування (M): {(13, 143), (9, 45), (101, 149), (58, 102), (17, 116), (56, 71), (35, 106), (127, 131), (91, 138), (60, 132), (32, 55), (33, 66), (46, 57), (5, 22), (53, 108), (31, 111), (92, 103), (7, 62), (76, 140), (93, 98), (114, 130), (20, 117), (38, 129), (24, 145), (26, 142), (70, 118), (78, 119), (120, 134), (109, 128), (14, 125), (73, 86), (51, 67), (82, 104), (94, 136), (65, 124), (3, 146), (18, 43), (36, 79), (85, 133), (48, 59), (42, 83), (64, 107), (80, 97), (19, 84), (81, 126), (8, 96), (74, 105), (28, 50), (23, 72), (99, 113), (1, 47), (49, 100), (0, 61), (6, 40), (27, 139), (10, 68), (77, 88), (15, 122), (25, 63), (30, 144), (4, 34), (2, 12), (41, 89), (11, 21), (52, 147), (16, 75), (95, 121), (29, 69)}
Згенероване вершинне покриття (C): [0, 1, 2, 3, 4, 5, 6, 7, 8, 9, 10, 11, 12, 13, 14, 15, 16, 17, 18, 19, 20, 21, 22, 23, 24, 25, 26, 27, 28, 29, 30, 31, 32, 33, 34, 35, 36, 38, 40, 41, 42, 43, 45, 46, 47, 48, 49, 50, 51, 52, 53, 55, 56, 57, 58, 59, 60, 61, 62, 63, 64, 65, 66, 67, 68, 69, 70, 71, 72, 73, 74, 75, 76, 77, 78, 79, 80, 81, 82, 83, 84, 85, 86, 88, 89, 91, 92, 93, 94, 95, 96, 97, 98, 99, 100, 101, 102, 103, 104, 105, 106, 107, 108, 109, 111, 113, 114, 116, 117, 118, 119, 120, 121, 122, 124, 125, 126, 127, 128, 129, 130, 131, 132, 133, 134, 136, 138, 139, 140, 142, 143, 144, 145, 146, 147, 149]

--- Генерація вершинного покриття (зі списку суміжності) ---
Знайдене максимальне парування (M): {(120, 129), (34, 117), (20, 69), (54, 71), (87, 138), (50, 64), (103, 106), (48, 118), (0, 133), (55, 105), (107, 143), (30, 88), (45, 113), (9, 93), (1, 146), (63, 131), (26, 142), (58, 116), (6, 81), (66, 102), (97, 141), (17, 115), (27, 122), (139, 144), (12, 79), (36, 137), (72, 96), (67, 85), (78, 91), (11, 62), (38, 49), (4, 23), (77, 101), (114, 123), (75, 86), (40, 125), (94, 99), (109, 124), (10, 145), (5, 51), (21, 130), (60, 112), (13, 147), (73, 76), (7, 140), (2, 95), (8, 111), (43, 108), (32, 41), (100, 136), (46, 98), (68, 104), (52, 53), (29, 33), (25, 39), (61, 132), (22, 24), (16, 57), (74, 135), (35, 134), (18, 127), (110, 121), (15, 82)}
Згенероване вершинне покриття (C): [0, 1, 2, 4, 5, 6, 7, 8, 9, 10, 11, 12, 13, 15, 16, 17, 18, 20, 21, 22, 23, 24, 25, 26, 27, 29, 30, 32, 33, 34, 35, 36, 38, 39, 40, 41, 43, 45, 46, 48, 49, 50, 51, 52, 53, 54, 55, 57, 58, 60, 61, 62, 63, 64, 66, 67, 68, 69, 71, 72, 73, 74, 75, 76, 77, 78, 79, 81, 82, 85, 86, 87, 88, 91, 93, 94, 95, 96, 97, 98, 99, 100, 101, 102, 103, 104, 105, 106, 107, 108, 109, 110, 111, 112, 113, 114, 115, 116, 117, 118, 120, 121, 122, 123, 124, 125, 127, 129, 130, 131, 132, 133, 134, 135, 136, 137, 138, 139, 140, 141, 142, 143, 144, 145, 146, 147]

--- Генерація вершинного покриття (зі списку суміжності) ---
Знайдене максимальне парування (M): {(45, 123), (3, 120), (117, 133), (42, 103), (97, 139), (4, 12), (57, 106), (116, 119), (60, 62), (125, 128), (109, 147), (88, 118), (87, 144), (9, 69), (16, 50), (37, 82), (31, 44), (70, 149), (21, 49), (58, 92), (121, 142), (8, 91), (6, 124), (29, 135), (11, 102), (35, 99), (7, 22), (48, 67), (63, 143), (71, 95), (72, 90), (25, 46), (13, 105), (26, 41), (56, 79), (14, 140), (51, 73), (18, 107), (76, 78), (54, 112), (10, 148), (33, 141), (53, 61), (38, 131), (5, 100), (36, 115), (1, 84), (55, 113), (23, 66), (20, 146), (28, 65), (32, 68), (96, 138), (80, 145), (52, 74), (27, 81), (75, 137), (2, 122), (43, 77), (0, 15), (30, 89), (104, 130), (17, 40), (94, 101), (114, 134), (47, 111), (64, 127)}
Згенероване вершинне покриття (C): [0, 1, 2, 3, 4, 5, 6, 7, 8, 9, 10, 11, 12, 13, 14, 15, 16, 17, 18, 20, 21, 22, 23, 25, 26, 27, 28, 29, 30, 31, 32, 33, 35, 36, 37, 38, 40, 41, 42, 43, 44, 45, 46, 47, 48, 49, 50, 51, 52, 53, 54, 55, 56, 57, 58, 60, 61, 62, 63, 64, 65, 66, 67, 68, 69, 70, 71, 72, 73, 74, 75, 76, 77, 78, 79, 80, 81, 82, 84, 87, 88, 89, 90, 91, 92, 94, 95, 96, 97, 99, 100, 101, 102, 103, 104, 105, 106, 107, 109, 111, 112, 113, 114, 115, 116, 117, 118, 119, 120, 121, 122, 123, 124, 125, 127, 128, 130, 131, 133, 134, 135, 137, 138, 139, 140, 141, 142, 143, 144, 145, 146, 147, 148, 149]

--- Генерація вершинного покриття (зі списку суміжності) ---
Знайдене максимальне парування (M): {(6, 12), (45, 123), (19, 43), (51, 102), (57, 94), (46, 91), (64, 84), (3, 71), (72, 149), (76, 107), (110, 145), (5, 132), (65, 116), (28, 131), (67, 147), (49, 56), (44, 124), (8, 137), (50, 143), (30, 79), (26, 60), (38, 68), (24, 75), (66, 136), (52, 140), (1, 146), (31, 62), (85, 97), (36, 58), (23, 122), (80, 119), (14, 128), (82, 95), (11, 88), (15, 108), (40, 104), (13, 53), (35, 117), (9, 22), (18, 61), (118, 142), (39, 59), (42, 141), (37, 41), (4, 105), (29, 70), (103, 138), (86, 125), (54, 69), (27, 112), (120, 133), (100, 130), (83, 129), (81, 101), (98, 111), (34, 90), (87, 99), (89, 96), (93, 139), (48, 113), (33, 73), (127, 144), (25, 63), (16, 121), (10, 74), (32, 135), (55, 106), (7, 115), (114, 134)}
Згенероване вершинне покриття (C): [1, 3, 4, 5, 6, 7, 8, 9, 10, 11, 12, 13, 14, 15, 16, 18, 19, 22, 23, 24, 25, 26, 27, 28, 29, 30, 31, 32, 33, 34, 35, 36, 37, 38, 39, 40, 41, 42, 43, 44, 45, 46, 48, 49, 50, 51, 52, 53, 54, 55, 56, 57, 58, 59, 60, 61, 62, 63, 64, 65, 66, 67, 68, 69, 70, 71, 72, 73, 74, 75, 76, 79, 80, 81, 82, 83, 84, 85, 86, 87, 88, 89, 90, 91, 93, 94, 95, 96, 97, 98, 99, 100, 101, 102, 103, 104, 105, 106, 107, 108, 110, 111, 112, 113, 114, 115, 116, 117, 118, 119, 120, 121, 122, 123, 124, 125, 127, 128, 129, 130, 131, 132, 133, 134, 135, 136, 137, 138, 139, 140, 141, 142, 143, 144, 145, 146, 147, 149]

--- Генерація вершинного покриття (зі списку суміжності) ---
Знайдене максимальне парування (M): {(80, 117), (40, 133), (54, 65), (39, 137), (89, 123), (13, 143), (81, 88), (3, 71), (14, 77), (56, 74), (107, 122), (52, 70), (43, 125), (7, 47), (124, 144), (5, 22), (0, 127), (21, 46), (49, 68), (136, 140), (28, 42), (113, 138), (44, 96), (18, 129), (32, 94), (85, 97), (72, 130), (1, 27), (106, 141), (37, 115), (57, 142), (114, 148), (10, 45), (25, 78), (36, 67), (2, 50), (99, 120), (111, 146), (11, 62), (4, 145), (31, 101), (91, 149), (38, 119), (19, 20), (73, 116), (92, 108), (84, 134), (69, 112), (90, 147), (29, 33), (82, 100), (105, 132), (48, 110), (75, 128), (58, 87), (76, 126), (35, 64), (9, 79), (60, 93), (23, 102), (53, 109), (6, 55), (103, 131), (83, 95), (16, 139), (8, 34)}
Згенероване вершинне покриття (C): [0, 1, 2, 3, 4, 5, 6, 7, 8, 9, 10, 11, 13, 14, 16, 18, 19, 20, 21, 22, 23, 25, 27, 28, 29, 31, 32, 33, 34, 35, 36, 37, 38, 39, 40, 42, 43, 44, 45, 46, 47, 48, 49, 50, 52, 53, 54, 55, 56, 57, 58, 60, 62, 64, 65, 67, 68, 69, 70, 71, 72, 73, 74, 75, 76, 77, 78, 79, 80, 81, 82, 83, 84, 85, 87, 88, 89, 90, 91, 92, 93, 94, 95, 96, 97, 99, 100, 101, 102, 103, 105, 106, 107, 108, 109, 110, 111, 112, 113, 114, 115, 116, 117, 119, 120, 122, 123, 124, 125, 126, 127, 128, 129, 130, 131, 132, 133, 134, 136, 137, 138, 139, 140, 141, 142, 143, 144, 145, 146, 147, 148, 149]

--- Генерація вершинного покриття (зі списку суміжності) ---
Знайдене максимальне парування (M): {(41, 104), (55, 127), (8, 107), (89, 132), (32, 43), (30, 58), (62, 87), (51, 123), (69, 86), (21, 95), (118, 131), (46, 121), (38, 117), (17, 88), (92, 97), (61, 94), (53, 111), (23, 113), (49, 129), (91, 110), (10, 27), (42, 102), (2, 35), (28, 112), (56, 134), (7, 141), (3, 73), (120, 146), (78, 82), (83, 136), (72, 99), (59, 81), (36, 143), (76, 130), (37, 93), (48, 126), (13, 74), (57, 135), (20, 122), (14, 115), (4, 108), (25, 149), (16, 18), (33, 101), (6, 80), (77, 125), (63, 142), (52, 105), (106, 137), (34, 139), (133, 145), (31, 39), (29, 103), (11, 67), (47, 96), (0, 70), (19, 144), (54, 114), (26, 64), (15, 128), (66, 79), (71, 75), (65, 147), (1, 22)}
Згенероване вершинне покриття (C): [0, 1, 2, 3, 4, 6, 7, 8, 10, 11, 13, 14, 15, 16, 17, 18, 19, 20, 21, 22, 23, 25, 26, 27, 28, 29, 30, 31, 32, 33, 34, 35, 36, 37, 38, 39, 41, 42, 43, 46, 47, 48, 49, 51, 52, 53, 54, 55, 56, 57, 58, 59, 61, 62, 63, 64, 65, 66, 67, 69, 70, 71, 72, 73, 74, 75, 76, 77, 78, 79, 80, 81, 82, 83, 86, 87, 88, 89, 91, 92, 93, 94, 95, 96, 97, 99, 101, 102, 103, 104, 105, 106, 107, 108, 110, 111, 112, 113, 114, 115, 117, 118, 120, 121, 122, 123, 125, 126, 127, 128, 129, 130, 131, 132, 133, 134, 135, 136, 137, 139, 141, 142, 143, 144, 145, 146, 147, 149]

--- Генерація вершинного покриття (зі списку суміжності) ---
Знайдене максимальне парування (M): {(21, 65), (71, 81), (2, 33), (28, 110), (27, 114), (42, 48), (17, 61), (116, 125), (58, 77), (3, 25), (19, 122), (50, 137), (129, 131), (57, 121), (69, 98), (52, 140), (95, 120), (83, 94), (85, 88), (20, 117), (115, 141), (8, 100), (26, 29), (11, 44), (92, 124), (7, 86), (24, 47), (90, 105), (70, 139), (15, 108), (97, 101), (51, 79), (46, 62), (74, 78), (14, 36), (56, 112), (34, 118), (136, 138), (54, 130), (31, 67), (66, 107), (128, 149), (53, 91), (55, 76), (12, 142), (82, 106), (134, 144), (102, 133), (4, 22), (30, 126), (39, 104), (143, 146), (49, 103), (0, 73), (59, 147), (127, 135), (23, 96), (60, 87), (1, 132), (41, 89), (45, 111), (93, 99), (40, 75)}
Згенероване вершинне покриття (C): [0, 1, 2, 3, 4, 7, 8, 11, 12, 14, 15, 17, 19, 20, 21, 22, 23, 24, 25, 26, 27, 28, 29, 30, 31, 33, 34, 36, 39, 40, 41, 42, 44, 45, 46, 47, 48, 49, 50, 51, 52, 53, 54, 55, 56, 57, 58, 59, 60, 61, 62, 65, 66, 67, 69, 70, 71, 73, 74, 75, 76, 77, 78, 79, 81, 82, 83, 85, 86, 87, 88, 89, 90, 91, 92, 93, 94, 95, 96, 97, 98, 99, 100, 101, 102, 103, 104, 105, 106, 107, 108, 110, 111, 112, 114, 115, 116, 117, 118, 120, 121, 122, 124, 125, 126, 127, 128, 129, 130, 131, 132, 133, 134, 135, 136, 137, 138, 139, 140, 141, 142, 143, 144, 146, 147, 149]

Середній час виконання: 0.0001166964 секунд
