
--- Генерація вершинного покриття (зі списку суміжності) ---
Знайдене максимальне парування (M): {(5, 21), (1, 2), (24, 26), (12, 29), (17, 19), (7, 13), (9, 15), (6, 23), (16, 18), (20, 22), (8, 25), (0, 27), (3, 11)}
Згенероване вершинне покриття (C): [0, 1, 2, 3, 5, 6, 7, 8, 9, 11, 12, 13, 15, 16, 17, 18, 19, 20, 21, 22, 23, 24, 25, 26, 27, 29]

--- Генерація вершинного покриття (зі списку суміжності) ---
Знайдене максимальне парування (M): {(7, 27), (16, 20), (17, 23), (22, 24), (2, 26), (18, 19), (13, 29), (21, 25), (5, 9), (4, 11), (14, 15)}
Згенероване вершинне покриття (C): [2, 4, 5, 7, 9, 11, 13, 14, 15, 16, 17, 18, 19, 20, 21, 22, 23, 24, 25, 26, 27, 29]

--- Генерація вершинного покриття (зі списку суміжності) ---
Знайдене максимальне парування (M): {(12, 27), (11, 13), (8, 21), (2, 16), (20, 23), (0, 6), (26, 29), (9, 24), (10, 19), (5, 22), (1, 25), (4, 7)}
Згенероване вершинне покриття (C): [0, 1, 2, 4, 5, 6, 7, 8, 9, 10, 11, 12, 13, 16, 19, 20, 21, 22, 23, 24, 25, 26, 27, 29]

--- Генерація вершинного покриття (зі списку суміжності) ---
Знайдене максимальне парування (M): {(12, 27), (0, 1), (11, 26), (5, 14), (17, 29), (13, 16), (4, 7), (6, 10), (19, 28), (22, 25), (18, 24), (9, 20), (2, 8)}
Згенероване вершинне покриття (C): [0, 1, 2, 4, 5, 6, 7, 8, 9, 10, 11, 12, 13, 14, 16, 17, 18, 19, 20, 22, 24, 25, 26, 27, 28, 29]

--- Генерація вершинного покриття (зі списку суміжності) ---
Знайдене максимальне парування (M): {(25, 29), (6, 15), (10, 24), (3, 27), (8, 23), (0, 16), (21, 28), (2, 19), (17, 22), (5, 9), (7, 11)}
Згенероване вершинне покриття (C): [0, 2, 3, 5, 6, 7, 8, 9, 10, 11, 15, 16, 17, 19, 21, 22, 23, 24, 25, 27, 28, 29]

--- Генерація вершинного покриття (зі списку суміжності) ---
Знайдене максимальне парування (M): {(15, 21), (7, 17), (11, 20), (12, 23), (24, 26), (2, 13), (0, 6), (8, 9), (19, 22), (4, 14), (5, 25), (10, 18)}
Згенероване вершинне покриття (C): [0, 2, 4, 5, 6, 7, 8, 9, 10, 11, 12, 13, 14, 15, 17, 18, 19, 20, 21, 22, 23, 24, 25, 26]

--- Генерація вершинного покриття (зі списку суміжності) ---
Знайдене максимальне парування (M): {(8, 24), (7, 17), (3, 27), (13, 20), (0, 28), (1, 23), (11, 15), (16, 21), (9, 14), (5, 19), (6, 29), (12, 18), (25, 26)}
Згенероване вершинне покриття (C): [0, 1, 3, 5, 6, 7, 8, 9, 11, 12, 13, 14, 15, 16, 17, 18, 19, 20, 21, 23, 24, 25, 26, 27, 28, 29]

--- Генерація вершинного покриття (зі списку суміжності) ---
Знайдене максимальне парування (M): {(6, 12), (13, 14), (1, 2), (3, 27), (5, 24), (15, 23), (7, 22), (26, 29), (9, 17), (8, 28), (16, 18), (4, 11), (19, 21)}
Згенероване вершинне покриття (C): [1, 2, 3, 4, 5, 6, 7, 8, 9, 11, 12, 13, 14, 15, 16, 17, 18, 19, 21, 22, 23, 24, 26, 27, 28, 29]

--- Генерація вершинного покриття (зі списку суміжності) ---
Знайдене максимальне парування (M): {(1, 28), (2, 27), (4, 9), (7, 29), (13, 16), (0, 22), (14, 26), (11, 12), (8, 19), (17, 24), (10, 18), (21, 23)}
Згенероване вершинне покриття (C): [0, 1, 2, 4, 7, 8, 9, 10, 11, 12, 13, 14, 16, 17, 18, 19, 21, 22, 23, 24, 26, 27, 28, 29]

--- Генерація вершинного покриття (зі списку суміжності) ---
Знайдене максимальне парування (M): {(26, 28), (16, 20), (22, 27), (7, 10), (11, 19), (12, 29), (1, 14), (6, 23), (15, 25), (0, 18), (9, 17), (8, 21), (3, 5), (2, 24)}
Згенероване вершинне покриття (C): [0, 1, 2, 3, 5, 6, 7, 8, 9, 10, 11, 12, 14, 15, 16, 17, 18, 19, 20, 21, 22, 23, 24, 25, 26, 27, 28, 29]

--- Генерація вершинного покриття (зі списку суміжності) ---
Знайдене максимальне парування (M): {(16, 20), (8, 17), (7, 10), (3, 26), (18, 24), (4, 21), (13, 28), (14, 22), (0, 5), (6, 29), (2, 15), (1, 25), (11, 27)}
Згенероване вершинне покриття (C): [0, 1, 2, 3, 4, 5, 6, 7, 8, 10, 11, 13, 14, 15, 16, 17, 18, 20, 21, 22, 24, 25, 26, 27, 28, 29]

--- Генерація вершинного покриття (зі списку суміжності) ---
Знайдене максимальне парування (M): {(11, 20), (15, 24), (8, 23), (0, 29), (25, 28), (2, 10), (21, 22), (7, 13), (4, 12), (14, 19), (5, 16), (3, 9), (1, 26)}
Згенероване вершинне покриття (C): [0, 1, 2, 3, 4, 5, 7, 8, 9, 10, 11, 12, 13, 14, 15, 16, 19, 20, 21, 22, 23, 24, 25, 26, 28, 29]

--- Генерація вершинного покриття (зі списку суміжності) ---
Знайдене максимальне парування (M): {(0, 1), (14, 24), (18, 23), (17, 20), (7, 19), (15, 26), (2, 3), (16, 25), (13, 22), (10, 12), (9, 27), (8, 21), (5, 28)}
Згенероване вершинне покриття (C): [0, 1, 2, 3, 5, 7, 8, 9, 10, 12, 13, 14, 15, 16, 17, 18, 19, 20, 21, 22, 23, 24, 25, 26, 27, 28]

--- Генерація вершинного покриття (зі списку суміжності) ---
Знайдене максимальне парування (M): {(8, 24), (9, 16), (14, 23), (4, 22), (12, 13), (5, 29), (10, 19), (2, 25), (3, 6), (26, 28), (7, 11), (17, 27)}
Згенероване вершинне покриття (C): [2, 3, 4, 5, 6, 7, 8, 9, 10, 11, 12, 13, 14, 16, 17, 19, 22, 23, 24, 25, 26, 27, 28, 29]

--- Генерація вершинного покриття (зі списку суміжності) ---
Знайдене максимальне парування (M): {(12, 23), (22, 27), (25, 28), (7, 16), (0, 19), (3, 20), (8, 10), (14, 29), (1, 13), (2, 15), (17, 18), (6, 9)}
Згенероване вершинне покриття (C): [0, 1, 2, 3, 6, 7, 8, 9, 10, 12, 13, 14, 15, 16, 17, 18, 19, 20, 22, 23, 25, 27, 28, 29]

--- Генерація вершинного покриття (зі списку суміжності) ---
Знайдене максимальне парування (M): {(4, 23), (2, 7), (20, 27), (17, 26), (12, 15), (0, 19), (1, 24), (11, 22), (8, 29), (3, 9), (5, 6), (16, 18), (13, 25), (14, 21)}
Згенероване вершинне покриття (C): [0, 1, 2, 3, 4, 5, 6, 7, 8, 9, 11, 12, 13, 14, 15, 16, 17, 18, 19, 20, 21, 22, 23, 24, 25, 26, 27, 29]

--- Генерація вершинного покриття (зі списку суміжності) ---
Знайдене максимальне парування (M): {(2, 14), (10, 21), (9, 20), (5, 11), (3, 17), (16, 19), (24, 25), (1, 7), (13, 28), (27, 29), (8, 15), (6, 22)}
Згенероване вершинне покриття (C): [1, 2, 3, 5, 6, 7, 8, 9, 10, 11, 13, 14, 15, 16, 17, 19, 20, 21, 22, 24, 25, 27, 28, 29]

--- Генерація вершинного покриття (зі списку суміжності) ---
Знайдене максимальне парування (M): {(4, 10), (5, 24), (6, 11), (14, 23), (9, 22), (0, 19), (20, 27), (13, 16), (1, 17), (2, 3), (12, 28), (15, 18), (7, 25), (8, 21)}
Згенероване вершинне покриття (C): [0, 1, 2, 3, 4, 5, 6, 7, 8, 9, 10, 11, 12, 13, 14, 15, 16, 17, 18, 19, 20, 21, 22, 23, 24, 25, 27, 28]

--- Генерація вершинного покриття (зі списку суміжності) ---
Знайдене максимальне парування (M): {(0, 23), (1, 12), (10, 24), (4, 19), (14, 17), (7, 26), (13, 16), (3, 9), (22, 29), (11, 18), (27, 28)}
Згенероване вершинне покриття (C): [0, 1, 3, 4, 7, 9, 10, 11, 12, 13, 14, 16, 17, 18, 19, 22, 23, 24, 26, 27, 28, 29]

--- Генерація вершинного покриття (зі списку суміжності) ---
Знайдене максимальне парування (M): {(3, 8), (13, 27), (5, 11), (2, 7), (10, 14), (23, 26), (1, 20), (4, 25), (18, 19), (12, 22), (15, 29), (17, 21), (6, 9)}
Згенероване вершинне покриття (C): [1, 2, 3, 4, 5, 6, 7, 8, 9, 10, 11, 12, 13, 14, 15, 17, 18, 19, 20, 21, 22, 23, 25, 26, 27, 29]

--- Генерація вершинного покриття (зі списку суміжності) ---
Знайдене максимальне парування (M): {(4, 29), (17, 20), (15, 24), (18, 23), (13, 21), (11, 12), (2, 9), (3, 19), (14, 25), (6, 26), (10, 16), (0, 8), (5, 22), (27, 28)}
Згенероване вершинне покриття (C): [0, 2, 3, 4, 5, 6, 8, 9, 10, 11, 12, 13, 14, 15, 16, 17, 18, 19, 20, 21, 22, 23, 24, 25, 26, 27, 28, 29]

--- Генерація вершинного покриття (зі списку суміжності) ---
Знайдене максимальне парування (M): {(6, 12), (1, 28), (9, 13), (10, 14), (15, 27), (2, 26), (5, 23), (7, 19), (3, 29), (18, 25), (20, 22), (0, 8), (4, 17)}
Згенероване вершинне покриття (C): [0, 1, 2, 3, 4, 5, 6, 7, 8, 9, 10, 12, 13, 14, 15, 17, 18, 19, 20, 22, 23, 25, 26, 27, 28, 29]

--- Генерація вершинного покриття (зі списку суміжності) ---
Знайдене максимальне парування (M): {(1, 28), (23, 27), (10, 21), (4, 9), (6, 24), (13, 26), (16, 17), (8, 29), (0, 12), (2, 3), (11, 25), (15, 19), (20, 22), (5, 18), (7, 14)}
Згенероване вершинне покриття (C): [0, 1, 2, 3, 4, 5, 6, 7, 8, 9, 10, 11, 12, 13, 14, 15, 16, 17, 18, 19, 20, 21, 22, 23, 24, 25, 26, 27, 28, 29]

--- Генерація вершинного покриття (зі списку суміжності) ---
Знайдене максимальне парування (M): {(9, 10), (5, 15), (20, 27), (6, 24), (0, 13), (19, 26), (1, 8), (21, 28), (14, 29), (18, 22), (23, 25), (3, 12), (7, 11)}
Згенероване вершинне покриття (C): [0, 1, 3, 5, 6, 7, 8, 9, 10, 11, 12, 13, 14, 15, 18, 19, 20, 21, 22, 23, 24, 25, 26, 27, 28, 29]

--- Генерація вершинного покриття (зі списку суміжності) ---
Знайдене максимальне парування (M): {(15, 21), (4, 26), (0, 1), (5, 19), (6, 24), (3, 7), (18, 29), (13, 16), (8, 12), (11, 25), (2, 22), (14, 28), (9, 20), (17, 27)}
Згенероване вершинне покриття (C): [0, 1, 2, 3, 4, 5, 6, 7, 8, 9, 11, 12, 13, 14, 15, 16, 17, 18, 19, 20, 21, 22, 24, 25, 26, 27, 28, 29]

--- Генерація вершинного покриття (зі списку суміжності) ---
Знайдене максимальне парування (M): {(9, 23), (5, 21), (3, 8), (16, 29), (10, 14), (13, 26), (0, 28), (1, 17), (2, 6), (20, 25), (12, 15), (4, 27), (7, 11), (18, 24)}
Згенероване вершинне покриття (C): [0, 1, 2, 3, 4, 5, 6, 7, 8, 9, 10, 11, 12, 13, 14, 15, 16, 17, 18, 20, 21, 23, 24, 25, 26, 27, 28, 29]

--- Генерація вершинного покриття (зі списку суміжності) ---
Знайдене максимальне парування (M): {(0, 20), (8, 27), (2, 24), (19, 23), (9, 12), (21, 25), (15, 29), (6, 16), (26, 28), (5, 18), (1, 22)}
Згенероване вершинне покриття (C): [0, 1, 2, 5, 6, 8, 9, 12, 15, 16, 18, 19, 20, 21, 22, 23, 24, 25, 26, 27, 28, 29]

--- Генерація вершинного покриття (зі списку суміжності) ---
Знайдене максимальне парування (M): {(6, 18), (3, 8), (9, 20), (2, 23), (16, 29), (10, 14), (4, 12), (5, 7), (11, 21), (0, 27), (25, 26), (1, 22)}
Згенероване вершинне покриття (C): [0, 1, 2, 3, 4, 5, 6, 7, 8, 9, 10, 11, 12, 14, 16, 18, 20, 21, 22, 23, 25, 26, 27, 29]

--- Генерація вершинного покриття (зі списку суміжності) ---
Знайдене максимальне парування (M): {(26, 27), (11, 13), (9, 28), (1, 24), (6, 8), (0, 18), (14, 25), (19, 22), (5, 29), (7, 15), (3, 12), (20, 21)}
Згенероване вершинне покриття (C): [0, 1, 3, 5, 6, 7, 8, 9, 11, 12, 13, 14, 15, 18, 19, 20, 21, 22, 24, 25, 26, 27, 28, 29]

--- Генерація вершинного покриття (зі списку суміжності) ---
Знайдене максимальне парування (M): {(1, 12), (16, 20), (3, 24), (4, 22), (13, 26), (15, 23), (0, 28), (6, 17), (8, 19), (9, 18), (10, 29), (7, 25), (21, 27), (2, 11)}
Згенероване вершинне покриття (C): [0, 1, 2, 3, 4, 6, 7, 8, 9, 10, 11, 12, 13, 15, 16, 17, 18, 19, 20, 21, 22, 23, 24, 25, 26, 27, 28, 29]

--- Генерація вершинного покриття (зі списку суміжності) ---
Знайдене максимальне парування (M): {(15, 21), (2, 14), (10, 11), (12, 23), (0, 4), (9, 22), (13, 26), (1, 20), (5, 7), (24, 25), (8, 19), (17, 28), (27, 29), (3, 6)}
Згенероване вершинне покриття (C): [0, 1, 2, 3, 4, 5, 6, 7, 8, 9, 10, 11, 12, 13, 14, 15, 17, 19, 20, 21, 22, 23, 24, 25, 26, 27, 28, 29]

--- Генерація вершинного покриття (зі списку суміжності) ---
Знайдене максимальне парування (M): {(10, 11), (7, 23), (15, 27), (13, 26), (6, 14), (12, 19), (0, 22), (2, 9), (16, 25), (21, 24), (3, 18), (4, 20)}
Згенероване вершинне покриття (C): [0, 2, 3, 4, 6, 7, 9, 10, 11, 12, 13, 14, 15, 16, 18, 19, 20, 21, 22, 23, 24, 25, 26, 27]

--- Генерація вершинного покриття (зі списку суміжності) ---
Знайдене максимальне парування (M): {(0, 20), (5, 24), (17, 26), (1, 21), (25, 28), (12, 16), (7, 29), (2, 13), (18, 22), (14, 19), (3, 6), (4, 11), (8, 15)}
Згенероване вершинне покриття (C): [0, 1, 2, 3, 4, 5, 6, 7, 8, 11, 12, 13, 14, 15, 16, 17, 18, 19, 20, 21, 22, 24, 25, 26, 28, 29]

--- Генерація вершинного покриття (зі списку суміжності) ---
Знайдене максимальне парування (M): {(1, 28), (3, 24), (12, 27), (4, 10), (8, 20), (14, 29), (6, 13), (0, 5), (16, 18), (15, 22), (9, 17), (2, 11), (25, 26)}
Згенероване вершинне покриття (C): [0, 1, 2, 3, 4, 5, 6, 8, 9, 10, 11, 12, 13, 14, 15, 16, 17, 18, 20, 22, 24, 25, 26, 27, 28, 29]

--- Генерація вершинного покриття (зі списку суміжності) ---
Знайдене максимальне парування (M): {(25, 29), (2, 27), (6, 15), (4, 28), (0, 3), (11, 24), (19, 26), (7, 9), (8, 13), (17, 21), (20, 22), (14, 18), (16, 23)}
Згенероване вершинне покриття (C): [0, 2, 3, 4, 6, 7, 8, 9, 11, 13, 14, 15, 16, 17, 18, 19, 20, 21, 22, 23, 24, 25, 26, 27, 28, 29]

--- Генерація вершинного покриття (зі списку суміжності) ---
Знайдене максимальне парування (M): {(19, 23), (12, 26), (4, 22), (14, 20), (0, 6), (8, 29), (9, 15), (18, 25), (3, 28), (13, 21), (2, 11), (7, 24)}
Згенероване вершинне покриття (C): [0, 2, 3, 4, 6, 7, 8, 9, 11, 12, 13, 14, 15, 18, 19, 20, 21, 22, 23, 24, 25, 26, 28, 29]

--- Генерація вершинного покриття (зі списку суміжності) ---
Знайдене максимальне парування (M): {(4, 26), (12, 23), (5, 14), (19, 20), (3, 10), (21, 28), (1, 13), (17, 25), (22, 29), (2, 15), (7, 24), (0, 11)}
Згенероване вершинне покриття (C): [0, 1, 2, 3, 4, 5, 7, 10, 11, 12, 13, 14, 15, 17, 19, 20, 21, 22, 23, 24, 25, 26, 28, 29]

--- Генерація вершинного покриття (зі списку суміжності) ---
Знайдене максимальне парування (M): {(1, 28), (6, 18), (12, 17), (16, 26), (0, 20), (3, 27), (5, 8), (9, 22), (10, 13), (19, 25), (21, 24)}
Згенероване вершинне покриття (C): [0, 1, 3, 5, 6, 8, 9, 10, 12, 13, 16, 17, 18, 19, 20, 21, 22, 24, 25, 26, 27, 28]

--- Генерація вершинного покриття (зі списку суміжності) ---
Знайдене максимальне парування (M): {(13, 27), (7, 26), (4, 9), (11, 19), (15, 23), (6, 20), (3, 10), (0, 22), (14, 16), (21, 28), (2, 25), (1, 29), (17, 24)}
Згенероване вершинне покриття (C): [0, 1, 2, 3, 4, 6, 7, 9, 10, 11, 13, 14, 15, 16, 17, 19, 20, 21, 22, 23, 24, 25, 26, 27, 28, 29]

--- Генерація вершинного покриття (зі списку суміжності) ---
Знайдене максимальне парування (M): {(4, 16), (10, 14), (28, 29), (3, 20), (15, 23), (6, 27), (17, 22), (7, 12), (13, 18), (0, 8), (2, 5), (1, 9), (25, 26)}
Згенероване вершинне покриття (C): [0, 1, 2, 3, 4, 5, 6, 7, 8, 9, 10, 12, 13, 14, 15, 16, 17, 18, 20, 22, 23, 25, 26, 27, 28, 29]

--- Генерація вершинного покриття (зі списку суміжності) ---
Знайдене максимальне парування (M): {(5, 19), (4, 13), (21, 29), (3, 17), (11, 14), (7, 20), (1, 8), (0, 6), (23, 28), (2, 25), (16, 27), (10, 12), (18, 24), (9, 26)}
Згенероване вершинне покриття (C): [0, 1, 2, 3, 4, 5, 6, 7, 8, 9, 10, 11, 12, 13, 14, 16, 17, 18, 19, 20, 21, 23, 24, 25, 26, 27, 28, 29]

--- Генерація вершинного покриття (зі списку суміжності) ---
Знайдене максимальне парування (M): {(1, 11), (3, 23), (7, 16), (13, 20), (8, 10), (21, 27), (0, 14), (22, 26), (9, 18), (5, 29), (15, 19), (2, 28), (4, 24), (6, 25)}
Згенероване вершинне покриття (C): [0, 1, 2, 3, 4, 5, 6, 7, 8, 9, 10, 11, 13, 14, 15, 16, 18, 19, 20, 21, 22, 23, 24, 25, 26, 27, 28, 29]

--- Генерація вершинного покриття (зі списку суміжності) ---
Знайдене максимальне парування (M): {(8, 17), (14, 20), (2, 16), (5, 13), (15, 26), (6, 7), (19, 25), (0, 11), (27, 29), (12, 21), (3, 18), (23, 24), (22, 28)}
Згенероване вершинне покриття (C): [0, 2, 3, 5, 6, 7, 8, 11, 12, 13, 14, 15, 16, 17, 18, 19, 20, 21, 22, 23, 24, 25, 26, 27, 28, 29]

--- Генерація вершинного покриття (зі списку суміжності) ---
Знайдене максимальне парування (M): {(12, 27), (14, 24), (9, 23), (3, 8), (11, 16), (1, 5), (17, 29), (19, 26), (7, 13), (4, 21), (22, 25), (15, 18), (6, 28)}
Згенероване вершинне покриття (C): [1, 3, 4, 5, 6, 7, 8, 9, 11, 12, 13, 14, 15, 16, 17, 18, 19, 21, 22, 23, 24, 25, 26, 27, 28, 29]

--- Генерація вершинного покриття (зі списку суміжності) ---
Знайдене максимальне парування (M): {(20, 24), (3, 23), (12, 13), (16, 22), (7, 19), (15, 26), (10, 29), (5, 6), (2, 18), (25, 27), (9, 17), (14, 21)}
Згенероване вершинне покриття (C): [2, 3, 5, 6, 7, 9, 10, 12, 13, 14, 15, 16, 17, 18, 19, 20, 21, 22, 23, 24, 25, 26, 27, 29]

--- Генерація вершинного покриття (зі списку суміжності) ---
Знайдене максимальне парування (M): {(18, 21), (5, 15), (2, 17), (6, 11), (26, 27), (14, 23), (3, 13), (1, 7), (9, 24), (10, 19), (8, 25), (4, 20)}
Згенероване вершинне покриття (C): [1, 2, 3, 4, 5, 6, 7, 8, 9, 10, 11, 13, 14, 15, 17, 18, 19, 20, 21, 23, 24, 25, 26, 27]

--- Генерація вершинного покриття (зі списку суміжності) ---
Знайдене максимальне парування (M): {(1, 28), (5, 15), (3, 17), (10, 14), (19, 26), (2, 16), (9, 25), (0, 22), (6, 23), (13, 18), (12, 24), (7, 8), (20, 21)}
Згенероване вершинне покриття (C): [0, 1, 2, 3, 5, 6, 7, 8, 9, 10, 12, 13, 14, 15, 16, 17, 18, 19, 20, 21, 22, 23, 24, 25, 26, 28]

--- Генерація вершинного покриття (зі списку суміжності) ---
Знайдене максимальне парування (M): {(15, 21), (4, 16), (12, 23), (20, 27), (18, 26), (0, 6), (3, 29), (1, 7), (13, 28), (10, 19), (11, 24), (9, 17), (2, 8)}
Згенероване вершинне покриття (C): [0, 1, 2, 3, 4, 6, 7, 8, 9, 10, 11, 12, 13, 15, 16, 17, 18, 19, 20, 21, 23, 24, 26, 27, 28, 29]

--- Генерація вершинного покриття (зі списку суміжності) ---
Знайдене максимальне парування (M): {(8, 24), (10, 21), (2, 27), (13, 23), (4, 9), (12, 16), (11, 19), (7, 29), (14, 26), (6, 17), (0, 18), (3, 22), (5, 25), (15, 28)}
Згенероване вершинне покриття (C): [0, 2, 3, 4, 5, 6, 7, 8, 9, 10, 11, 12, 13, 14, 15, 16, 17, 18, 19, 21, 22, 23, 24, 25, 26, 27, 28, 29]

--- Генерація вершинного покриття (зі списку суміжності) ---
Знайдене максимальне парування (M): {(25, 26), (23, 24), (4, 13), (12, 20), (1, 21), (6, 17), (0, 2), (5, 16), (19, 28), (22, 29), (9, 27), (14, 15), (7, 8)}
Згенероване вершинне покриття (C): [0, 1, 2, 4, 5, 6, 7, 8, 9, 12, 13, 14, 15, 16, 17, 19, 20, 21, 22, 23, 24, 25, 26, 27, 28, 29]

Середній час виконання: 0.0000193214 секунд
