
--- Генерація вершинного покриття (зі списку суміжності) ---
Знайдене максимальне парування (M): {(51, 99), (88, 103), (17, 64), (14, 77), (32, 52), (3, 16), (10, 61), (59, 82), (49, 105), (63, 98), (67, 86), (2, 115), (34, 104), (62, 117), (50, 97), (8, 91), (1, 79), (46, 81), (44, 90), (38, 83), (7, 19), (74, 100), (85, 112), (110, 123), (0, 47), (15, 35), (13, 96), (108, 114), (28, 78), (26, 111), (80, 94), (65, 69), (31, 113), (95, 116), (84, 119), (71, 73), (36, 106), (87, 121), (68, 89), (5, 109), (57, 101), (56, 75), (33, 107), (60, 124), (41, 53), (55, 76), (27, 72), (29, 42), (4, 22), (6, 43), (48, 58), (45, 93), (9, 21), (24, 122), (12, 102), (37, 40), (11, 30), (39, 70), (23, 120), (20, 66)}
Згенероване вершинне покриття (C): [0, 1, 2, 3, 4, 5, 6, 7, 8, 9, 10, 11, 12, 13, 14, 15, 16, 17, 19, 20, 21, 22, 23, 24, 26, 27, 28, 29, 30, 31, 32, 33, 34, 35, 36, 37, 38, 39, 40, 41, 42, 43, 44, 45, 46, 47, 48, 49, 50, 51, 52, 53, 55, 56, 57, 58, 59, 60, 61, 62, 63, 64, 65, 66, 67, 68, 69, 70, 71, 72, 73, 74, 75, 76, 77, 78, 79, 80, 81, 82, 83, 84, 85, 86, 87, 88, 89, 90, 91, 93, 94, 95, 96, 97, 98, 99, 100, 101, 102, 103, 104, 105, 106, 107, 108, 109, 110, 111, 112, 113, 114, 115, 116, 117, 119, 120, 121, 122, 123, 124]

--- Генерація вершинного покриття (зі списку суміжності) ---
Знайдене максимальне парування (M): {(43, 98), (54, 65), (38, 87), (27, 50), (30, 104), (85, 107), (71, 96), (1, 110), (12, 28), (7, 102), (45, 86), (3, 22), (113, 120), (11, 63), (44, 121), (37, 94), (47, 89), (80, 92), (13, 124), (21, 53), (25, 68), (61, 97), (93, 95), (9, 99), (19, 36), (100, 116), (55, 59), (17, 103), (23, 58), (82, 83), (24, 90), (14, 122), (35, 108), (6, 29), (32, 118), (69, 76), (73, 101), (67, 79), (4, 26), (57, 62), (10, 72), (8, 81), (34, 51), (78, 109), (5, 106), (15, 74), (70, 123), (2, 40), (42, 52), (33, 46), (41, 117), (0, 64), (18, 39), (20, 91), (49, 112), (114, 119), (16, 60), (56, 105), (75, 88), (77, 115), (31, 66)}
Згенероване вершинне покриття (C): [0, 1, 2, 3, 4, 5, 6, 7, 8, 9, 10, 11, 12, 13, 14, 15, 16, 17, 18, 19, 20, 21, 22, 23, 24, 25, 26, 27, 28, 29, 30, 31, 32, 33, 34, 35, 36, 37, 38, 39, 40, 41, 42, 43, 44, 45, 46, 47, 49, 50, 51, 52, 53, 54, 55, 56, 57, 58, 59, 60, 61, 62, 63, 64, 65, 66, 67, 68, 69, 70, 71, 72, 73, 74, 75, 76, 77, 78, 79, 80, 81, 82, 83, 85, 86, 87, 88, 89, 90, 91, 92, 93, 94, 95, 96, 97, 98, 99, 100, 101, 102, 103, 104, 105, 106, 107, 108, 109, 110, 112, 113, 114, 115, 116, 117, 118, 119, 120, 121, 122, 123, 124]

--- Генерація вершинного покриття (зі списку суміжності) ---
Знайдене максимальне парування (M): {(15, 21), (5, 111), (71, 99), (43, 116), (48, 109), (46, 57), (90, 124), (97, 105), (89, 98), (27, 83), (74, 76), (7, 44), (17, 88), (22, 53), (2, 78), (60, 95), (100, 107), (59, 115), (24, 87), (102, 113), (23, 58), (1, 91), (28, 54), (14, 119), (94, 118), (67, 73), (16, 34), (4, 72), (79, 114), (84, 110), (81, 117), (92, 96), (112, 123), (11, 19), (26, 62), (77, 104), (38, 64), (13, 80), (120, 121), (20, 70), (51, 103), (10, 93), (33, 37), (30, 108), (6, 25), (12, 69), (8, 50), (68, 101), (41, 56), (31, 82), (42, 55), (36, 75), (49, 106), (61, 65), (35, 122), (3, 29), (39, 52), (9, 85), (40, 63), (45, 47), (18, 66)}
Згенероване вершинне покриття (C): [1, 2, 3, 4, 5, 6, 7, 8, 9, 10, 11, 12, 13, 14, 15, 16, 17, 18, 19, 20, 21, 22, 23, 24, 25, 26, 27, 28, 29, 30, 31, 33, 34, 35, 36, 37, 38, 39, 40, 41, 42, 43, 44, 45, 46, 47, 48, 49, 50, 51, 52, 53, 54, 55, 56, 57, 58, 59, 60, 61, 62, 63, 64, 65, 66, 67, 68, 69, 70, 71, 72, 73, 74, 75, 76, 77, 78, 79, 80, 81, 82, 83, 84, 85, 87, 88, 89, 90, 91, 92, 93, 94, 95, 96, 97, 98, 99, 100, 101, 102, 103, 104, 105, 106, 107, 108, 109, 110, 111, 112, 113, 114, 115, 116, 117, 118, 119, 120, 121, 122, 123, 124]

--- Генерація вершинного покриття (зі списку суміжності) ---
Знайдене максимальне парування (M): {(36, 114), (19, 101), (111, 123), (79, 94), (32, 98), (15, 39), (24, 100), (18, 29), (76, 113), (2, 109), (23, 77), (17, 67), (82, 102), (57, 63), (66, 124), (73, 105), (5, 22), (80, 92), (1, 70), (54, 107), (25, 68), (38, 71), (4, 42), (110, 117), (61, 106), (47, 58), (49, 89), (28, 112), (90, 96), (43, 45), (41, 118), (62, 95), (26, 50), (56, 103), (52, 78), (0, 74), (14, 97), (60, 88), (51, 85), (31, 121), (20, 119), (65, 93), (6, 10), (30, 44), (9, 37), (108, 116), (13, 46), (81, 104), (55, 91), (11, 64), (35, 122), (3, 84), (7, 48), (16, 115), (27, 87), (83, 86), (69, 99), (21, 59), (12, 120), (34, 53), (8, 40)}
Згенероване вершинне покриття (C): [0, 1, 2, 3, 4, 5, 6, 7, 8, 9, 10, 11, 12, 13, 14, 15, 16, 17, 18, 19, 20, 21, 22, 23, 24, 25, 26, 27, 28, 29, 30, 31, 32, 34, 35, 36, 37, 38, 39, 40, 41, 42, 43, 44, 45, 46, 47, 48, 49, 50, 51, 52, 53, 54, 55, 56, 57, 58, 59, 60, 61, 62, 63, 64, 65, 66, 67, 68, 69, 70, 71, 73, 74, 76, 77, 78, 79, 80, 81, 82, 83, 84, 85, 86, 87, 88, 89, 90, 91, 92, 93, 94, 95, 96, 97, 98, 99, 100, 101, 102, 103, 104, 105, 106, 107, 108, 109, 110, 111, 112, 113, 114, 115, 116, 117, 118, 119, 120, 121, 122, 123, 124]

--- Генерація вершинного покриття (зі списку суміжності) ---
Знайдене максимальне парування (M): {(57, 91), (6, 18), (47, 56), (22, 66), (13, 42), (27, 65), (37, 122), (43, 58), (21, 31), (0, 121), (16, 44), (11, 60), (62, 102), (10, 67), (52, 82), (40, 53), (77, 117), (39, 72), (14, 110), (70, 118), (5, 113), (85, 106), (20, 25), (84, 89), (19, 63), (73, 98), (61, 124), (75, 123), (38, 107), (112, 114), (2, 68), (36, 97), (33, 80), (74, 81), (45, 51), (12, 48), (49, 76), (41, 99), (28, 95), (88, 92), (4, 59), (105, 108), (3, 115), (54, 120), (46, 101), (8, 50), (35, 104), (29, 94), (71, 103), (9, 119), (23, 90), (87, 93), (78, 96), (15, 116), (26, 55), (64, 109), (30, 86), (17, 34), (100, 111), (7, 69), (1, 83)}
Згенероване вершинне покриття (C): [0, 1, 2, 3, 4, 5, 6, 7, 8, 9, 10, 11, 12, 13, 14, 15, 16, 17, 18, 19, 20, 21, 22, 23, 25, 26, 27, 28, 29, 30, 31, 33, 34, 35, 36, 37, 38, 39, 40, 41, 42, 43, 44, 45, 46, 47, 48, 49, 50, 51, 52, 53, 54, 55, 56, 57, 58, 59, 60, 61, 62, 63, 64, 65, 66, 67, 68, 69, 70, 71, 72, 73, 74, 75, 76, 77, 78, 80, 81, 82, 83, 84, 85, 86, 87, 88, 89, 90, 91, 92, 93, 94, 95, 96, 97, 98, 99, 100, 101, 102, 103, 104, 105, 106, 107, 108, 109, 110, 111, 112, 113, 114, 115, 116, 117, 118, 119, 120, 121, 122, 123, 124]

--- Генерація вершинного покриття (зі списку суміжності) ---
Знайдене максимальне парування (M): {(8, 86), (72, 73), (96, 101), (63, 80), (92, 122), (5, 59), (33, 103), (118, 119), (43, 107), (15, 91), (29, 84), (47, 71), (1, 113), (46, 60), (6, 54), (62, 120), (55, 108), (38, 65), (109, 116), (117, 124), (93, 104), (14, 61), (88, 99), (48, 81), (50, 112), (11, 41), (24, 102), (18, 31), (2, 105), (16, 98), (56, 94), (121, 123), (21, 39), (28, 87), (4, 52), (34, 42), (89, 106), (17, 35), (32, 78), (0, 22), (3, 45), (58, 100), (37, 111), (40, 67), (13, 83), (49, 85), (7, 82), (30, 114), (26, 95), (68, 110), (27, 69), (9, 70), (19, 74), (36, 90), (57, 64), (20, 51), (66, 76), (10, 25), (44, 79), (77, 115), (12, 53), (75, 97)}
Згенероване вершинне покриття (C): [0, 1, 2, 3, 4, 5, 6, 7, 8, 9, 10, 11, 12, 13, 14, 15, 16, 17, 18, 19, 20, 21, 22, 24, 25, 26, 27, 28, 29, 30, 31, 32, 33, 34, 35, 36, 37, 38, 39, 40, 41, 42, 43, 44, 45, 46, 47, 48, 49, 50, 51, 52, 53, 54, 55, 56, 57, 58, 59, 60, 61, 62, 63, 64, 65, 66, 67, 68, 69, 70, 71, 72, 73, 74, 75, 76, 77, 78, 79, 80, 81, 82, 83, 84, 85, 86, 87, 88, 89, 90, 91, 92, 93, 94, 95, 96, 97, 98, 99, 100, 101, 102, 103, 104, 105, 106, 107, 108, 109, 110, 111, 112, 113, 114, 115, 116, 117, 118, 119, 120, 121, 122, 123, 124]

--- Генерація вершинного покриття (зі списку суміжності) ---
Знайдене максимальне парування (M): {(21, 65), (38, 81), (27, 50), (0, 106), (88, 100), (42, 54), (59, 122), (6, 30), (43, 61), (16, 105), (24, 112), (104, 111), (37, 91), (48, 121), (52, 85), (9, 26), (36, 110), (15, 75), (31, 117), (5, 107), (67, 119), (62, 80), (44, 47), (28, 60), (56, 82), (29, 95), (64, 92), (68, 120), (10, 11), (77, 98), (35, 123), (49, 58), (41, 87), (83, 96), (12, 118), (32, 93), (23, 66), (3, 57), (1, 90), (53, 79), (69, 72), (25, 103), (33, 55), (46, 113), (73, 97), (70, 74), (7, 39), (63, 102), (13, 116), (40, 51), (14, 20), (76, 114), (4, 89), (84, 115), (45, 108), (2, 18), (86, 109), (8, 22), (94, 101), (71, 78)}
Згенероване вершинне покриття (C): [0, 1, 2, 3, 4, 5, 6, 7, 8, 9, 10, 11, 12, 13, 14, 15, 16, 18, 20, 21, 22, 23, 24, 25, 26, 27, 28, 29, 30, 31, 32, 33, 35, 36, 37, 38, 39, 40, 41, 42, 43, 44, 45, 46, 47, 48, 49, 50, 51, 52, 53, 54, 55, 56, 57, 58, 59, 60, 61, 62, 63, 64, 65, 66, 67, 68, 69, 70, 71, 72, 73, 74, 75, 76, 77, 78, 79, 80, 81, 82, 83, 84, 85, 86, 87, 88, 89, 90, 91, 92, 93, 94, 95, 96, 97, 98, 100, 101, 102, 103, 104, 105, 106, 107, 108, 109, 110, 111, 112, 113, 114, 115, 116, 117, 118, 119, 120, 121, 122, 123]

--- Генерація вершинного покриття (зі списку суміжності) ---
Знайдене максимальне парування (M): {(12, 123), (102, 117), (68, 94), (0, 100), (29, 87), (46, 97), (54, 80), (76, 113), (49, 96), (42, 60), (35, 112), (5, 19), (86, 105), (8, 70), (31, 47), (17, 30), (26, 63), (7, 114), (57, 69), (32, 82), (37, 39), (45, 55), (6, 78), (56, 64), (53, 77), (28, 51), (61, 118), (34, 73), (93, 122), (15, 99), (74, 121), (3, 21), (9, 71), (59, 81), (65, 66), (38, 116), (95, 107), (18, 110), (14, 33), (104, 119), (27, 36), (24, 83), (43, 90), (50, 111), (92, 120), (11, 98), (25, 91), (72, 89), (1, 41), (44, 52), (58, 75), (20, 103), (62, 109), (16, 115), (23, 108), (4, 40), (13, 67), (84, 124), (22, 106), (48, 79), (2, 85)}
Згенероване вершинне покриття (C): [0, 1, 2, 3, 4, 5, 6, 7, 8, 9, 11, 12, 13, 14, 15, 16, 17, 18, 19, 20, 21, 22, 23, 24, 25, 26, 27, 28, 29, 30, 31, 32, 33, 34, 35, 36, 37, 38, 39, 40, 41, 42, 43, 44, 45, 46, 47, 48, 49, 50, 51, 52, 53, 54, 55, 56, 57, 58, 59, 60, 61, 62, 63, 64, 65, 66, 67, 68, 69, 70, 71, 72, 73, 74, 75, 76, 77, 78, 79, 80, 81, 82, 83, 84, 85, 86, 87, 89, 90, 91, 92, 93, 94, 95, 96, 97, 98, 99, 100, 102, 103, 104, 105, 106, 107, 108, 109, 110, 111, 112, 113, 114, 115, 116, 117, 118, 119, 120, 121, 122, 123, 124]

--- Генерація вершинного покриття (зі списку суміжності) ---
Знайдене максимальне парування (M): {(0, 97), (63, 74), (49, 87), (9, 39), (105, 113), (67, 114), (10, 104), (31, 35), (4, 18), (68, 112), (11, 60), (58, 83), (61, 76), (65, 70), (29, 111), (46, 57), (41, 82), (103, 124), (30, 85), (115, 123), (56, 110), (3, 98), (34, 43), (8, 27), (17, 91), (120, 122), (2, 26), (22, 59), (100, 116), (16, 77), (42, 96), (94, 109), (6, 72), (25, 95), (71, 101), (99, 117), (24, 50), (48, 108), (47, 79), (19, 78), (20, 52), (1, 14), (73, 119), (40, 64), (44, 92), (54, 66), (13, 89), (36, 118), (7, 15), (51, 106), (84, 88), (12, 81), (33, 55), (5, 75), (90, 107), (21, 32), (80, 93), (23, 38), (28, 37), (69, 102), (45, 53), (86, 121)}
Згенероване вершинне покриття (C): [0, 1, 2, 3, 4, 5, 6, 7, 8, 9, 10, 11, 12, 13, 14, 15, 16, 17, 18, 19, 20, 21, 22, 23, 24, 25, 26, 27, 28, 29, 30, 31, 32, 33, 34, 35, 36, 37, 38, 39, 40, 41, 42, 43, 44, 45, 46, 47, 48, 49, 50, 51, 52, 53, 54, 55, 56, 57, 58, 59, 60, 61, 63, 64, 65, 66, 67, 68, 69, 70, 71, 72, 73, 74, 75, 76, 77, 78, 79, 80, 81, 82, 83, 84, 85, 86, 87, 88, 89, 90, 91, 92, 93, 94, 95, 96, 97, 98, 99, 100, 101, 102, 103, 104, 105, 106, 107, 108, 109, 110, 111, 112, 113, 114, 115, 116, 117, 118, 119, 120, 121, 122, 123, 124]

--- Генерація вершинного покриття (зі списку суміжності) ---
Знайдене максимальне парування (M): {(16, 87), (33, 36), (44, 106), (94, 116), (75, 115), (62, 81), (71, 93), (29, 96), (101, 118), (0, 124), (5, 31), (67, 110), (100, 111), (35, 78), (23, 46), (56, 119), (57, 90), (64, 77), (37, 60), (21, 79), (51, 58), (73, 92), (26, 38), (69, 82), (8, 11), (22, 98), (9, 13), (39, 50), (19, 20), (10, 17), (34, 112), (2, 28), (91, 109), (4, 123), (76, 105), (7, 85), (15, 86), (80, 121), (49, 88), (43, 47), (42, 55), (30, 120), (27, 66), (59, 68), (25, 48), (24, 52), (32, 65), (72, 107), (54, 99), (53, 97), (18, 103), (1, 117), (14, 84), (70, 83), (61, 89), (45, 102), (6, 122), (40, 63), (3, 41), (12, 108), (74, 95)}
Згенероване вершинне покриття (C): [0, 1, 2, 3, 4, 5, 6, 7, 8, 9, 10, 11, 12, 13, 14, 15, 16, 17, 18, 19, 20, 21, 22, 23, 24, 25, 26, 27, 28, 29, 30, 31, 32, 33, 34, 35, 36, 37, 38, 39, 40, 41, 42, 43, 44, 45, 46, 47, 48, 49, 50, 51, 52, 53, 54, 55, 56, 57, 58, 59, 60, 61, 62, 63, 64, 65, 66, 67, 68, 69, 70, 71, 72, 73, 74, 75, 76, 77, 78, 79, 80, 81, 82, 83, 84, 85, 86, 87, 88, 89, 90, 91, 92, 93, 94, 95, 96, 97, 98, 99, 100, 101, 102, 103, 105, 106, 107, 108, 109, 110, 111, 112, 115, 116, 117, 118, 119, 120, 121, 122, 123, 124]

--- Генерація вершинного покриття (зі списку суміжності) ---
Знайдене максимальне парування (M): {(50, 107), (54, 65), (42, 106), (13, 33), (81, 91), (16, 93), (59, 82), (72, 97), (36, 86), (51, 80), (6, 112), (21, 52), (5, 31), (34, 104), (23, 46), (32, 79), (87, 116), (20, 117), (28, 109), (7, 19), (88, 99), (41, 45), (15, 26), (85, 115), (84, 89), (2, 108), (0, 68), (18, 49), (12, 27), (71, 110), (39, 53), (102, 103), (44, 77), (3, 100), (29, 122), (70, 105), (43, 90), (8, 38), (63, 75), (64, 67), (1, 96), (83, 111), (66, 98), (69, 121), (24, 40), (94, 120), (60, 124), (37, 62), (74, 114), (55, 76), (48, 101), (9, 119), (35, 113), (47, 78), (57, 58), (10, 123), (25, 118), (11, 73), (17, 92), (61, 95)}
Згенероване вершинне покриття (C): [0, 1, 2, 3, 5, 6, 7, 8, 9, 10, 11, 12, 13, 15, 16, 17, 18, 19, 20, 21, 23, 24, 25, 26, 27, 28, 29, 31, 32, 33, 34, 35, 36, 37, 38, 39, 40, 41, 42, 43, 44, 45, 46, 47, 48, 49, 50, 51, 52, 53, 54, 55, 57, 58, 59, 60, 61, 62, 63, 64, 65, 66, 67, 68, 69, 70, 71, 72, 73, 74, 75, 76, 77, 78, 79, 80, 81, 82, 83, 84, 85, 86, 87, 88, 89, 90, 91, 92, 93, 94, 95, 96, 97, 98, 99, 100, 101, 102, 103, 104, 105, 106, 107, 108, 109, 110, 111, 112, 113, 114, 115, 116, 117, 118, 119, 120, 121, 122, 123, 124]

--- Генерація вершинного покриття (зі списку суміжності) ---
Знайдене максимальне парування (M): {(25, 35), (49, 87), (46, 94), (30, 52), (15, 106), (43, 122), (53, 96), (4, 79), (57, 112), (18, 108), (20, 29), (58, 89), (51, 62), (88, 124), (65, 73), (38, 123), (69, 98), (10, 21), (8, 27), (93, 95), (44, 84), (12, 116), (2, 26), (59, 115), (3, 110), (32, 97), (1, 33), (42, 111), (36, 64), (0, 50), (41, 63), (66, 120), (16, 101), (61, 72), (60, 82), (114, 117), (78, 103), (37, 99), (22, 104), (28, 90), (5, 100), (45, 118), (11, 92), (39, 71), (56, 121), (68, 86), (31, 76), (7, 24), (75, 113), (77, 91), (81, 107), (9, 70), (40, 48), (74, 80), (54, 105), (19, 83), (13, 67), (23, 102), (6, 119), (17, 34), (14, 47)}
Згенероване вершинне покриття (C): [0, 1, 2, 3, 4, 5, 6, 7, 8, 9, 10, 11, 12, 13, 14, 15, 16, 17, 18, 19, 20, 21, 22, 23, 24, 25, 26, 27, 28, 29, 30, 31, 32, 33, 34, 35, 36, 37, 38, 39, 40, 41, 42, 43, 44, 45, 46, 47, 48, 49, 50, 51, 52, 53, 54, 56, 57, 58, 59, 60, 61, 62, 63, 64, 65, 66, 67, 68, 69, 70, 71, 72, 73, 74, 75, 76, 77, 78, 79, 80, 81, 82, 83, 84, 86, 87, 88, 89, 90, 91, 92, 93, 94, 95, 96, 97, 98, 99, 100, 101, 102, 103, 104, 105, 106, 107, 108, 110, 111, 112, 113, 114, 115, 116, 117, 118, 119, 120, 121, 122, 123, 124]

--- Генерація вершинного покриття (зі списку суміжності) ---
Знайдене максимальне парування (M): {(62, 72), (0, 42), (8, 46), (76, 110), (51, 114), (59, 82), (2, 112), (10, 64), (78, 92), (106, 117), (75, 81), (27, 31), (80, 104), (58, 107), (45, 55), (18, 74), (9, 33), (43, 100), (20, 22), (6, 35), (98, 109), (12, 85), (96, 121), (66, 123), (70, 87), (40, 49), (16, 116), (21, 39), (4, 23), (11, 65), (3, 91), (94, 99), (48, 77), (37, 111), (53, 119), (68, 83), (24, 28), (79, 89), (13, 86), (30, 108), (88, 101), (47, 63), (25, 36), (1, 38), (52, 56), (41, 120), (32, 50), (17, 71), (44, 61), (73, 97), (113, 118), (29, 103), (60, 84), (15, 122), (69, 90), (14, 93), (7, 57), (95, 124), (34, 105), (26, 67), (5, 102)}
Згенероване вершинне покриття (C): [0, 1, 2, 3, 4, 5, 6, 7, 8, 9, 10, 11, 12, 13, 14, 15, 16, 17, 18, 20, 21, 22, 23, 24, 25, 26, 27, 28, 29, 30, 31, 32, 33, 34, 35, 36, 37, 38, 39, 40, 41, 42, 43, 44, 45, 46, 47, 48, 49, 50, 51, 52, 53, 55, 56, 57, 58, 59, 60, 61, 62, 63, 64, 65, 66, 67, 68, 69, 70, 71, 72, 73, 74, 75, 76, 77, 78, 79, 80, 81, 82, 83, 84, 85, 86, 87, 88, 89, 90, 91, 92, 93, 94, 95, 96, 97, 98, 99, 100, 101, 102, 103, 104, 105, 106, 107, 108, 109, 110, 111, 112, 113, 114, 116, 117, 118, 119, 120, 121, 122, 123, 124]

--- Генерація вершинного покриття (зі списку суміжності) ---
Знайдене максимальне парування (M): {(90, 91), (85, 113), (27, 62), (63, 89), (71, 102), (103, 112), (28, 82), (77, 96), (33, 69), (79, 121), (23, 34), (45, 104), (60, 98), (61, 97), (10, 24), (16, 19), (111, 122), (56, 70), (72, 78), (75, 105), (68, 93), (36, 64), (7, 86), (13, 41), (0, 114), (29, 101), (6, 38), (58, 76), (25, 55), (20, 31), (5, 15), (99, 123), (21, 106), (4, 35), (84, 107), (81, 120), (22, 110), (12, 54), (46, 80), (65, 87), (2, 83), (40, 67), (51, 100), (9, 37), (14, 118), (47, 57), (43, 44), (26, 92), (52, 117), (3, 124), (48, 95), (32, 50), (11, 116), (30, 59), (108, 119), (18, 39), (17, 74), (49, 109), (73, 115), (42, 88), (66, 94)}
Згенероване вершинне покриття (C): [0, 2, 3, 4, 5, 6, 7, 9, 10, 11, 12, 13, 14, 15, 16, 17, 18, 19, 20, 21, 22, 23, 24, 25, 26, 27, 28, 29, 30, 31, 32, 33, 34, 35, 36, 37, 38, 39, 40, 41, 42, 43, 44, 45, 46, 47, 48, 49, 50, 51, 52, 54, 55, 56, 57, 58, 59, 60, 61, 62, 63, 64, 65, 66, 67, 68, 69, 70, 71, 72, 73, 74, 75, 76, 77, 78, 79, 80, 81, 82, 83, 84, 85, 86, 87, 88, 89, 90, 91, 92, 93, 94, 95, 96, 97, 98, 99, 100, 101, 102, 103, 104, 105, 106, 107, 108, 109, 110, 111, 112, 113, 114, 115, 116, 117, 118, 119, 120, 121, 122, 123, 124]

--- Генерація вершинного покриття (зі списку суміжності) ---
Знайдене максимальне парування (M): {(27, 56), (63, 77), (51, 53), (99, 100), (108, 115), (55, 75), (10, 46), (15, 103), (74, 116), (44, 118), (34, 83), (3, 80), (41, 67), (113, 120), (37, 94), (50, 85), (29, 59), (18, 117), (11, 81), (20, 114), (36, 101), (7, 123), (111, 122), (33, 93), (96, 106), (16, 92), (32, 45), (23, 76), (39, 90), (24, 47), (60, 70), (12, 79), (64, 98), (17, 78), (40, 107), (14, 88), (25, 72), (0, 28), (43, 87), (42, 89), (30, 31), (110, 119), (2, 95), (52, 105), (5, 57), (91, 124), (4, 13), (48, 104), (69, 84), (26, 58), (38, 121), (73, 112), (49, 66), (97, 109), (19, 22), (8, 86), (1, 71), (35, 82), (6, 9), (21, 62), (54, 68)}
Згенероване вершинне покриття (C): [0, 1, 2, 3, 4, 5, 6, 7, 8, 9, 10, 11, 12, 13, 14, 15, 16, 17, 18, 19, 20, 21, 22, 23, 24, 25, 26, 27, 28, 29, 30, 31, 32, 33, 34, 35, 36, 37, 38, 39, 40, 41, 42, 43, 44, 45, 46, 47, 48, 49, 50, 51, 52, 53, 54, 55, 56, 57, 58, 59, 60, 62, 63, 64, 66, 67, 68, 69, 70, 71, 72, 73, 74, 75, 76, 77, 78, 79, 80, 81, 82, 83, 84, 85, 86, 87, 88, 89, 90, 91, 92, 93, 94, 95, 96, 97, 98, 99, 100, 101, 103, 104, 105, 106, 107, 108, 109, 110, 111, 112, 113, 114, 115, 116, 117, 118, 119, 120, 121, 122, 123, 124]

--- Генерація вершинного покриття (зі списку суміжності) ---
Знайдене максимальне парування (M): {(11, 42), (61, 113), (72, 76), (58, 62), (81, 94), (49, 93), (25, 96), (3, 71), (59, 67), (21, 95), (14, 83), (108, 124), (1, 119), (8, 70), (97, 111), (45, 110), (32, 36), (28, 57), (6, 26), (39, 87), (51, 52), (35, 41), (18, 37), (0, 114), (82, 98), (48, 53), (33, 68), (22, 54), (15, 19), (89, 106), (43, 78), (65, 84), (24, 74), (117, 122), (13, 80), (5, 100), (12, 118), (66, 92), (56, 63), (91, 115), (34, 112), (20, 64), (10, 38), (9, 107), (88, 101), (79, 86), (17, 50), (7, 30), (99, 104), (31, 85), (27, 75), (2, 116), (60, 69), (29, 103), (44, 73), (16, 121), (47, 102), (77, 109), (4, 46), (23, 120)}
Згенероване вершинне покриття (C): [0, 1, 2, 3, 4, 5, 6, 7, 8, 9, 10, 11, 12, 13, 14, 15, 16, 17, 18, 19, 20, 21, 22, 23, 24, 25, 26, 27, 28, 29, 30, 31, 32, 33, 34, 35, 36, 37, 38, 39, 41, 42, 43, 44, 45, 46, 47, 48, 49, 50, 51, 52, 53, 54, 56, 57, 58, 59, 60, 61, 62, 63, 64, 65, 66, 67, 68, 69, 70, 71, 72, 73, 74, 75, 76, 77, 78, 79, 80, 81, 82, 83, 84, 85, 86, 87, 88, 89, 91, 92, 93, 94, 95, 96, 97, 98, 99, 100, 101, 102, 103, 104, 106, 107, 108, 109, 110, 111, 112, 113, 114, 115, 116, 117, 118, 119, 120, 121, 122, 124]

--- Генерація вершинного покриття (зі списку суміжності) ---
Знайдене максимальне парування (M): {(7, 72), (2, 94), (37, 119), (14, 62), (10, 49), (41, 52), (0, 103), (3, 71), (82, 96), (16, 102), (32, 58), (101, 115), (6, 100), (38, 44), (43, 64), (26, 48), (28, 79), (55, 108), (23, 46), (8, 39), (27, 116), (33, 47), (30, 57), (5, 9), (42, 117), (35, 105), (85, 121), (24, 50), (86, 92), (89, 91), (20, 95), (53, 112), (12, 97), (15, 59), (104, 122), (40, 110), (77, 107), (11, 80), (65, 84), (56, 109), (67, 118), (4, 114), (111, 124), (18, 76), (1, 29), (51, 106), (17, 120), (70, 123), (25, 54), (45, 87), (69, 78), (61, 74), (81, 113), (36, 90), (34, 99), (60, 93), (19, 22), (83, 98), (75, 88), (63, 68), (13, 21), (31, 66)}
Згенероване вершинне покриття (C): [0, 1, 2, 3, 4, 5, 6, 7, 8, 9, 10, 11, 12, 13, 14, 15, 16, 17, 18, 19, 20, 21, 22, 23, 24, 25, 26, 27, 28, 29, 30, 31, 32, 33, 34, 35, 36, 37, 38, 39, 40, 41, 42, 43, 44, 45, 46, 47, 48, 49, 50, 51, 52, 53, 54, 55, 56, 57, 58, 59, 60, 61, 62, 63, 64, 65, 66, 67, 68, 69, 70, 71, 72, 74, 75, 76, 77, 78, 79, 80, 81, 82, 83, 84, 85, 86, 87, 88, 89, 90, 91, 92, 93, 94, 95, 96, 97, 98, 99, 100, 101, 102, 103, 104, 105, 106, 107, 108, 109, 110, 111, 112, 113, 114, 115, 116, 117, 118, 119, 120, 121, 122, 123, 124]

--- Генерація вершинного покриття (зі списку суміжності) ---
Знайдене максимальне парування (M): {(69, 117), (34, 62), (33, 39), (43, 49), (107, 113), (116, 119), (17, 73), (15, 115), (3, 31), (83, 88), (16, 71), (86, 114), (32, 91), (27, 46), (48, 75), (1, 24), (55, 65), (29, 74), (44, 93), (6, 84), (4, 121), (2, 102), (92, 124), (26, 38), (21, 82), (41, 66), (54, 100), (5, 85), (0, 10), (9, 28), (47, 103), (52, 90), (30, 35), (87, 118), (13, 77), (40, 67), (80, 109), (51, 97), (60, 112), (37, 53), (7, 76), (8, 95), (22, 61), (12, 63), (68, 89), (19, 50), (108, 122), (96, 123), (11, 58), (81, 110), (64, 94), (104, 106), (42, 79), (14, 99), (18, 57), (70, 101), (25, 72), (78, 111), (36, 105), (56, 120), (45, 59)}
Згенероване вершинне покриття (C): [0, 1, 2, 3, 4, 5, 6, 7, 8, 9, 10, 11, 12, 13, 14, 15, 16, 17, 18, 19, 21, 22, 24, 25, 26, 27, 28, 29, 30, 31, 32, 33, 34, 35, 36, 37, 38, 39, 40, 41, 42, 43, 44, 45, 46, 47, 48, 49, 50, 51, 52, 53, 54, 55, 56, 57, 58, 59, 60, 61, 62, 63, 64, 65, 66, 67, 68, 69, 70, 71, 72, 73, 74, 75, 76, 77, 78, 79, 80, 81, 82, 83, 84, 85, 86, 87, 88, 89, 90, 91, 92, 93, 94, 95, 96, 97, 99, 100, 101, 102, 103, 104, 105, 106, 107, 108, 109, 110, 111, 112, 113, 114, 115, 116, 117, 118, 119, 120, 121, 122, 123, 124]

--- Генерація вершинного покриття (зі списку суміжності) ---
Знайдене максимальне парування (M): {(32, 34), (15, 30), (10, 43), (48, 103), (19, 119), (39, 94), (69, 74), (84, 105), (20, 93), (12, 31), (75, 78), (45, 101), (66, 72), (22, 47), (18, 123), (97, 117), (110, 112), (68, 96), (3, 58), (25, 40), (7, 28), (0, 108), (5, 70), (36, 76), (35, 50), (24, 56), (4, 81), (46, 114), (67, 88), (27, 82), (51, 73), (55, 92), (77, 95), (1, 11), (26, 65), (62, 116), (6, 59), (89, 106), (23, 109), (13, 16), (17, 38), (2, 80), (53, 107), (9, 98), (100, 124), (8, 44), (79, 86), (85, 102), (42, 49), (37, 71), (33, 52), (57, 122), (14, 90), (113, 121), (60, 87), (21, 111), (41, 83), (29, 63), (91, 99), (64, 115), (54, 120), (61, 104)}
Згенероване вершинне покриття (C): [0, 1, 2, 3, 4, 5, 6, 7, 8, 9, 10, 11, 12, 13, 14, 15, 16, 17, 18, 19, 20, 21, 22, 23, 24, 25, 26, 27, 28, 29, 30, 31, 32, 33, 34, 35, 36, 37, 38, 39, 40, 41, 42, 43, 44, 45, 46, 47, 48, 49, 50, 51, 52, 53, 54, 55, 56, 57, 58, 59, 60, 61, 62, 63, 64, 65, 66, 67, 68, 69, 70, 71, 72, 73, 74, 75, 76, 77, 78, 79, 80, 81, 82, 83, 84, 85, 86, 87, 88, 89, 90, 91, 92, 93, 94, 95, 96, 97, 98, 99, 100, 101, 102, 103, 104, 105, 106, 107, 108, 109, 110, 111, 112, 113, 114, 115, 116, 117, 119, 120, 121, 122, 123, 124]

--- Генерація вершинного покриття (зі списку суміжності) ---
Знайдене максимальне парування (M): {(23, 123), (47, 53), (79, 88), (22, 60), (24, 36), (67, 71), (10, 49), (63, 86), (96, 107), (18, 32), (52, 70), (39, 106), (35, 69), (14, 34), (85, 91), (21, 55), (45, 46), (77, 117), (94, 100), (0, 93), (33, 41), (8, 112), (5, 64), (20, 83), (118, 124), (1, 115), (99, 120), (9, 16), (66, 68), (2, 74), (31, 119), (50, 102), (75, 101), (51, 97), (42, 98), (110, 116), (13, 28), (38, 82), (105, 111), (44, 95), (37, 62), (76, 108), (72, 89), (59, 65), (56, 84), (4, 19), (12, 26), (78, 87), (121, 122), (11, 58), (15, 113), (7, 109), (40, 48), (3, 29), (61, 92), (43, 80), (27, 90), (54, 114), (25, 81), (17, 104), (6, 73)}
Згенероване вершинне покриття (C): [0, 1, 2, 3, 4, 5, 6, 7, 8, 9, 10, 11, 12, 13, 14, 15, 16, 17, 18, 19, 20, 21, 22, 23, 24, 25, 26, 27, 28, 29, 31, 32, 33, 34, 35, 36, 37, 38, 39, 40, 41, 42, 43, 44, 45, 46, 47, 48, 49, 50, 51, 52, 53, 54, 55, 56, 58, 59, 60, 61, 62, 63, 64, 65, 66, 67, 68, 69, 70, 71, 72, 73, 74, 75, 76, 77, 78, 79, 80, 81, 82, 83, 84, 85, 86, 87, 88, 89, 90, 91, 92, 93, 94, 95, 96, 97, 98, 99, 100, 101, 102, 104, 105, 106, 107, 108, 109, 110, 111, 112, 113, 114, 115, 116, 117, 118, 119, 120, 121, 122, 123, 124]

--- Генерація вершинного покриття (зі списку суміжності) ---
Знайдене максимальне парування (M): {(32, 101), (93, 111), (34, 68), (8, 113), (28, 61), (108, 109), (6, 15), (12, 13), (65, 107), (3, 16), (21, 86), (56, 80), (116, 119), (82, 105), (44, 124), (26, 112), (5, 22), (9, 20), (62, 114), (84, 120), (103, 121), (76, 85), (102, 110), (45, 122), (29, 71), (77, 123), (79, 96), (52, 54), (25, 104), (30, 118), (2, 41), (50, 63), (27, 70), (67, 73), (0, 117), (89, 91), (59, 90), (14, 97), (18, 55), (19, 87), (17, 99), (43, 81), (33, 83), (1, 23), (100, 115), (10, 35), (37, 53), (48, 92), (47, 75), (24, 46), (58, 78), (7, 39), (49, 51), (31, 106), (57, 64), (4, 95), (40, 69), (38, 60), (94, 98), (66, 88)}
Згенероване вершинне покриття (C): [0, 1, 2, 3, 4, 5, 6, 7, 8, 9, 10, 12, 13, 14, 15, 16, 17, 18, 19, 20, 21, 22, 23, 24, 25, 26, 27, 28, 29, 30, 31, 32, 33, 34, 35, 37, 38, 39, 40, 41, 43, 44, 45, 46, 47, 48, 49, 50, 51, 52, 53, 54, 55, 56, 57, 58, 59, 60, 61, 62, 63, 64, 65, 66, 67, 68, 69, 70, 71, 73, 75, 76, 77, 78, 79, 80, 81, 82, 83, 84, 85, 86, 87, 88, 89, 90, 91, 92, 93, 94, 95, 96, 97, 98, 99, 100, 101, 102, 103, 104, 105, 106, 107, 108, 109, 110, 111, 112, 113, 114, 115, 116, 117, 118, 119, 120, 121, 122, 123, 124]

--- Генерація вершинного покриття (зі списку суміжності) ---
Знайдене максимальне парування (M): {(37, 116), (64, 69), (19, 113), (7, 20), (35, 97), (33, 103), (76, 110), (16, 38), (3, 10), (36, 111), (15, 88), (18, 32), (75, 121), (45, 89), (31, 96), (51, 68), (2, 57), (9, 124), (30, 82), (106, 117), (72, 118), (25, 74), (78, 107), (0, 26), (27, 101), (28, 100), (1, 85), (13, 29), (56, 70), (73, 83), (4, 63), (44, 105), (12, 79), (23, 24), (53, 92), (52, 66), (112, 120), (55, 95), (81, 123), (49, 122), (6, 62), (14, 115), (50, 108), (65, 90), (34, 60), (43, 93), (71, 94), (42, 61), (40, 91), (47, 84), (59, 77), (54, 99), (39, 104), (21, 102), (46, 119), (5, 87), (41, 80), (48, 58), (8, 22), (86, 109), (17, 98), (67, 114)}
Згенероване вершинне покриття (C): [0, 1, 2, 3, 4, 5, 6, 7, 8, 9, 10, 12, 13, 14, 15, 16, 17, 18, 19, 20, 21, 22, 23, 24, 25, 26, 27, 28, 29, 30, 31, 32, 33, 34, 35, 36, 37, 38, 39, 40, 41, 42, 43, 44, 45, 46, 47, 48, 49, 50, 51, 52, 53, 54, 55, 56, 57, 58, 59, 60, 61, 62, 63, 64, 65, 66, 67, 68, 69, 70, 71, 72, 73, 74, 75, 76, 77, 78, 79, 80, 81, 82, 83, 84, 85, 86, 87, 88, 89, 90, 91, 92, 93, 94, 95, 96, 97, 98, 99, 100, 101, 102, 103, 104, 105, 106, 107, 108, 109, 110, 111, 112, 113, 114, 115, 116, 117, 118, 119, 120, 121, 122, 123, 124]

--- Генерація вершинного покриття (зі списку суміжності) ---
Знайдене максимальне парування (M): {(16, 26), (62, 78), (58, 114), (35, 97), (32, 110), (85, 113), (19, 116), (31, 84), (43, 55), (86, 90), (63, 104), (20, 38), (40, 111), (2, 124), (6, 60), (80, 107), (30, 42), (10, 91), (28, 48), (45, 64), (50, 54), (81, 87), (23, 73), (7, 22), (17, 115), (88, 102), (98, 109), (21, 82), (56, 79), (5, 18), (1, 112), (24, 53), (46, 59), (103, 117), (12, 100), (68, 71), (95, 122), (4, 41), (14, 106), (39, 123), (93, 94), (8, 99), (65, 105), (69, 121), (44, 49), (3, 11), (47, 75), (51, 57), (27, 66), (29, 33), (74, 120), (25, 118), (9, 67), (15, 52), (36, 96), (0, 70), (72, 119), (76, 77), (34, 108), (61, 89), (83, 101)}
Згенероване вершинне покриття (C): [0, 1, 2, 3, 4, 5, 6, 7, 8, 9, 10, 11, 12, 14, 15, 16, 17, 18, 19, 20, 21, 22, 23, 24, 25, 26, 27, 28, 29, 30, 31, 32, 33, 34, 35, 36, 38, 39, 40, 41, 42, 43, 44, 45, 46, 47, 48, 49, 50, 51, 52, 53, 54, 55, 56, 57, 58, 59, 60, 61, 62, 63, 64, 65, 66, 67, 68, 69, 70, 71, 72, 73, 74, 75, 76, 77, 78, 79, 80, 81, 82, 83, 84, 85, 86, 87, 88, 89, 90, 91, 93, 94, 95, 96, 97, 98, 99, 100, 101, 102, 103, 104, 105, 106, 107, 108, 109, 110, 111, 112, 113, 114, 115, 116, 117, 118, 119, 120, 121, 122, 123, 124]

--- Генерація вершинного покриття (зі списку суміжності) ---
Знайдене максимальне парування (M): {(4, 61), (27, 50), (15, 88), (75, 115), (13, 39), (59, 82), (104, 108), (2, 112), (58, 89), (9, 72), (20, 105), (22, 41), (106, 114), (49, 71), (44, 96), (51, 95), (102, 113), (73, 77), (74, 100), (68, 93), (18, 28), (42, 56), (35, 38), (25, 43), (52, 118), (85, 124), (17, 69), (33, 120), (86, 92), (54, 91), (26, 111), (60, 79), (87, 97), (64, 101), (12, 36), (45, 103), (8, 23), (0, 19), (29, 55), (24, 80), (5, 109), (63, 78), (40, 76), (14, 121), (16, 94), (90, 98), (99, 107), (116, 123), (32, 117), (81, 110), (37, 83), (1, 53), (11, 122), (3, 84), (46, 119), (10, 65), (34, 47), (48, 70), (30, 31), (62, 66), (6, 67)}
Згенероване вершинне покриття (C): [0, 1, 2, 3, 4, 5, 6, 8, 9, 10, 11, 12, 13, 14, 15, 16, 17, 18, 19, 20, 22, 23, 24, 25, 26, 27, 28, 29, 30, 31, 32, 33, 34, 35, 36, 37, 38, 39, 40, 41, 42, 43, 44, 45, 46, 47, 48, 49, 50, 51, 52, 53, 54, 55, 56, 58, 59, 60, 61, 62, 63, 64, 65, 66, 67, 68, 69, 70, 71, 72, 73, 74, 75, 76, 77, 78, 79, 80, 81, 82, 83, 84, 85, 86, 87, 88, 89, 90, 91, 92, 93, 94, 95, 96, 97, 98, 99, 100, 101, 102, 103, 104, 105, 106, 107, 108, 109, 110, 111, 112, 113, 114, 115, 116, 117, 118, 119, 120, 121, 122, 123, 124]

--- Генерація вершинного покриття (зі списку суміжності) ---
Знайдене максимальне парування (M): {(105, 110), (72, 73), (14, 114), (91, 120), (5, 53), (28, 58), (75, 118), (63, 104), (25, 62), (8, 15), (1, 3), (26, 66), (7, 71), (76, 86), (41, 103), (6, 20), (49, 83), (30, 45), (67, 119), (50, 115), (29, 69), (39, 96), (22, 98), (17, 23), (21, 109), (51, 82), (78, 106), (97, 107), (93, 94), (57, 74), (11, 92), (37, 111), (65, 90), (100, 124), (19, 108), (10, 38), (33, 101), (16, 27), (80, 121), (24, 34), (13, 40), (55, 79), (32, 47), (9, 116), (99, 113), (61, 68), (4, 77), (43, 59), (36, 81), (46, 122), (31, 42), (48, 52), (35, 70), (18, 112), (54, 56), (12, 44), (89, 117), (0, 88), (2, 85), (87, 123), (60, 102)}
Згенероване вершинне покриття (C): [0, 1, 2, 3, 4, 5, 6, 7, 8, 9, 10, 11, 12, 13, 14, 15, 16, 17, 18, 19, 20, 21, 22, 23, 24, 25, 26, 27, 28, 29, 30, 31, 32, 33, 34, 35, 36, 37, 38, 39, 40, 41, 42, 43, 44, 45, 46, 47, 48, 49, 50, 51, 52, 53, 54, 55, 56, 57, 58, 59, 60, 61, 62, 63, 65, 66, 67, 68, 69, 70, 71, 72, 73, 74, 75, 76, 77, 78, 79, 80, 81, 82, 83, 85, 86, 87, 88, 89, 90, 91, 92, 93, 94, 96, 97, 98, 99, 100, 101, 102, 103, 104, 105, 106, 107, 108, 109, 110, 111, 112, 113, 114, 115, 116, 117, 118, 119, 120, 121, 122, 123, 124]

--- Генерація вершинного покриття (зі списку суміжності) ---
Знайдене максимальне парування (M): {(72, 73), (24, 27), (8, 46), (66, 109), (17, 122), (33, 118), (31, 90), (84, 93), (16, 105), (41, 64), (39, 45), (11, 75), (5, 28), (43, 79), (18, 53), (13, 69), (23, 49), (22, 47), (6, 121), (54, 61), (58, 110), (55, 56), (111, 116), (34, 119), (30, 106), (0, 32), (76, 97), (88, 102), (74, 124), (44, 120), (42, 62), (37, 78), (51, 70), (68, 114), (1, 63), (80, 91), (81, 117), (104, 113), (95, 107), (112, 123), (67, 100), (10, 20), (9, 89), (21, 115), (19, 99), (7, 85), (71, 94), (65, 108), (26, 101), (15, 40), (2, 52), (4, 86), (36, 96), (14, 35), (77, 103), (50, 92), (3, 38), (83, 98), (29, 60), (57, 82), (25, 87), (12, 59)}
Згенероване вершинне покриття (C): [0, 1, 2, 3, 4, 5, 6, 7, 8, 9, 10, 11, 12, 13, 14, 15, 16, 17, 18, 19, 20, 21, 22, 23, 24, 25, 26, 27, 28, 29, 30, 31, 32, 33, 34, 35, 36, 37, 38, 39, 40, 41, 42, 43, 44, 45, 46, 47, 49, 50, 51, 52, 53, 54, 55, 56, 57, 58, 59, 60, 61, 62, 63, 64, 65, 66, 67, 68, 69, 70, 71, 72, 73, 74, 75, 76, 77, 78, 79, 80, 81, 82, 83, 84, 85, 86, 87, 88, 89, 90, 91, 92, 93, 94, 95, 96, 97, 98, 99, 100, 101, 102, 103, 104, 105, 106, 107, 108, 109, 110, 111, 112, 113, 114, 115, 116, 117, 118, 119, 120, 121, 122, 123, 124]

--- Генерація вершинного покриття (зі списку суміжності) ---
Знайдене максимальне парування (M): {(58, 59), (60, 102), (75, 115), (6, 24), (63, 101), (15, 45), (43, 122), (121, 124), (17, 85), (18, 56), (69, 111), (25, 65), (44, 87), (80, 110), (7, 71), (67, 105), (38, 86), (50, 112), (9, 53), (41, 57), (32, 54), (39, 93), (20, 92), (13, 114), (47, 79), (78, 94), (23, 36), (12, 42), (73, 113), (1, 5), (19, 81), (11, 28), (14, 51), (100, 109), (21, 66), (2, 22), (46, 89), (96, 99), (77, 116), (0, 40), (3, 48), (33, 49), (26, 37), (29, 30), (64, 82), (88, 107), (61, 62), (98, 117), (108, 119), (70, 74), (95, 103), (34, 84), (55, 91), (10, 68), (72, 104), (8, 83), (27, 90), (106, 118), (35, 76), (4, 52), (120, 123)}
Згенероване вершинне покриття (C): [0, 1, 2, 3, 4, 5, 6, 7, 8, 9, 10, 11, 12, 13, 14, 15, 17, 18, 19, 20, 21, 22, 23, 24, 25, 26, 27, 28, 29, 30, 32, 33, 34, 35, 36, 37, 38, 39, 40, 41, 42, 43, 44, 45, 46, 47, 48, 49, 50, 51, 52, 53, 54, 55, 56, 57, 58, 59, 60, 61, 62, 63, 64, 65, 66, 67, 68, 69, 70, 71, 72, 73, 74, 75, 76, 77, 78, 79, 80, 81, 82, 83, 84, 85, 86, 87, 88, 89, 90, 91, 92, 93, 94, 95, 96, 98, 99, 100, 101, 102, 103, 104, 105, 106, 107, 108, 109, 110, 111, 112, 113, 114, 115, 116, 117, 118, 119, 120, 121, 122, 123, 124]

--- Генерація вершинного покриття (зі списку суміжності) ---
Знайдене максимальне парування (M): {(10, 95), (7, 17), (62, 72), (38, 87), (0, 106), (22, 69), (71, 96), (24, 39), (30, 61), (18, 102), (59, 79), (29, 108), (49, 50), (90, 121), (56, 105), (48, 66), (36, 98), (67, 113), (53, 120), (28, 100), (27, 43), (41, 103), (32, 97), (75, 111), (3, 9), (16, 40), (25, 101), (76, 118), (23, 94), (5, 82), (47, 91), (1, 2), (78, 88), (11, 68), (60, 85), (15, 123), (115, 119), (55, 110), (45, 54), (57, 80), (19, 35), (44, 86), (14, 112), (37, 117), (63, 84), (33, 46), (6, 31), (4, 74), (12, 20), (65, 114), (42, 73), (104, 109), (13, 58), (34, 99), (26, 116), (81, 122), (8, 77), (83, 89), (51, 93), (52, 92), (70, 107)}
Згенероване вершинне покриття (C): [0, 1, 2, 3, 4, 5, 6, 7, 8, 9, 10, 11, 12, 13, 14, 15, 16, 17, 18, 19, 20, 22, 23, 24, 25, 26, 27, 28, 29, 30, 31, 32, 33, 34, 35, 36, 37, 38, 39, 40, 41, 42, 43, 44, 45, 46, 47, 48, 49, 50, 51, 52, 53, 54, 55, 56, 57, 58, 59, 60, 61, 62, 63, 65, 66, 67, 68, 69, 70, 71, 72, 73, 74, 75, 76, 77, 78, 79, 80, 81, 82, 83, 84, 85, 86, 87, 88, 89, 90, 91, 92, 93, 94, 95, 96, 97, 98, 99, 100, 101, 102, 103, 104, 105, 106, 107, 108, 109, 110, 111, 112, 113, 114, 115, 116, 117, 118, 119, 120, 121, 122, 123]

--- Генерація вершинного покриття (зі списку суміжності) ---
Знайдене максимальне парування (M): {(27, 105), (90, 94), (5, 120), (11, 48), (83, 119), (61, 64), (99, 115), (28, 73), (23, 86), (29, 41), (36, 89), (26, 118), (30, 85), (75, 87), (1, 76), (72, 121), (8, 33), (56, 116), (13, 20), (77, 114), (38, 80), (37, 51), (14, 55), (42, 47), (52, 109), (19, 54), (21, 79), (18, 34), (46, 111), (78, 91), (24, 123), (0, 10), (62, 107), (39, 53), (66, 71), (70, 93), (16, 67), (59, 108), (7, 9), (49, 82), (32, 96), (100, 124), (25, 88), (69, 112), (58, 63), (44, 98), (35, 95), (31, 60), (74, 117), (2, 43), (101, 110), (12, 81), (3, 17), (65, 68), (97, 103), (6, 113), (15, 122), (4, 40), (22, 106), (45, 102), (50, 104)}
Згенероване вершинне покриття (C): [0, 1, 2, 3, 4, 5, 6, 7, 8, 9, 10, 11, 12, 13, 14, 15, 16, 17, 18, 19, 20, 21, 22, 23, 24, 25, 26, 27, 28, 29, 30, 31, 32, 33, 34, 35, 36, 37, 38, 39, 40, 41, 42, 43, 44, 45, 46, 47, 48, 49, 50, 51, 52, 53, 54, 55, 56, 58, 59, 60, 61, 62, 63, 64, 65, 66, 67, 68, 69, 70, 71, 72, 73, 74, 75, 76, 77, 78, 79, 80, 81, 82, 83, 85, 86, 87, 88, 89, 90, 91, 93, 94, 95, 96, 97, 98, 99, 100, 101, 102, 103, 104, 105, 106, 107, 108, 109, 110, 111, 112, 113, 114, 115, 116, 117, 118, 119, 120, 121, 122, 123, 124]

--- Генерація вершинного покриття (зі списку суміжності) ---
Знайдене максимальне парування (M): {(57, 91), (8, 98), (73, 75), (46, 94), (3, 117), (4, 67), (51, 56), (19, 55), (18, 84), (47, 77), (29, 35), (0, 112), (64, 90), (2, 118), (53, 93), (33, 124), (5, 89), (41, 82), (16, 123), (12, 104), (9, 81), (7, 108), (31, 114), (50, 97), (87, 122), (60, 110), (52, 100), (24, 32), (1, 106), (25, 101), (76, 109), (37, 72), (44, 120), (34, 79), (96, 121), (21, 27), (6, 105), (102, 103), (86, 119), (54, 63), (40, 70), (48, 80), (15, 28), (42, 113), (30, 111), (26, 95), (39, 92), (20, 88), (14, 17), (69, 78), (11, 58), (61, 74), (59, 83), (43, 68), (10, 65), (23, 99), (62, 115), (49, 66), (22, 45), (36, 38), (13, 85)}
Згенероване вершинне покриття (C): [0, 1, 2, 3, 4, 5, 6, 7, 8, 9, 10, 11, 12, 13, 14, 15, 16, 17, 18, 19, 20, 21, 22, 23, 24, 25, 26, 27, 28, 29, 30, 31, 32, 33, 34, 35, 36, 37, 38, 39, 40, 41, 42, 43, 44, 45, 46, 47, 48, 49, 50, 51, 52, 53, 54, 55, 56, 57, 58, 59, 60, 61, 62, 63, 64, 65, 66, 67, 68, 69, 70, 72, 73, 74, 75, 76, 77, 78, 79, 80, 81, 82, 83, 84, 85, 86, 87, 88, 89, 90, 91, 92, 93, 94, 95, 96, 97, 98, 99, 100, 101, 102, 103, 104, 105, 106, 108, 109, 110, 111, 112, 113, 114, 115, 117, 118, 119, 120, 121, 122, 123, 124]

--- Генерація вершинного покриття (зі списку суміжності) ---
Знайдене максимальне парування (M): {(56, 65), (102, 117), (46, 88), (48, 91), (96, 110), (29, 87), (90, 112), (28, 67), (22, 81), (36, 80), (78, 83), (32, 122), (4, 24), (123, 124), (47, 92), (1, 3), (10, 73), (18, 53), (2, 75), (21, 113), (31, 68), (61, 109), (6, 72), (27, 52), (51, 55), (17, 60), (62, 86), (54, 85), (76, 115), (14, 82), (98, 121), (34, 42), (103, 120), (45, 100), (59, 99), (13, 71), (38, 64), (7, 58), (8, 84), (50, 93), (19, 35), (37, 105), (57, 89), (41, 44), (0, 40), (69, 118), (30, 111), (33, 104), (16, 97), (5, 66), (49, 106), (108, 119), (12, 20), (26, 107), (101, 116), (23, 114), (77, 94), (25, 63), (9, 79), (11, 15), (43, 74), (39, 70)}
Згенероване вершинне покриття (C): [0, 1, 2, 3, 4, 5, 6, 7, 8, 9, 10, 11, 12, 13, 14, 15, 16, 17, 18, 19, 20, 21, 22, 23, 24, 25, 26, 27, 28, 29, 30, 31, 32, 33, 34, 35, 36, 37, 38, 39, 40, 41, 42, 43, 44, 45, 46, 47, 48, 49, 50, 51, 52, 53, 54, 55, 56, 57, 58, 59, 60, 61, 62, 63, 64, 65, 66, 67, 68, 69, 70, 71, 72, 73, 74, 75, 76, 77, 78, 79, 80, 81, 82, 83, 84, 85, 86, 87, 88, 89, 90, 91, 92, 93, 94, 96, 97, 98, 99, 100, 101, 102, 103, 104, 105, 106, 107, 108, 109, 110, 111, 112, 113, 114, 115, 116, 117, 118, 119, 120, 121, 122, 123, 124]

--- Генерація вершинного покриття (зі списку суміжності) ---
Знайдене максимальне парування (M): {(93, 102), (92, 122), (17, 110), (99, 100), (58, 68), (19, 116), (60, 62), (63, 89), (16, 96), (5, 13), (25, 108), (38, 105), (2, 51), (46, 118), (61, 76), (11, 69), (29, 50), (10, 21), (37, 39), (47, 104), (26, 75), (49, 74), (24, 87), (1, 91), (65, 94), (80, 107), (36, 55), (28, 57), (6, 32), (14, 67), (35, 41), (72, 90), (3, 70), (40, 95), (114, 117), (77, 101), (27, 88), (48, 123), (12, 54), (9, 34), (15, 83), (79, 86), (30, 120), (66, 113), (56, 78), (45, 81), (22, 85), (20, 33), (44, 119), (0, 73), (31, 106), (43, 71), (84, 109), (18, 112), (53, 115), (42, 82), (59, 98), (7, 124), (23, 111), (4, 52), (64, 121)}
Згенероване вершинне покриття (C): [0, 1, 2, 3, 4, 5, 6, 7, 9, 10, 11, 12, 13, 14, 15, 16, 17, 18, 19, 20, 21, 22, 23, 24, 25, 26, 27, 28, 29, 30, 31, 32, 33, 34, 35, 36, 37, 38, 39, 40, 41, 42, 43, 44, 45, 46, 47, 48, 49, 50, 51, 52, 53, 54, 55, 56, 57, 58, 59, 60, 61, 62, 63, 64, 65, 66, 67, 68, 69, 70, 71, 72, 73, 74, 75, 76, 77, 78, 79, 80, 81, 82, 83, 84, 85, 86, 87, 88, 89, 90, 91, 92, 93, 94, 95, 96, 98, 99, 100, 101, 102, 104, 105, 106, 107, 108, 109, 110, 111, 112, 113, 114, 115, 116, 117, 118, 119, 120, 121, 122, 123, 124]

--- Генерація вершинного покриття (зі списку суміжності) ---
Знайдене максимальне парування (M): {(32, 37), (7, 72), (93, 111), (12, 71), (35, 36), (25, 96), (26, 88), (53, 78), (2, 103), (3, 80), (64, 90), (42, 69), (67, 86), (60, 74), (8, 76), (10, 73), (31, 41), (18, 114), (27, 89), (49, 117), (48, 66), (83, 106), (17, 112), (28, 63), (39, 87), (5, 119), (105, 118), (79, 108), (11, 68), (30, 75), (0, 65), (59, 84), (82, 122), (29, 52), (62, 116), (55, 110), (50, 99), (1, 23), (44, 95), (13, 92), (4, 56), (43, 102), (58, 121), (14, 124), (51, 54), (46, 98), (19, 120), (15, 40), (70, 77), (38, 100), (45, 81), (24, 113), (20, 94), (101, 107), (57, 104), (21, 47), (22, 97), (16, 115), (9, 91), (109, 123)}
Згенероване вершинне покриття (C): [0, 1, 2, 3, 4, 5, 7, 8, 9, 10, 11, 12, 13, 14, 15, 16, 17, 18, 19, 20, 21, 22, 23, 24, 25, 26, 27, 28, 29, 30, 31, 32, 35, 36, 37, 38, 39, 40, 41, 42, 43, 44, 45, 46, 47, 48, 49, 50, 51, 52, 53, 54, 55, 56, 57, 58, 59, 60, 62, 63, 64, 65, 66, 67, 68, 69, 70, 71, 72, 73, 74, 75, 76, 77, 78, 79, 80, 81, 82, 83, 84, 86, 87, 88, 89, 90, 91, 92, 93, 94, 95, 96, 97, 98, 99, 100, 101, 102, 103, 104, 105, 106, 107, 108, 109, 110, 111, 112, 113, 114, 115, 116, 117, 118, 119, 120, 121, 122, 123, 124]

--- Генерація вершинного покриття (зі списку суміжності) ---
Знайдене максимальне парування (M): {(92, 116), (89, 123), (0, 100), (11, 42), (48, 106), (33, 75), (55, 99), (83, 91), (39, 124), (85, 88), (3, 49), (31, 117), (29, 65), (51, 98), (5, 46), (10, 36), (67, 105), (27, 58), (28, 118), (57, 93), (44, 47), (17, 66), (24, 108), (90, 102), (19, 121), (18, 101), (82, 104), (14, 15), (70, 81), (41, 69), (50, 87), (34, 45), (30, 96), (22, 52), (21, 62), (110, 113), (59, 111), (35, 80), (56, 63), (77, 122), (2, 25), (13, 86), (20, 73), (38, 76), (72, 74), (7, 97), (79, 107), (112, 119), (8, 71), (6, 43), (23, 32), (84, 115), (37, 95), (4, 40), (26, 64), (1, 16), (54, 120), (12, 53), (78, 114), (9, 94)}
Згенероване вершинне покриття (C): [0, 1, 2, 3, 4, 5, 6, 7, 8, 9, 10, 11, 12, 13, 14, 15, 16, 17, 18, 19, 20, 21, 22, 23, 24, 25, 26, 27, 28, 29, 30, 31, 32, 33, 34, 35, 36, 37, 38, 39, 40, 41, 42, 43, 44, 45, 46, 47, 48, 49, 50, 51, 52, 53, 54, 55, 56, 57, 58, 59, 62, 63, 64, 65, 66, 67, 69, 70, 71, 72, 73, 74, 75, 76, 77, 78, 79, 80, 81, 82, 83, 84, 85, 86, 87, 88, 89, 90, 91, 92, 93, 94, 95, 96, 97, 98, 99, 100, 101, 102, 104, 105, 106, 107, 108, 110, 111, 112, 113, 114, 115, 116, 117, 118, 119, 120, 121, 122, 123, 124]

--- Генерація вершинного покриття (зі списку суміжності) ---
Знайдене максимальне парування (M): {(6, 12), (94, 113), (5, 53), (20, 78), (24, 100), (56, 74), (35, 39), (1, 52), (4, 79), (72, 103), (15, 45), (61, 76), (104, 117), (47, 86), (22, 102), (64, 111), (23, 107), (10, 30), (119, 123), (48, 81), (31, 80), (49, 95), (42, 59), (83, 121), (85, 118), (46, 105), (28, 43), (11, 68), (44, 65), (3, 88), (89, 97), (41, 90), (109, 112), (21, 62), (7, 73), (36, 115), (60, 106), (77, 122), (9, 37), (70, 114), (33, 98), (17, 120), (13, 40), (75, 110), (71, 91), (108, 116), (63, 96), (16, 54), (87, 99), (26, 55), (25, 69), (14, 38), (2, 18), (82, 124), (50, 101), (51, 93), (0, 27), (19, 34), (32, 92)}
Згенероване вершинне покриття (C): [0, 1, 2, 3, 4, 5, 6, 7, 9, 10, 11, 12, 13, 14, 15, 16, 17, 18, 19, 20, 21, 22, 23, 24, 25, 26, 27, 28, 30, 31, 32, 33, 34, 35, 36, 37, 38, 39, 40, 41, 42, 43, 44, 45, 46, 47, 48, 49, 50, 51, 52, 53, 54, 55, 56, 59, 60, 61, 62, 63, 64, 65, 68, 69, 70, 71, 72, 73, 74, 75, 76, 77, 78, 79, 80, 81, 82, 83, 85, 86, 87, 88, 89, 90, 91, 92, 93, 94, 95, 96, 97, 98, 99, 100, 101, 102, 103, 104, 105, 106, 107, 108, 109, 110, 111, 112, 113, 114, 115, 116, 117, 118, 119, 120, 121, 122, 123, 124]

--- Генерація вершинного покриття (зі списку суміжності) ---
Знайдене максимальне парування (M): {(59, 110), (57, 88), (32, 49), (11, 118), (38, 102), (12, 77), (61, 73), (79, 115), (68, 109), (34, 89), (76, 119), (4, 15), (7, 96), (1, 3), (51, 80), (16, 56), (71, 123), (24, 69), (18, 120), (36, 98), (30, 33), (67, 113), (37, 54), (50, 106), (9, 47), (91, 116), (25, 95), (41, 48), (105, 112), (26, 44), (99, 117), (107, 121), (13, 53), (8, 14), (43, 75), (19, 23), (66, 74), (27, 94), (39, 65), (29, 58), (85, 90), (28, 108), (42, 101), (6, 10), (64, 70), (46, 86), (2, 40), (63, 84), (22, 82), (72, 92), (62, 97), (78, 81), (0, 122), (20, 103), (17, 83), (31, 45), (104, 124), (21, 111), (55, 100), (5, 35), (87, 114)}
Згенероване вершинне покриття (C): [0, 1, 2, 3, 4, 5, 6, 7, 8, 9, 10, 11, 12, 13, 14, 15, 16, 17, 18, 19, 20, 21, 22, 23, 24, 25, 26, 27, 28, 29, 30, 31, 32, 33, 34, 35, 36, 37, 38, 39, 40, 41, 42, 43, 44, 45, 46, 47, 48, 49, 50, 51, 53, 54, 55, 56, 57, 58, 59, 61, 62, 63, 64, 65, 66, 67, 68, 69, 70, 71, 72, 73, 74, 75, 76, 77, 78, 79, 80, 81, 82, 83, 84, 85, 86, 87, 88, 89, 90, 91, 92, 94, 95, 96, 97, 98, 99, 100, 101, 102, 103, 104, 105, 106, 107, 108, 109, 110, 111, 112, 113, 114, 115, 116, 117, 118, 119, 120, 121, 122, 123, 124]

--- Генерація вершинного покриття (зі списку суміжності) ---
Знайдене максимальне парування (M): {(0, 42), (83, 113), (8, 49), (31, 72), (43, 110), (20, 81), (52, 122), (10, 58), (35, 51), (47, 74), (7, 96), (23, 25), (17, 82), (40, 41), (15, 115), (34, 92), (75, 78), (106, 111), (48, 124), (101, 121), (73, 114), (28, 97), (70, 103), (1, 79), (64, 123), (80, 107), (5, 116), (24, 93), (33, 108), (59, 66), (27, 61), (16, 37), (9, 71), (60, 91), (77, 104), (54, 118), (44, 89), (100, 109), (50, 99), (11, 22), (29, 67), (45, 63), (36, 112), (76, 105), (39, 86), (4, 120), (62, 85), (2, 98), (3, 69), (84, 88), (65, 117), (87, 90), (19, 68), (12, 26), (53, 94), (13, 55), (14, 32), (21, 102), (18, 57), (6, 119), (30, 95)}
Згенероване вершинне покриття (C): [0, 1, 2, 3, 4, 5, 6, 7, 8, 9, 10, 11, 12, 13, 14, 15, 16, 17, 18, 19, 20, 21, 22, 23, 24, 25, 26, 27, 28, 29, 30, 31, 32, 33, 34, 35, 36, 37, 39, 40, 41, 42, 43, 44, 45, 47, 48, 49, 50, 51, 52, 53, 54, 55, 57, 58, 59, 60, 61, 62, 63, 64, 65, 66, 67, 68, 69, 70, 71, 72, 73, 74, 75, 76, 77, 78, 79, 80, 81, 82, 83, 84, 85, 86, 87, 88, 89, 90, 91, 92, 93, 94, 95, 96, 97, 98, 99, 100, 101, 102, 103, 104, 105, 106, 107, 108, 109, 110, 111, 112, 113, 114, 115, 116, 117, 118, 119, 120, 121, 122, 123, 124]

--- Генерація вершинного покриття (зі списку суміжності) ---
Знайдене максимальне парування (M): {(26, 91), (107, 110), (47, 62), (71, 96), (13, 36), (32, 52), (2, 48), (35, 112), (14, 83), (54, 95), (77, 90), (6, 109), (81, 118), (72, 115), (46, 124), (20, 111), (73, 120), (7, 123), (22, 105), (3, 49), (69, 104), (97, 114), (53, 68), (19, 45), (12, 67), (99, 108), (82, 101), (15, 102), (85, 121), (10, 57), (43, 66), (0, 4), (8, 78), (25, 64), (17, 87), (1, 11), (70, 93), (5, 27), (38, 119), (34, 39), (76, 84), (80, 100), (31, 122), (37, 56), (88, 92), (75, 98), (30, 41), (33, 40), (51, 106), (58, 60), (74, 117), (55, 79), (16, 42), (29, 94), (61, 65), (86, 103), (28, 89), (21, 44), (9, 24), (18, 63), (23, 50), (59, 113)}
Згенероване вершинне покриття (C): [0, 1, 2, 3, 4, 5, 6, 7, 8, 9, 10, 11, 12, 13, 14, 15, 16, 17, 18, 19, 20, 21, 22, 23, 24, 25, 26, 27, 28, 29, 30, 31, 32, 33, 34, 35, 36, 37, 38, 39, 40, 41, 42, 43, 44, 45, 46, 47, 48, 49, 50, 51, 52, 53, 54, 55, 56, 57, 58, 59, 60, 61, 62, 63, 64, 65, 66, 67, 68, 69, 70, 71, 72, 73, 74, 75, 76, 77, 78, 79, 80, 81, 82, 83, 84, 85, 86, 87, 88, 89, 90, 91, 92, 93, 94, 95, 96, 97, 98, 99, 100, 101, 102, 103, 104, 105, 106, 107, 108, 109, 110, 111, 112, 113, 114, 115, 117, 118, 119, 120, 121, 122, 123, 124]

--- Генерація вершинного покриття (зі списку суміжності) ---
Знайдене максимальне парування (M): {(25, 84), (12, 68), (37, 61), (65, 101), (9, 48), (56, 77), (18, 35), (78, 80), (5, 71), (49, 105), (121, 124), (24, 63), (0, 69), (32, 67), (27, 89), (22, 108), (100, 110), (19, 94), (31, 53), (76, 85), (8, 91), (42, 93), (3, 52), (70, 115), (83, 106), (6, 66), (34, 64), (50, 54), (13, 29), (33, 96), (20, 74), (10, 45), (90, 99), (2, 41), (40, 98), (81, 111), (72, 102), (38, 116), (23, 36), (26, 123), (95, 122), (21, 57), (75, 92), (60, 97), (14, 39), (51, 88), (87, 112), (58, 109), (62, 119), (16, 79), (30, 47), (17, 120), (107, 117), (44, 113), (1, 114), (59, 86), (55, 103), (7, 118), (4, 104), (15, 73), (46, 82), (28, 43)}
Згенероване вершинне покриття (C): [0, 1, 2, 3, 4, 5, 6, 7, 8, 9, 10, 12, 13, 14, 15, 16, 17, 18, 19, 20, 21, 22, 23, 24, 25, 26, 27, 28, 29, 30, 31, 32, 33, 34, 35, 36, 37, 38, 39, 40, 41, 42, 43, 44, 45, 46, 47, 48, 49, 50, 51, 52, 53, 54, 55, 56, 57, 58, 59, 60, 61, 62, 63, 64, 65, 66, 67, 68, 69, 70, 71, 72, 73, 74, 75, 76, 77, 78, 79, 80, 81, 82, 83, 84, 85, 86, 87, 88, 89, 90, 91, 92, 93, 94, 95, 96, 97, 98, 99, 100, 101, 102, 103, 104, 105, 106, 107, 108, 109, 110, 111, 112, 113, 114, 115, 116, 117, 118, 119, 120, 121, 122, 123, 124]

--- Генерація вершинного покриття (зі списку суміжності) ---
Знайдене максимальне парування (M): {(24, 94), (88, 97), (19, 113), (45, 77), (23, 74), (3, 10), (4, 15), (38, 47), (2, 118), (42, 69), (53, 93), (56, 95), (44, 72), (6, 57), (89, 104), (37, 109), (83, 100), (54, 70), (85, 103), (7, 13), (12, 122), (91, 116), (81, 90), (98, 106), (9, 117), (8, 115), (25, 49), (43, 60), (84, 110), (101, 123), (63, 112), (11, 80), (14, 36), (34, 48), (20, 55), (29, 64), (61, 108), (52, 99), (76, 96), (28, 105), (58, 124), (39, 86), (62, 79), (50, 120), (26, 92), (31, 82), (30, 59), (1, 41), (27, 66), (18, 33), (46, 107), (68, 119), (87, 102), (17, 22), (5, 32), (65, 71), (16, 121), (35, 73), (0, 21), (78, 111), (67, 114), (40, 75)}
Згенероване вершинне покриття (C): [0, 1, 2, 3, 4, 5, 6, 7, 8, 9, 10, 11, 12, 13, 14, 15, 16, 17, 18, 19, 20, 21, 22, 23, 24, 25, 26, 27, 28, 29, 30, 31, 32, 33, 34, 35, 36, 37, 38, 39, 40, 41, 42, 43, 44, 45, 46, 47, 48, 49, 50, 52, 53, 54, 55, 56, 57, 58, 59, 60, 61, 62, 63, 64, 65, 66, 67, 68, 69, 70, 71, 72, 73, 74, 75, 76, 77, 78, 79, 80, 81, 82, 83, 84, 85, 86, 87, 88, 89, 90, 91, 92, 93, 94, 95, 96, 97, 98, 99, 100, 101, 102, 103, 104, 105, 106, 107, 108, 109, 110, 111, 112, 113, 114, 115, 116, 117, 118, 119, 120, 121, 122, 123, 124]

--- Генерація вершинного покриття (зі списку суміжності) ---
Знайдене максимальне парування (M): {(33, 42), (96, 113), (16, 99), (63, 95), (32, 61), (43, 119), (2, 124), (55, 105), (13, 75), (54, 110), (11, 26), (45, 52), (40, 62), (68, 87), (65, 97), (102, 116), (39, 81), (48, 90), (0, 111), (44, 56), (46, 47), (53, 89), (84, 98), (66, 120), (21, 88), (60, 73), (3, 79), (9, 10), (22, 34), (6, 50), (23, 100), (77, 107), (57, 71), (18, 64), (72, 123), (86, 122), (76, 93), (36, 112), (67, 121), (8, 41), (1, 35), (51, 106), (5, 118), (74, 117), (12, 78), (7, 94), (30, 59), (101, 104), (25, 109), (85, 114), (49, 103), (15, 58), (17, 83), (19, 80), (70, 92), (14, 38), (27, 29), (4, 37), (31, 115), (24, 82), (91, 108)}
Згенероване вершинне покриття (C): [0, 1, 2, 3, 4, 5, 6, 7, 8, 9, 10, 11, 12, 13, 14, 15, 16, 17, 18, 19, 21, 22, 23, 24, 25, 26, 27, 29, 30, 31, 32, 33, 34, 35, 36, 37, 38, 39, 40, 41, 42, 43, 44, 45, 46, 47, 48, 49, 50, 51, 52, 53, 54, 55, 56, 57, 58, 59, 60, 61, 62, 63, 64, 65, 66, 67, 68, 70, 71, 72, 73, 74, 75, 76, 77, 78, 79, 80, 81, 82, 83, 84, 85, 86, 87, 88, 89, 90, 91, 92, 93, 94, 95, 96, 97, 98, 99, 100, 101, 102, 103, 104, 105, 106, 107, 108, 109, 110, 111, 112, 113, 114, 115, 116, 117, 118, 119, 120, 121, 122, 123, 124]

--- Генерація вершинного покриття (зі списку суміжності) ---
Знайдене максимальне парування (M): {(4, 116), (11, 36), (80, 114), (61, 113), (41, 98), (49, 84), (18, 20), (70, 122), (76, 104), (9, 54), (23, 74), (35, 106), (29, 93), (52, 64), (16, 44), (48, 112), (79, 121), (66, 69), (0, 72), (21, 107), (55, 105), (57, 124), (42, 90), (38, 71), (92, 100), (5, 46), (88, 99), (14, 67), (3, 73), (43, 118), (26, 47), (77, 83), (6, 102), (12, 33), (89, 94), (22, 95), (2, 68), (51, 85), (91, 97), (75, 86), (59, 108), (63, 78), (50, 56), (10, 111), (25, 103), (19, 117), (101, 119), (81, 110), (1, 53), (82, 109), (15, 58), (87, 120), (39, 40), (65, 123), (62, 115), (27, 32), (17, 37), (60, 96), (28, 34), (30, 31), (7, 8), (13, 24)}
Згенероване вершинне покриття (C): [0, 1, 2, 3, 4, 5, 6, 7, 8, 9, 10, 11, 12, 13, 14, 15, 16, 17, 18, 19, 20, 21, 22, 23, 24, 25, 26, 27, 28, 29, 30, 31, 32, 33, 34, 35, 36, 37, 38, 39, 40, 41, 42, 43, 44, 46, 47, 48, 49, 50, 51, 52, 53, 54, 55, 56, 57, 58, 59, 60, 61, 62, 63, 64, 65, 66, 67, 68, 69, 70, 71, 72, 73, 74, 75, 76, 77, 78, 79, 80, 81, 82, 83, 84, 85, 86, 87, 88, 89, 90, 91, 92, 93, 94, 95, 96, 97, 98, 99, 100, 101, 102, 103, 104, 105, 106, 107, 108, 109, 110, 111, 112, 113, 114, 115, 116, 117, 118, 119, 120, 121, 122, 123, 124]

--- Генерація вершинного покриття (зі списку суміжності) ---
Знайдене максимальне парування (M): {(44, 91), (4, 55), (6, 15), (36, 65), (0, 45), (41, 113), (5, 123), (28, 64), (8, 61), (10, 122), (20, 29), (23, 105), (87, 92), (57, 63), (26, 112), (12, 101), (39, 60), (49, 62), (18, 120), (1, 21), (7, 71), (59, 109), (52, 97), (16, 22), (42, 47), (46, 96), (90, 99), (74, 115), (27, 119), (14, 73), (116, 121), (17, 69), (3, 82), (13, 56), (72, 111), (58, 94), (67, 100), (2, 80), (43, 81), (66, 89), (70, 108), (76, 93), (24, 86), (83, 117), (11, 37), (48, 98), (34, 78), (68, 110), (79, 104), (35, 107), (31, 88), (32, 114), (50, 77), (84, 103), (25, 118), (38, 51), (75, 85), (53, 54), (9, 33), (40, 124), (19, 95)}
Згенероване вершинне покриття (C): [0, 1, 2, 3, 4, 5, 6, 7, 8, 9, 10, 11, 12, 13, 14, 15, 16, 17, 18, 19, 20, 21, 22, 23, 24, 25, 26, 27, 28, 29, 31, 32, 33, 34, 35, 36, 37, 38, 39, 40, 41, 42, 43, 44, 45, 46, 47, 48, 49, 50, 51, 52, 53, 54, 55, 56, 57, 58, 59, 60, 61, 62, 63, 64, 65, 66, 67, 68, 69, 70, 71, 72, 73, 74, 75, 76, 77, 78, 79, 80, 81, 82, 83, 84, 85, 86, 87, 88, 89, 90, 91, 92, 93, 94, 95, 96, 97, 98, 99, 100, 101, 103, 104, 105, 107, 108, 109, 110, 111, 112, 113, 114, 115, 116, 117, 118, 119, 120, 121, 122, 123, 124]

--- Генерація вершинного покриття (зі списку суміжності) ---
Знайдене максимальне парування (M): {(4, 116), (21, 65), (50, 107), (22, 124), (108, 115), (23, 74), (54, 89), (25, 105), (76, 119), (26, 36), (31, 90), (5, 10), (7, 38), (64, 81), (66, 121), (57, 118), (8, 12), (104, 111), (56, 86), (13, 60), (6, 48), (49, 117), (77, 102), (35, 87), (53, 68), (14, 73), (15, 44), (82, 113), (67, 103), (59, 99), (45, 106), (32, 84), (39, 123), (91, 100), (2, 83), (75, 101), (37, 43), (42, 98), (30, 41), (71, 85), (1, 96), (110, 122), (61, 114), (29, 79), (88, 95), (40, 94), (20, 24), (27, 72), (70, 80), (52, 62), (16, 109), (33, 58), (0, 3), (46, 55), (51, 78), (17, 92), (69, 93), (63, 120), (11, 18), (28, 34), (9, 97)}
Згенероване вершинне покриття (C): [0, 1, 2, 3, 4, 5, 6, 7, 8, 9, 10, 11, 12, 13, 14, 15, 16, 17, 18, 20, 21, 22, 23, 24, 25, 26, 27, 28, 29, 30, 31, 32, 33, 34, 35, 36, 37, 38, 39, 40, 41, 42, 43, 44, 45, 46, 48, 49, 50, 51, 52, 53, 54, 55, 56, 57, 58, 59, 60, 61, 62, 63, 64, 65, 66, 67, 68, 69, 70, 71, 72, 73, 74, 75, 76, 77, 78, 79, 80, 81, 82, 83, 84, 85, 86, 87, 88, 89, 90, 91, 92, 93, 94, 95, 96, 97, 98, 99, 100, 101, 102, 103, 104, 105, 106, 107, 108, 109, 110, 111, 113, 114, 115, 116, 117, 118, 119, 120, 121, 122, 123, 124]

--- Генерація вершинного покриття (зі списку суміжності) ---
Знайдене максимальне парування (M): {(21, 71), (38, 87), (36, 117), (6, 91), (52, 55), (96, 122), (20, 32), (14, 25), (37, 85), (23, 31), (53, 99), (13, 115), (48, 118), (41, 82), (63, 116), (15, 124), (40, 62), (18, 68), (10, 30), (64, 114), (4, 42), (65, 94), (76, 100), (7, 80), (60, 107), (77, 86), (5, 73), (16, 101), (46, 56), (74, 75), (2, 123), (67, 97), (39, 111), (29, 110), (104, 119), (43, 78), (17, 93), (8, 90), (27, 103), (102, 112), (11, 92), (69, 109), (61, 108), (47, 57), (28, 120), (9, 58), (26, 98), (1, 50), (45, 84), (66, 70), (34, 35), (51, 81), (72, 113), (83, 89), (12, 105), (33, 79), (106, 121), (22, 54), (0, 88), (19, 95)}
Згенероване вершинне покриття (C): [0, 1, 2, 4, 5, 6, 7, 8, 9, 10, 11, 12, 13, 14, 15, 16, 17, 18, 19, 20, 21, 22, 23, 25, 26, 27, 28, 29, 30, 31, 32, 33, 34, 35, 36, 37, 38, 39, 40, 41, 42, 43, 45, 46, 47, 48, 50, 51, 52, 53, 54, 55, 56, 57, 58, 60, 61, 62, 63, 64, 65, 66, 67, 68, 69, 70, 71, 72, 73, 74, 75, 76, 77, 78, 79, 80, 81, 82, 83, 84, 85, 86, 87, 88, 89, 90, 91, 92, 93, 94, 95, 96, 97, 98, 99, 100, 101, 102, 103, 104, 105, 106, 107, 108, 109, 110, 111, 112, 113, 114, 115, 116, 117, 118, 119, 120, 121, 122, 123, 124]

--- Генерація вершинного покриття (зі списку суміжності) ---
Знайдене максимальне парування (M): {(82, 84), (65, 92), (50, 55), (7, 35), (69, 71), (18, 93), (0, 51), (3, 80), (73, 99), (41, 70), (29, 44), (43, 61), (68, 118), (87, 101), (33, 75), (39, 115), (64, 108), (45, 98), (66, 72), (77, 105), (12, 113), (20, 120), (100, 116), (111, 122), (76, 83), (17, 57), (15, 96), (1, 36), (9, 53), (10, 109), (27, 119), (13, 47), (5, 6), (19, 60), (63, 97), (14, 21), (24, 117), (89, 103), (48, 62), (32, 81), (58, 106), (28, 38), (16, 79), (25, 88), (2, 37), (85, 102), (78, 124), (11, 52), (26, 46), (90, 110), (8, 123), (59, 74), (42, 67), (31, 91), (22, 94), (49, 54), (40, 112), (4, 107), (23, 114), (30, 34)}
Згенероване вершинне покриття (C): [0, 1, 2, 3, 4, 5, 6, 7, 8, 9, 10, 11, 12, 13, 14, 15, 16, 17, 18, 19, 20, 21, 22, 23, 24, 25, 26, 27, 28, 29, 30, 31, 32, 33, 34, 35, 36, 37, 38, 39, 40, 41, 42, 43, 44, 45, 46, 47, 48, 49, 50, 51, 52, 53, 54, 55, 57, 58, 59, 60, 61, 62, 63, 64, 65, 66, 67, 68, 69, 70, 71, 72, 73, 74, 75, 76, 77, 78, 79, 80, 81, 82, 83, 84, 85, 87, 88, 89, 90, 91, 92, 93, 94, 96, 97, 98, 99, 100, 101, 102, 103, 105, 106, 107, 108, 109, 110, 111, 112, 113, 114, 115, 116, 117, 118, 119, 120, 122, 123, 124]

--- Генерація вершинного покриття (зі списку суміжності) ---
Знайдене максимальне парування (M): {(4, 49), (2, 27), (63, 80), (9, 118), (36, 71), (18, 35), (72, 94), (29, 44), (38, 111), (68, 124), (89, 98), (3, 86), (25, 62), (12, 43), (66, 84), (106, 123), (13, 23), (40, 65), (22, 120), (34, 58), (76, 103), (1, 39), (19, 109), (79, 102), (17, 75), (81, 108), (101, 117), (78, 91), (10, 11), (60, 82), (7, 46), (77, 107), (33, 74), (64, 113), (20, 122), (45, 54), (15, 16), (88, 92), (0, 95), (93, 112), (96, 99), (100, 121), (41, 105), (42, 52), (8, 56), (28, 53), (31, 85), (47, 69), (48, 110), (24, 116), (70, 83), (21, 32), (114, 119), (5, 87), (55, 97), (26, 61), (73, 115), (57, 67), (37, 104), (51, 90), (14, 50)}
Згенероване вершинне покриття (C): [0, 1, 2, 3, 4, 5, 7, 8, 9, 10, 11, 12, 13, 14, 15, 16, 17, 18, 19, 20, 21, 22, 23, 24, 25, 26, 27, 28, 29, 31, 32, 33, 34, 35, 36, 37, 38, 39, 40, 41, 42, 43, 44, 45, 46, 47, 48, 49, 50, 51, 52, 53, 54, 55, 56, 57, 58, 60, 61, 62, 63, 64, 65, 66, 67, 68, 69, 70, 71, 72, 73, 74, 75, 76, 77, 78, 79, 80, 81, 82, 83, 84, 85, 86, 87, 88, 89, 90, 91, 92, 93, 94, 95, 96, 97, 98, 99, 100, 101, 102, 103, 104, 105, 106, 107, 108, 109, 110, 111, 112, 113, 114, 115, 116, 117, 118, 119, 120, 121, 122, 123, 124]

--- Генерація вершинного покриття (зі списку суміжності) ---
Знайдене максимальне парування (M): {(43, 95), (56, 68), (105, 107), (0, 39), (9, 42), (78, 123), (88, 106), (8, 110), (72, 91), (17, 40), (63, 89), (21, 86), (10, 116), (87, 92), (77, 90), (65, 70), (46, 124), (83, 94), (97, 117), (5, 34), (119, 120), (11, 35), (12, 73), (31, 80), (44, 111), (15, 99), (81, 102), (13, 114), (23, 33), (47, 85), (29, 52), (51, 82), (16, 122), (25, 76), (30, 84), (69, 100), (53, 61), (60, 103), (14, 54), (27, 115), (32, 38), (3, 75), (26, 101), (2, 49), (1, 41), (19, 62), (6, 104), (48, 113), (71, 118), (22, 36), (58, 96), (24, 64), (67, 93), (28, 37), (7, 121), (20, 112), (18, 66), (55, 109), (50, 98), (57, 79), (45, 59)}
Згенероване вершинне покриття (C): [0, 1, 2, 3, 5, 6, 7, 8, 9, 10, 11, 12, 13, 14, 15, 16, 17, 18, 19, 20, 21, 22, 23, 24, 25, 26, 27, 28, 29, 30, 31, 32, 33, 34, 35, 36, 37, 38, 39, 40, 41, 42, 43, 44, 45, 46, 47, 48, 49, 50, 51, 52, 53, 54, 55, 56, 57, 58, 59, 60, 61, 62, 63, 64, 65, 66, 67, 68, 69, 70, 71, 72, 73, 75, 76, 77, 78, 79, 80, 81, 82, 83, 84, 85, 86, 87, 88, 89, 90, 91, 92, 93, 94, 95, 96, 97, 98, 99, 100, 101, 102, 103, 104, 105, 106, 107, 109, 110, 111, 112, 113, 114, 115, 116, 117, 118, 119, 120, 121, 122, 123, 124]

--- Генерація вершинного покриття (зі списку суміжності) ---
Знайдене максимальне парування (M): {(27, 53), (8, 104), (19, 43), (32, 95), (69, 114), (48, 85), (3, 62), (101, 103), (75, 121), (78, 89), (16, 50), (23, 25), (10, 18), (83, 94), (44, 87), (67, 107), (58, 110), (35, 81), (42, 102), (20, 77), (24, 99), (4, 124), (41, 57), (55, 86), (14, 82), (0, 117), (47, 76), (36, 79), (12, 91), (106, 119), (13, 71), (29, 61), (6, 65), (54, 118), (64, 116), (74, 90), (37, 105), (30, 93), (92, 111), (5, 45), (59, 123), (51, 109), (60, 63), (11, 52), (26, 34), (7, 33), (38, 100), (31, 88), (70, 80), (68, 113), (84, 97), (15, 46), (1, 22), (17, 28), (73, 115), (40, 112), (2, 9), (49, 66), (56, 108), (72, 122), (96, 98), (21, 120)}
Згенероване вершинне покриття (C): [0, 1, 2, 3, 4, 5, 6, 7, 8, 9, 10, 11, 12, 13, 14, 15, 16, 17, 18, 19, 20, 21, 22, 23, 24, 25, 26, 27, 28, 29, 30, 31, 32, 33, 34, 35, 36, 37, 38, 40, 41, 42, 43, 44, 45, 46, 47, 48, 49, 50, 51, 52, 53, 54, 55, 56, 57, 58, 59, 60, 61, 62, 63, 64, 65, 66, 67, 68, 69, 70, 71, 72, 73, 74, 75, 76, 77, 78, 79, 80, 81, 82, 83, 84, 85, 86, 87, 88, 89, 90, 91, 92, 93, 94, 95, 96, 97, 98, 99, 100, 101, 102, 103, 104, 105, 106, 107, 108, 109, 110, 111, 112, 113, 114, 115, 116, 117, 118, 119, 120, 121, 122, 123, 124]

--- Генерація вершинного покриття (зі списку суміжності) ---
Знайдене максимальне парування (M): {(53, 66), (9, 103), (26, 30), (93, 111), (2, 36), (17, 55), (116, 122), (12, 13), (21, 28), (40, 90), (84, 96), (50, 67), (46, 112), (80, 83), (58, 86), (87, 110), (68, 72), (70, 91), (39, 63), (27, 101), (54, 119), (5, 104), (14, 52), (19, 42), (4, 118), (51, 95), (20, 71), (88, 99), (24, 38), (75, 120), (31, 89), (78, 82), (1, 109), (43, 124), (0, 117), (11, 123), (25, 61), (76, 121), (23, 97), (22, 34), (33, 74), (15, 62), (18, 64), (49, 73), (59, 108), (100, 115), (6, 7), (57, 92), (32, 41), (35, 98), (8, 114), (60, 69), (37, 77), (29, 106), (47, 81), (48, 113), (10, 16), (45, 102), (44, 85), (3, 105)}
Згенероване вершинне покриття (C): [0, 1, 2, 3, 4, 5, 6, 7, 8, 9, 10, 11, 12, 13, 14, 15, 16, 17, 18, 19, 20, 21, 22, 23, 24, 25, 26, 27, 28, 29, 30, 31, 32, 33, 34, 35, 36, 37, 38, 39, 40, 41, 42, 43, 44, 45, 46, 47, 48, 49, 50, 51, 52, 53, 54, 55, 57, 58, 59, 60, 61, 62, 63, 64, 66, 67, 68, 69, 70, 71, 72, 73, 74, 75, 76, 77, 78, 80, 81, 82, 83, 84, 85, 86, 87, 88, 89, 90, 91, 92, 93, 95, 96, 97, 98, 99, 100, 101, 102, 103, 104, 105, 106, 108, 109, 110, 111, 112, 113, 114, 115, 116, 117, 118, 119, 120, 121, 122, 123, 124]

Середній час виконання: 0.0004274893 секунд
