
--- Генерація вершинного покриття (зі списку суміжності) ---
Знайдене максимальне парування (M): {(1, 74), (80, 120), (59, 61), (5, 53), (2, 100), (3, 129), (60, 68), (46, 51), (35, 115), (77, 142), (23, 147), (20, 99), (87, 101), (118, 134), (17, 146), (29, 111), (75, 78), (85, 143), (109, 110), (4, 30), (22, 38), (127, 149), (27, 92), (81, 124), (130, 148), (95, 117), (21, 125), (119, 126), (62, 132), (66, 96), (13, 90), (39, 84), (33, 47), (45, 73), (63, 94), (12, 79), (43, 112), (58, 137), (14, 56), (31, 86), (7, 104), (67, 88), (98, 121), (16, 55), (48, 65), (70, 93), (103, 123), (26, 71), (11, 25), (128, 131), (50, 108), (6, 10), (28, 105), (49, 76), (8, 44), (32, 41), (72, 83), (89, 139), (107, 114), (54, 145), (37, 135), (69, 133), (18, 42), (64, 91), (0, 9), (52, 141), (138, 144), (97, 106), (24, 122), (40, 57), (113, 136), (36, 102), (19, 34), (15, 82)}
Згенероване вершинне покриття (C): [0, 1, 2, 3, 4, 5, 6, 7, 8, 9, 10, 11, 12, 13, 14, 15, 16, 17, 18, 19, 20, 21, 22, 23, 24, 25, 26, 27, 28, 29, 30, 31, 32, 33, 34, 35, 36, 37, 38, 39, 40, 41, 42, 43, 44, 45, 46, 47, 48, 49, 50, 51, 52, 53, 54, 55, 56, 57, 58, 59, 60, 61, 62, 63, 64, 65, 66, 67, 68, 69, 70, 71, 72, 73, 74, 75, 76, 77, 78, 79, 80, 81, 82, 83, 84, 85, 86, 87, 88, 89, 90, 91, 92, 93, 94, 95, 96, 97, 98, 99, 100, 101, 102, 103, 104, 105, 106, 107, 108, 109, 110, 111, 112, 113, 114, 115, 117, 118, 119, 120, 121, 122, 123, 124, 125, 126, 127, 128, 129, 130, 131, 132, 133, 134, 135, 136, 137, 138, 139, 141, 142, 143, 144, 145, 146, 147, 148, 149]

--- Генерація вершинного покриття (зі списку суміжності) ---
Знайдене максимальне парування (M): {(59, 125), (56, 77), (22, 75), (67, 71), (141, 145), (82, 102), (53, 90), (74, 119), (5, 10), (14, 83), (16, 127), (51, 138), (99, 130), (89, 101), (48, 57), (65, 128), (60, 104), (8, 100), (39, 133), (4, 115), (55, 123), (79, 96), (35, 93), (25, 95), (27, 58), (109, 143), (61, 63), (21, 85), (84, 147), (42, 120), (23, 140), (20, 31), (6, 38), (91, 137), (129, 136), (2, 126), (44, 135), (26, 117), (32, 139), (118, 142), (50, 148), (92, 108), (54, 121), (97, 134), (98, 105), (34, 69), (3, 124), (18, 88), (66, 107), (13, 43), (64, 146), (17, 132), (19, 62), (47, 78), (15, 49), (1, 111), (103, 110), (7, 45), (40, 106), (9, 73), (12, 29), (52, 80), (46, 70), (86, 112), (24, 122), (0, 76), (72, 116), (28, 37), (131, 144), (87, 114), (36, 41), (33, 149), (11, 94)}
Згенероване вершинне покриття (C): [0, 1, 2, 3, 4, 5, 6, 7, 8, 9, 10, 11, 12, 13, 14, 15, 16, 17, 18, 19, 20, 21, 22, 23, 24, 25, 26, 27, 28, 29, 31, 32, 33, 34, 35, 36, 37, 38, 39, 40, 41, 42, 43, 44, 45, 46, 47, 48, 49, 50, 51, 52, 53, 54, 55, 56, 57, 58, 59, 60, 61, 62, 63, 64, 65, 66, 67, 69, 70, 71, 72, 73, 74, 75, 76, 77, 78, 79, 80, 82, 83, 84, 85, 86, 87, 88, 89, 90, 91, 92, 93, 94, 95, 96, 97, 98, 99, 100, 101, 102, 103, 104, 105, 106, 107, 108, 109, 110, 111, 112, 114, 115, 116, 117, 118, 119, 120, 121, 122, 123, 124, 125, 126, 127, 128, 129, 130, 131, 132, 133, 134, 135, 136, 137, 138, 139, 140, 141, 142, 143, 144, 145, 146, 147, 148, 149]

--- Генерація вершинного покриття (зі списку суміжності) ---
Знайдене максимальне парування (M): {(10, 144), (46, 97), (20, 23), (67, 77), (59, 113), (30, 125), (103, 106), (39, 42), (14, 28), (54, 98), (69, 147), (105, 140), (108, 139), (21, 101), (11, 78), (47, 95), (50, 85), (8, 143), (16, 71), (6, 127), (64, 120), (38, 129), (13, 142), (66, 90), (18, 80), (34, 70), (0, 102), (26, 35), (62, 89), (119, 135), (92, 130), (100, 137), (107, 115), (22, 138), (32, 118), (31, 37), (126, 134), (84, 110), (91, 149), (2, 132), (131, 136), (94, 145), (40, 116), (61, 99), (65, 148), (24, 25), (29, 128), (4, 111), (49, 82), (60, 112), (5, 109), (1, 96), (3, 63), (53, 79), (15, 86), (45, 72), (12, 17), (58, 133), (56, 87), (43, 114), (41, 68), (55, 88), (48, 52), (104, 124), (81, 122), (19, 83), (33, 146), (73, 121), (57, 76), (27, 44), (9, 36), (7, 75)}
Згенероване вершинне покриття (C): [0, 1, 2, 3, 4, 5, 6, 7, 8, 9, 10, 11, 12, 13, 14, 15, 16, 17, 18, 19, 20, 21, 22, 23, 24, 25, 26, 27, 28, 29, 30, 31, 32, 33, 34, 35, 36, 37, 38, 39, 40, 41, 42, 43, 44, 45, 46, 47, 48, 49, 50, 52, 53, 54, 55, 56, 57, 58, 59, 60, 61, 62, 63, 64, 65, 66, 67, 68, 69, 70, 71, 72, 73, 75, 76, 77, 78, 79, 80, 81, 82, 83, 84, 85, 86, 87, 88, 89, 90, 91, 92, 94, 95, 96, 97, 98, 99, 100, 101, 102, 103, 104, 105, 106, 107, 108, 109, 110, 111, 112, 113, 114, 115, 116, 118, 119, 120, 121, 122, 124, 125, 126, 127, 128, 129, 130, 131, 132, 133, 134, 135, 136, 137, 138, 139, 140, 142, 143, 144, 145, 146, 147, 148, 149]

--- Генерація вершинного покриття (зі списку суміжності) ---
Знайдене максимальне парування (M): {(49, 136), (33, 42), (100, 123), (62, 81), (96, 107), (86, 148), (50, 128), (60, 126), (34, 77), (124, 135), (8, 122), (1, 52), (9, 14), (4, 149), (25, 56), (6, 51), (40, 111), (68, 127), (17, 143), (97, 102), (58, 101), (75, 145), (61, 91), (65, 140), (10, 24), (76, 85), (11, 26), (113, 138), (27, 98), (2, 90), (39, 133), (59, 118), (18, 144), (47, 119), (69, 125), (30, 63), (3, 12), (92, 139), (48, 108), (44, 117), (28, 72), (21, 36), (66, 129), (5, 15), (38, 55), (7, 116), (74, 142), (89, 109), (0, 141), (13, 19), (84, 134), (29, 131), (67, 121), (137, 146), (71, 88), (79, 95), (43, 53), (41, 120), (45, 78), (70, 80), (105, 132), (35, 110), (54, 93), (37, 83), (31, 103), (87, 99), (16, 57), (46, 64), (73, 112), (22, 106), (20, 115), (82, 130), (23, 114), (32, 147), (94, 104)}
Згенероване вершинне покриття (C): [0, 1, 2, 3, 4, 5, 6, 7, 8, 9, 10, 11, 12, 13, 14, 15, 16, 17, 18, 19, 20, 21, 22, 23, 24, 25, 26, 27, 28, 29, 30, 31, 32, 33, 34, 35, 36, 37, 38, 39, 40, 41, 42, 43, 44, 45, 46, 47, 48, 49, 50, 51, 52, 53, 54, 55, 56, 57, 58, 59, 60, 61, 62, 63, 64, 65, 66, 67, 68, 69, 70, 71, 72, 73, 74, 75, 76, 77, 78, 79, 80, 81, 82, 83, 84, 85, 86, 87, 88, 89, 90, 91, 92, 93, 94, 95, 96, 97, 98, 99, 100, 101, 102, 103, 104, 105, 106, 107, 108, 109, 110, 111, 112, 113, 114, 115, 116, 117, 118, 119, 120, 121, 122, 123, 124, 125, 126, 127, 128, 129, 130, 131, 132, 133, 134, 135, 136, 137, 138, 139, 140, 141, 142, 143, 144, 145, 146, 147, 148, 149]

--- Генерація вершинного покриття (зі списку суміжності) ---
Знайдене максимальне парування (M): {(6, 137), (3, 117), (61, 110), (5, 53), (78, 132), (38, 90), (37, 64), (51, 108), (50, 125), (30, 58), (71, 99), (93, 129), (54, 147), (44, 63), (96, 131), (32, 119), (68, 124), (11, 69), (15, 118), (76, 128), (105, 146), (7, 59), (95, 114), (62, 123), (22, 56), (79, 84), (88, 145), (46, 87), (2, 47), (52, 57), (141, 144), (28, 130), (14, 21), (67, 91), (29, 43), (101, 120), (126, 143), (94, 148), (10, 133), (77, 107), (23, 45), (85, 142), (74, 81), (112, 138), (92, 102), (27, 103), (1, 17), (122, 139), (109, 121), (42, 104), (16, 18), (0, 98), (60, 115), (72, 86), (33, 49), (34, 75), (25, 39), (31, 140), (97, 149), (82, 106), (36, 136), (24, 116), (8, 65), (127, 135), (9, 12), (48, 113), (19, 80), (35, 70), (4, 40), (55, 100), (13, 73), (26, 134), (89, 111), (20, 66)}
Згенероване вершинне покриття (C): [0, 1, 2, 3, 4, 5, 6, 7, 8, 9, 10, 11, 12, 13, 14, 15, 16, 17, 18, 19, 20, 21, 22, 23, 24, 25, 26, 27, 28, 29, 30, 31, 32, 33, 34, 35, 36, 37, 38, 39, 40, 42, 43, 44, 45, 46, 47, 48, 49, 50, 51, 52, 53, 54, 55, 56, 57, 58, 59, 60, 61, 62, 63, 64, 65, 66, 67, 68, 69, 70, 71, 72, 73, 74, 75, 76, 77, 78, 79, 80, 81, 82, 84, 85, 86, 87, 88, 89, 90, 91, 92, 93, 94, 95, 96, 97, 98, 99, 100, 101, 102, 103, 104, 105, 106, 107, 108, 109, 110, 111, 112, 113, 114, 115, 116, 117, 118, 119, 120, 121, 122, 123, 124, 125, 126, 127, 128, 129, 130, 131, 132, 133, 134, 135, 136, 137, 138, 139, 140, 141, 142, 143, 144, 145, 146, 147, 148, 149]

--- Генерація вершинного покриття (зі списку суміжності) ---
Знайдене максимальне парування (M): {(48, 82), (96, 101), (1, 31), (137, 148), (53, 69), (29, 142), (34, 129), (17, 64), (63, 95), (14, 138), (98, 122), (12, 25), (73, 102), (22, 35), (114, 115), (83, 94), (11, 26), (61, 103), (121, 145), (77, 120), (71, 144), (6, 78), (85, 112), (44, 111), (3, 67), (55, 74), (41, 57), (79, 140), (30, 127), (50, 60), (92, 136), (16, 52), (104, 113), (107, 130), (49, 116), (123, 126), (28, 87), (51, 76), (59, 93), (2, 135), (27, 39), (15, 65), (8, 84), (18, 125), (62, 70), (110, 119), (47, 109), (132, 147), (19, 32), (0, 40), (54, 133), (21, 72), (36, 124), (56, 139), (24, 43), (38, 42), (5, 66), (4, 68), (20, 91), (7, 45), (23, 99), (88, 134), (86, 100), (13, 128), (10, 141), (33, 149), (106, 118), (81, 131), (90, 143), (58, 105), (37, 89), (80, 108), (9, 97), (46, 146)}
Згенероване вершинне покриття (C): [0, 1, 2, 3, 4, 5, 6, 7, 8, 9, 10, 11, 12, 13, 14, 15, 16, 17, 18, 19, 20, 21, 22, 23, 24, 25, 26, 27, 28, 29, 30, 31, 32, 33, 34, 35, 36, 37, 38, 39, 40, 41, 42, 43, 44, 45, 46, 47, 48, 49, 50, 51, 52, 53, 54, 55, 56, 57, 58, 59, 60, 61, 62, 63, 64, 65, 66, 67, 68, 69, 70, 71, 72, 73, 74, 76, 77, 78, 79, 80, 81, 82, 83, 84, 85, 86, 87, 88, 89, 90, 91, 92, 93, 94, 95, 96, 97, 98, 99, 100, 101, 102, 103, 104, 105, 106, 107, 108, 109, 110, 111, 112, 113, 114, 115, 116, 118, 119, 120, 121, 122, 123, 124, 125, 126, 127, 128, 129, 130, 131, 132, 133, 134, 135, 136, 137, 138, 139, 140, 141, 142, 143, 144, 145, 146, 147, 148, 149]

--- Генерація вершинного покриття (зі списку суміжності) ---
Знайдене максимальне парування (M): {(93, 108), (82, 142), (40, 139), (26, 85), (56, 77), (51, 117), (15, 91), (54, 83), (21, 144), (12, 19), (44, 112), (18, 99), (35, 48), (1, 58), (36, 138), (6, 100), (129, 131), (13, 57), (7, 96), (125, 140), (46, 121), (75, 78), (103, 118), (80, 101), (47, 49), (114, 130), (33, 90), (43, 94), (92, 115), (27, 52), (60, 113), (8, 109), (34, 76), (105, 127), (53, 147), (3, 146), (2, 59), (98, 133), (32, 69), (81, 120), (17, 84), (104, 116), (24, 126), (67, 106), (122, 136), (22, 107), (62, 64), (123, 141), (73, 137), (119, 134), (42, 110), (20, 79), (28, 68), (25, 45), (55, 143), (4, 132), (97, 149), (72, 95), (135, 145), (29, 39), (102, 148), (5, 23), (10, 65), (41, 74), (50, 89), (66, 128), (9, 70), (61, 86), (14, 38), (87, 111), (16, 63), (71, 124), (30, 31), (0, 88)}
Згенероване вершинне покриття (C): [0, 1, 2, 3, 4, 5, 6, 7, 8, 9, 10, 12, 13, 14, 15, 16, 17, 18, 19, 20, 21, 22, 23, 24, 25, 26, 27, 28, 29, 30, 31, 32, 33, 34, 35, 36, 38, 39, 40, 41, 42, 43, 44, 45, 46, 47, 48, 49, 50, 51, 52, 53, 54, 55, 56, 57, 58, 59, 60, 61, 62, 63, 64, 65, 66, 67, 68, 69, 70, 71, 72, 73, 74, 75, 76, 77, 78, 79, 80, 81, 82, 83, 84, 85, 86, 87, 88, 89, 90, 91, 92, 93, 94, 95, 96, 97, 98, 99, 100, 101, 102, 103, 104, 105, 106, 107, 108, 109, 110, 111, 112, 113, 114, 115, 116, 117, 118, 119, 120, 121, 122, 123, 124, 125, 126, 127, 128, 129, 130, 131, 132, 133, 134, 135, 136, 137, 138, 139, 140, 141, 142, 143, 144, 145, 146, 147, 148, 149]

--- Генерація вершинного покриття (зі списку суміжності) ---
Знайдене максимальне парування (M): {(123, 146), (48, 140), (71, 145), (66, 106), (59, 64), (16, 78), (36, 126), (42, 57), (21, 83), (99, 115), (25, 111), (5, 13), (67, 138), (45, 86), (0, 69), (38, 53), (82, 133), (72, 112), (81, 124), (15, 121), (20, 105), (70, 97), (114, 127), (93, 98), (2, 17), (32, 85), (3, 49), (24, 142), (1, 79), (50, 103), (9, 41), (90, 96), (56, 128), (61, 118), (14, 58), (47, 119), (54, 137), (22, 135), (31, 144), (55, 74), (27, 73), (43, 60), (4, 84), (101, 129), (23, 39), (34, 100), (28, 148), (122, 130), (132, 147), (62, 134), (6, 77), (63, 139), (19, 102), (29, 76), (109, 136), (116, 117), (33, 95), (12, 75), (88, 104), (65, 89), (40, 149), (107, 120), (110, 143), (35, 113), (8, 68), (37, 46), (44, 125), (52, 80), (10, 141), (51, 87), (91, 108), (30, 92), (26, 131), (11, 94)}
Згенероване вершинне покриття (C): [0, 1, 2, 3, 4, 5, 6, 8, 9, 10, 11, 12, 13, 14, 15, 16, 17, 19, 20, 21, 22, 23, 24, 25, 26, 27, 28, 29, 30, 31, 32, 33, 34, 35, 36, 37, 38, 39, 40, 41, 42, 43, 44, 45, 46, 47, 48, 49, 50, 51, 52, 53, 54, 55, 56, 57, 58, 59, 60, 61, 62, 63, 64, 65, 66, 67, 68, 69, 70, 71, 72, 73, 74, 75, 76, 77, 78, 79, 80, 81, 82, 83, 84, 85, 86, 87, 88, 89, 90, 91, 92, 93, 94, 95, 96, 97, 98, 99, 100, 101, 102, 103, 104, 105, 106, 107, 108, 109, 110, 111, 112, 113, 114, 115, 116, 117, 118, 119, 120, 121, 122, 123, 124, 125, 126, 127, 128, 129, 130, 131, 132, 133, 134, 135, 136, 137, 138, 139, 140, 141, 142, 143, 144, 145, 146, 147, 148, 149]

--- Генерація вершинного покриття (зі списку суміжності) ---
Знайдене максимальне парування (M): {(7, 139), (11, 36), (89, 129), (105, 107), (85, 104), (73, 81), (51, 56), (42, 60), (6, 97), (9, 130), (83, 131), (59, 79), (144, 147), (96, 128), (82, 120), (86, 108), (47, 101), (122, 140), (58, 110), (33, 145), (38, 74), (17, 45), (67, 116), (50, 109), (55, 118), (136, 142), (25, 34), (75, 111), (5, 119), (48, 99), (54, 143), (98, 115), (29, 95), (52, 66), (16, 113), (61, 72), (57, 114), (2, 68), (46, 123), (28, 90), (13, 18), (44, 138), (14, 100), (23, 112), (30, 40), (0, 31), (103, 125), (21, 63), (71, 76), (20, 70), (117, 134), (39, 80), (91, 124), (15, 92), (84, 146), (12, 133), (4, 126), (3, 8), (93, 121), (41, 65), (24, 49), (106, 149), (94, 132), (78, 148), (37, 77), (22, 88), (69, 87), (32, 135), (10, 19), (27, 35), (1, 141), (26, 137), (64, 127)}
Згенероване вершинне покриття (C): [0, 1, 2, 3, 4, 5, 6, 7, 8, 9, 10, 11, 12, 13, 14, 15, 16, 17, 18, 19, 20, 21, 22, 23, 24, 25, 26, 27, 28, 29, 30, 31, 32, 33, 34, 35, 36, 37, 38, 39, 40, 41, 42, 44, 45, 46, 47, 48, 49, 50, 51, 52, 54, 55, 56, 57, 58, 59, 60, 61, 63, 64, 65, 66, 67, 68, 69, 70, 71, 72, 73, 74, 75, 76, 77, 78, 79, 80, 81, 82, 83, 84, 85, 86, 87, 88, 89, 90, 91, 92, 93, 94, 95, 96, 97, 98, 99, 100, 101, 103, 104, 105, 106, 107, 108, 109, 110, 111, 112, 113, 114, 115, 116, 117, 118, 119, 120, 121, 122, 123, 124, 125, 126, 127, 128, 129, 130, 131, 132, 133, 134, 135, 136, 137, 138, 139, 140, 141, 142, 143, 144, 145, 146, 147, 148, 149]

--- Генерація вершинного покриття (зі списку суміжності) ---
Знайдене максимальне парування (M): {(19, 98), (45, 132), (16, 17), (96, 119), (59, 128), (134, 143), (118, 125), (126, 138), (26, 48), (24, 57), (5, 80), (35, 85), (43, 92), (46, 66), (29, 53), (47, 101), (25, 74), (15, 130), (27, 49), (41, 42), (12, 58), (55, 123), (30, 39), (36, 70), (13, 44), (94, 124), (56, 140), (38, 104), (37, 81), (20, 95), (67, 88), (144, 149), (106, 107), (51, 137), (1, 11), (9, 22), (78, 97), (8, 145), (14, 100), (77, 110), (6, 129), (52, 90), (54, 121), (18, 73), (60, 112), (72, 135), (89, 127), (23, 69), (21, 142), (4, 71), (50, 62), (109, 148), (7, 91), (99, 116), (31, 33), (102, 139), (10, 117), (61, 141), (93, 136), (0, 122), (75, 131), (79, 113), (84, 103), (87, 108), (40, 115), (3, 32), (105, 147), (68, 76), (65, 83), (2, 146), (82, 133), (34, 120), (111, 114)}
Згенероване вершинне покриття (C): [0, 1, 2, 3, 4, 5, 6, 7, 8, 9, 10, 11, 12, 13, 14, 15, 16, 17, 18, 19, 20, 21, 22, 23, 24, 25, 26, 27, 29, 30, 31, 32, 33, 34, 35, 36, 37, 38, 39, 40, 41, 42, 43, 44, 45, 46, 47, 48, 49, 50, 51, 52, 53, 54, 55, 56, 57, 58, 59, 60, 61, 62, 65, 66, 67, 68, 69, 70, 71, 72, 73, 74, 75, 76, 77, 78, 79, 80, 81, 82, 83, 84, 85, 87, 88, 89, 90, 91, 92, 93, 94, 95, 96, 97, 98, 99, 100, 101, 102, 103, 104, 105, 106, 107, 108, 109, 110, 111, 112, 113, 114, 115, 116, 117, 118, 119, 120, 121, 122, 123, 124, 125, 126, 127, 128, 129, 130, 131, 132, 133, 134, 135, 136, 137, 138, 139, 140, 141, 142, 143, 144, 145, 146, 147, 148, 149]

--- Генерація вершинного покриття (зі списку суміжності) ---
Знайдене максимальне парування (M): {(146, 148), (128, 136), (62, 78), (58, 59), (42, 109), (23, 80), (30, 55), (53, 87), (6, 36), (2, 112), (20, 35), (28, 70), (79, 115), (93, 135), (0, 130), (5, 144), (91, 95), (63, 125), (14, 43), (85, 88), (12, 110), (24, 142), (7, 71), (17, 103), (76, 100), (15, 81), (26, 67), (86, 132), (10, 106), (18, 141), (94, 124), (50, 118), (66, 105), (21, 134), (37, 69), (60, 131), (72, 99), (44, 126), (16, 61), (57, 123), (3, 33), (107, 145), (27, 143), (49, 64), (65, 133), (45, 51), (96, 139), (31, 116), (25, 140), (39, 129), (40, 73), (83, 108), (75, 101), (8, 41), (46, 92), (68, 98), (29, 82), (52, 56), (19, 120), (97, 149), (90, 113), (47, 84), (4, 77), (13, 119), (34, 38), (11, 137), (48, 122), (127, 147), (89, 102), (104, 121), (32, 138), (1, 74), (54, 117), (111, 114)}
Згенероване вершинне покриття (C): [0, 1, 2, 3, 4, 5, 6, 7, 8, 10, 11, 12, 13, 14, 15, 16, 17, 18, 19, 20, 21, 23, 24, 25, 26, 27, 28, 29, 30, 31, 32, 33, 34, 35, 36, 37, 38, 39, 40, 41, 42, 43, 44, 45, 46, 47, 48, 49, 50, 51, 52, 53, 54, 55, 56, 57, 58, 59, 60, 61, 62, 63, 64, 65, 66, 67, 68, 69, 70, 71, 72, 73, 74, 75, 76, 77, 78, 79, 80, 81, 82, 83, 84, 85, 86, 87, 88, 89, 90, 91, 92, 93, 94, 95, 96, 97, 98, 99, 100, 101, 102, 103, 104, 105, 106, 107, 108, 109, 110, 111, 112, 113, 114, 115, 116, 117, 118, 119, 120, 121, 122, 123, 124, 125, 126, 127, 128, 129, 130, 131, 132, 133, 134, 135, 136, 137, 138, 139, 140, 141, 142, 143, 144, 145, 146, 147, 148, 149]

--- Генерація вершинного покриття (зі списку суміжності) ---
Знайдене максимальне парування (M): {(122, 144), (66, 97), (38, 84), (102, 129), (20, 148), (24, 39), (72, 149), (91, 132), (22, 87), (32, 64), (5, 138), (13, 115), (50, 146), (19, 82), (12, 40), (107, 143), (49, 120), (113, 126), (10, 15), (27, 98), (37, 106), (48, 136), (3, 52), (54, 70), (30, 42), (101, 145), (55, 123), (45, 125), (63, 140), (23, 67), (109, 131), (41, 51), (75, 111), (83, 118), (29, 147), (79, 99), (6, 90), (65, 103), (53, 141), (7, 34), (61, 69), (4, 81), (57, 114), (127, 133), (74, 130), (25, 58), (18, 46), (36, 88), (73, 116), (2, 16), (1, 14), (8, 26), (21, 60), (92, 105), (17, 47), (86, 128), (119, 134), (59, 71), (11, 110), (43, 56), (89, 139), (78, 142), (28, 68), (0, 9), (80, 93), (77, 100), (108, 137), (104, 124), (62, 112), (76, 135), (31, 44), (94, 95), (117, 121), (35, 85)}
Згенероване вершинне покриття (C): [0, 1, 2, 3, 4, 5, 6, 7, 8, 9, 10, 11, 12, 13, 14, 15, 16, 17, 18, 19, 20, 21, 22, 23, 24, 25, 26, 27, 28, 29, 30, 31, 32, 34, 35, 36, 37, 38, 39, 40, 41, 42, 43, 44, 45, 46, 47, 48, 49, 50, 51, 52, 53, 54, 55, 56, 57, 58, 59, 60, 61, 62, 63, 64, 65, 66, 67, 68, 69, 70, 71, 72, 73, 74, 75, 76, 77, 78, 79, 80, 81, 82, 83, 84, 85, 86, 87, 88, 89, 90, 91, 92, 93, 94, 95, 97, 98, 99, 100, 101, 102, 103, 104, 105, 106, 107, 108, 109, 110, 111, 112, 113, 114, 115, 116, 117, 118, 119, 120, 121, 122, 123, 124, 125, 126, 127, 128, 129, 130, 131, 132, 133, 134, 135, 136, 137, 138, 139, 140, 141, 142, 143, 144, 145, 146, 147, 148, 149]

--- Генерація вершинного покриття (зі списку суміжності) ---
Знайдене максимальне парування (M): {(47, 120), (112, 149), (0, 42), (63, 83), (9, 106), (33, 45), (26, 27), (11, 48), (139, 142), (64, 148), (131, 141), (23, 74), (18, 32), (14, 132), (91, 135), (69, 80), (34, 89), (13, 103), (108, 136), (51, 77), (65, 128), (90, 121), (6, 54), (95, 114), (1, 82), (56, 58), (44, 145), (94, 100), (92, 115), (76, 88), (60, 104), (105, 109), (133, 134), (21, 79), (3, 73), (107, 118), (20, 86), (28, 75), (67, 85), (55, 147), (126, 140), (49, 61), (5, 143), (16, 119), (22, 101), (59, 96), (29, 125), (39, 62), (81, 138), (43, 87), (38, 146), (78, 127), (37, 117), (53, 137), (36, 66), (10, 50), (15, 40), (2, 113), (35, 52), (84, 97), (93, 130), (41, 129), (24, 110), (99, 122), (98, 123), (19, 25), (68, 70), (30, 144), (12, 111), (31, 57), (7, 124), (4, 46), (71, 72)}
Згенероване вершинне покриття (C): [0, 1, 2, 3, 4, 5, 6, 7, 9, 10, 11, 12, 13, 14, 15, 16, 18, 19, 20, 21, 22, 23, 24, 25, 26, 27, 28, 29, 30, 31, 32, 33, 34, 35, 36, 37, 38, 39, 40, 41, 42, 43, 44, 45, 46, 47, 48, 49, 50, 51, 52, 53, 54, 55, 56, 57, 58, 59, 60, 61, 62, 63, 64, 65, 66, 67, 68, 69, 70, 71, 72, 73, 74, 75, 76, 77, 78, 79, 80, 81, 82, 83, 84, 85, 86, 87, 88, 89, 90, 91, 92, 93, 94, 95, 96, 97, 98, 99, 100, 101, 103, 104, 105, 106, 107, 108, 109, 110, 111, 112, 113, 114, 115, 117, 118, 119, 120, 121, 122, 123, 124, 125, 126, 127, 128, 129, 130, 131, 132, 133, 134, 135, 136, 137, 138, 139, 140, 141, 142, 143, 144, 145, 146, 147, 148, 149]

--- Генерація вершинного покриття (зі списку суміжності) ---
Знайдене максимальне парування (M): {(58, 117), (74, 101), (24, 94), (69, 120), (20, 72), (68, 103), (77, 136), (64, 78), (12, 80), (29, 148), (127, 131), (13, 109), (23, 138), (22, 81), (105, 125), (59, 146), (38, 50), (118, 128), (49, 114), (60, 83), (112, 130), (115, 126), (17, 42), (16, 135), (36, 104), (32, 149), (14, 113), (66, 87), (11, 99), (5, 55), (19, 54), (93, 116), (133, 134), (10, 51), (30, 57), (21, 79), (107, 124), (53, 147), (15, 41), (70, 142), (91, 140), (26, 56), (71, 110), (4, 35), (28, 90), (67, 100), (33, 144), (62, 119), (75, 92), (46, 86), (3, 63), (84, 143), (73, 76), (97, 137), (43, 108), (25, 106), (44, 52), (8, 37), (39, 40), (102, 145), (27, 139), (7, 48), (1, 129), (47, 96), (31, 45), (98, 132), (122, 123), (65, 141), (85, 89), (0, 18), (34, 111), (95, 121), (6, 61)}
Згенероване вершинне покриття (C): [0, 1, 3, 4, 5, 6, 7, 8, 10, 11, 12, 13, 14, 15, 16, 17, 18, 19, 20, 21, 22, 23, 24, 25, 26, 27, 28, 29, 30, 31, 32, 33, 34, 35, 36, 37, 38, 39, 40, 41, 42, 43, 44, 45, 46, 47, 48, 49, 50, 51, 52, 53, 54, 55, 56, 57, 58, 59, 60, 61, 62, 63, 64, 65, 66, 67, 68, 69, 70, 71, 72, 73, 74, 75, 76, 77, 78, 79, 80, 81, 83, 84, 85, 86, 87, 89, 90, 91, 92, 93, 94, 95, 96, 97, 98, 99, 100, 101, 102, 103, 104, 105, 106, 107, 108, 109, 110, 111, 112, 113, 114, 115, 116, 117, 118, 119, 120, 121, 122, 123, 124, 125, 126, 127, 128, 129, 130, 131, 132, 133, 134, 135, 136, 137, 138, 139, 140, 141, 142, 143, 144, 145, 146, 147, 148, 149]

--- Генерація вершинного покриття (зі списку суміжності) ---
Знайдене максимальне парування (M): {(31, 124), (7, 72), (68, 94), (47, 123), (1, 34), (8, 46), (110, 130), (120, 138), (27, 62), (76, 113), (101, 112), (12, 83), (22, 142), (60, 132), (53, 96), (81, 106), (52, 128), (65, 122), (56, 92), (69, 89), (23, 37), (127, 134), (102, 135), (6, 54), (33, 75), (2, 24), (50, 149), (14, 40), (99, 139), (97, 117), (3, 43), (19, 91), (66, 145), (74, 103), (16, 144), (45, 125), (136, 148), (49, 95), (13, 108), (59, 133), (17, 78), (70, 87), (5, 85), (126, 146), (21, 48), (73, 119), (0, 28), (35, 80), (51, 100), (109, 121), (38, 82), (71, 140), (79, 98), (30, 105), (15, 86), (93, 115), (32, 41), (63, 84), (9, 61), (42, 55), (64, 143), (90, 104), (4, 77), (25, 118), (10, 129), (26, 58), (107, 141), (116, 147), (88, 137), (36, 44), (29, 57), (39, 131), (67, 114)}
Згенероване вершинне покриття (C): [0, 1, 2, 3, 4, 5, 6, 7, 8, 9, 10, 12, 13, 14, 15, 16, 17, 19, 21, 22, 23, 24, 25, 26, 27, 28, 29, 30, 31, 32, 33, 34, 35, 36, 37, 38, 39, 40, 41, 42, 43, 44, 45, 46, 47, 48, 49, 50, 51, 52, 53, 54, 55, 56, 57, 58, 59, 60, 61, 62, 63, 64, 65, 66, 67, 68, 69, 70, 71, 72, 73, 74, 75, 76, 77, 78, 79, 80, 81, 82, 83, 84, 85, 86, 87, 88, 89, 90, 91, 92, 93, 94, 95, 96, 97, 98, 99, 100, 101, 102, 103, 104, 105, 106, 107, 108, 109, 110, 112, 113, 114, 115, 116, 117, 118, 119, 120, 121, 122, 123, 124, 125, 126, 127, 128, 129, 130, 131, 132, 133, 134, 135, 136, 137, 138, 139, 140, 141, 142, 143, 144, 145, 146, 147, 148, 149]

--- Генерація вершинного покриття (зі списку суміжності) ---
Знайдене максимальне парування (M): {(76, 92), (9, 39), (44, 100), (18, 81), (47, 62), (15, 27), (59, 128), (53, 142), (134, 137), (56, 135), (13, 109), (5, 77), (3, 83), (125, 146), (54, 98), (11, 69), (43, 79), (28, 33), (75, 87), (113, 132), (6, 60), (20, 117), (16, 80), (32, 149), (22, 65), (0, 99), (136, 145), (41, 45), (49, 147), (63, 140), (25, 37), (48, 93), (105, 121), (108, 120), (46, 102), (24, 114), (124, 143), (66, 129), (116, 139), (19, 23), (42, 144), (26, 123), (29, 110), (78, 106), (12, 103), (86, 119), (40, 70), (64, 122), (10, 96), (73, 131), (34, 127), (85, 111), (58, 130), (2, 107), (21, 90), (7, 36), (89, 148), (31, 94), (14, 17), (51, 72), (35, 55), (82, 115), (30, 68), (8, 126), (52, 141), (4, 95), (97, 112), (74, 138), (1, 71), (84, 118), (57, 67), (50, 101), (38, 133), (61, 104)}
Згенероване вершинне покриття (C): [0, 1, 2, 3, 4, 5, 6, 7, 8, 9, 10, 11, 12, 13, 14, 15, 16, 17, 18, 19, 20, 21, 22, 23, 24, 25, 26, 27, 28, 29, 30, 31, 32, 33, 34, 35, 36, 37, 38, 39, 40, 41, 42, 43, 44, 45, 46, 47, 48, 49, 50, 51, 52, 53, 54, 55, 56, 57, 58, 59, 60, 61, 62, 63, 64, 65, 66, 67, 68, 69, 70, 71, 72, 73, 74, 75, 76, 77, 78, 79, 80, 81, 82, 83, 84, 85, 86, 87, 89, 90, 92, 93, 94, 95, 96, 97, 98, 99, 100, 101, 102, 103, 104, 105, 106, 107, 108, 109, 110, 111, 112, 113, 114, 115, 116, 117, 118, 119, 120, 121, 122, 123, 124, 125, 126, 127, 128, 129, 130, 131, 132, 133, 134, 135, 136, 137, 138, 139, 140, 141, 142, 143, 144, 145, 146, 147, 148, 149]

--- Генерація вершинного покриття (зі списку суміжності) ---
Знайдене максимальне парування (M): {(23, 123), (29, 139), (28, 52), (56, 68), (50, 110), (3, 62), (13, 91), (74, 113), (30, 55), (14, 77), (11, 126), (124, 132), (89, 92), (46, 63), (9, 133), (54, 104), (38, 59), (127, 146), (47, 95), (48, 130), (76, 140), (32, 85), (0, 35), (1, 143), (70, 112), (24, 96), (18, 19), (128, 141), (34, 122), (44, 108), (16, 40), (64, 83), (98, 109), (87, 149), (79, 111), (49, 107), (60, 137), (101, 114), (61, 136), (10, 66), (26, 53), (42, 135), (69, 94), (138, 148), (5, 88), (36, 97), (37, 99), (31, 116), (58, 100), (43, 81), (72, 129), (21, 121), (20, 125), (45, 57), (4, 117), (22, 134), (39, 147), (41, 120), (51, 118), (12, 142), (78, 84), (17, 71), (25, 103), (27, 75), (102, 145), (8, 65), (67, 93), (80, 90), (105, 144), (86, 106), (33, 82), (2, 131), (7, 115), (6, 119)}
Згенероване вершинне покриття (C): [0, 1, 2, 3, 4, 5, 6, 7, 8, 9, 10, 11, 12, 13, 14, 16, 17, 18, 19, 20, 21, 22, 23, 24, 25, 26, 27, 28, 29, 30, 31, 32, 33, 34, 35, 36, 37, 38, 39, 40, 41, 42, 43, 44, 45, 46, 47, 48, 49, 50, 51, 52, 53, 54, 55, 56, 57, 58, 59, 60, 61, 62, 63, 64, 65, 66, 67, 68, 69, 70, 71, 72, 74, 75, 76, 77, 78, 79, 80, 81, 82, 83, 84, 85, 86, 87, 88, 89, 90, 91, 92, 93, 94, 95, 96, 97, 98, 99, 100, 101, 102, 103, 104, 105, 106, 107, 108, 109, 110, 111, 112, 113, 114, 115, 116, 117, 118, 119, 120, 121, 122, 123, 124, 125, 126, 127, 128, 129, 130, 131, 132, 133, 134, 135, 136, 137, 138, 139, 140, 141, 142, 143, 144, 145, 146, 147, 148, 149]

--- Генерація вершинного покриття (зі списку суміжності) ---
Знайдене максимальне парування (M): {(16, 87), (66, 97), (19, 49), (64, 136), (60, 117), (96, 107), (119, 145), (6, 149), (101, 106), (42, 121), (51, 129), (52, 73), (14, 147), (10, 67), (18, 56), (29, 120), (33, 78), (43, 82), (0, 17), (36, 104), (111, 113), (5, 47), (2, 20), (53, 62), (76, 88), (9, 41), (54, 128), (57, 90), (84, 141), (94, 109), (38, 138), (30, 115), (70, 75), (133, 137), (89, 143), (34, 85), (72, 105), (127, 139), (3, 91), (24, 65), (39, 114), (55, 110), (122, 130), (48, 132), (28, 44), (26, 74), (50, 102), (7, 63), (40, 131), (4, 59), (13, 83), (46, 92), (37, 68), (35, 98), (61, 123), (108, 116), (58, 69), (12, 142), (95, 103), (80, 93), (135, 148), (23, 32), (71, 118), (8, 144), (15, 125), (1, 126), (22, 45), (11, 79), (27, 99), (81, 134), (86, 124), (112, 140)}
Згенероване вершинне покриття (C): [0, 1, 2, 3, 4, 5, 6, 7, 8, 9, 10, 11, 12, 13, 14, 15, 16, 17, 18, 19, 20, 22, 23, 24, 26, 27, 28, 29, 30, 32, 33, 34, 35, 36, 37, 38, 39, 40, 41, 42, 43, 44, 45, 46, 47, 48, 49, 50, 51, 52, 53, 54, 55, 56, 57, 58, 59, 60, 61, 62, 63, 64, 65, 66, 67, 68, 69, 70, 71, 72, 73, 74, 75, 76, 78, 79, 80, 81, 82, 83, 84, 85, 86, 87, 88, 89, 90, 91, 92, 93, 94, 95, 96, 97, 98, 99, 101, 102, 103, 104, 105, 106, 107, 108, 109, 110, 111, 112, 113, 114, 115, 116, 117, 118, 119, 120, 121, 122, 123, 124, 125, 126, 127, 128, 129, 130, 131, 132, 133, 134, 135, 136, 137, 138, 139, 140, 141, 142, 143, 144, 145, 147, 148, 149]

--- Генерація вершинного покриття (зі списку суміжності) ---
Знайдене максимальне парування (M): {(37, 116), (73, 133), (47, 59), (52, 58), (7, 90), (31, 136), (68, 115), (15, 51), (84, 105), (10, 125), (30, 67), (35, 63), (135, 144), (50, 140), (25, 123), (44, 60), (0, 11), (12, 104), (62, 120), (97, 111), (6, 127), (86, 114), (18, 65), (110, 117), (94, 100), (45, 122), (21, 128), (48, 148), (36, 61), (24, 29), (13, 102), (71, 101), (5, 134), (17, 75), (1, 54), (91, 143), (9, 126), (14, 85), (78, 88), (41, 130), (32, 72), (40, 46), (112, 129), (79, 137), (99, 141), (53, 113), (23, 109), (3, 39), (33, 89), (26, 77), (2, 138), (87, 118), (49, 70), (43, 96), (56, 121), (55, 131), (16, 27), (81, 147), (34, 139), (42, 64), (82, 106), (66, 119), (22, 149), (20, 103), (69, 142), (107, 132), (93, 145), (4, 95), (38, 124), (74, 80), (83, 92), (19, 28), (57, 76)}
Згенероване вершинне покриття (C): [0, 1, 2, 3, 4, 5, 6, 7, 9, 10, 11, 12, 13, 14, 15, 16, 17, 18, 19, 20, 21, 22, 23, 24, 25, 26, 27, 28, 29, 30, 31, 32, 33, 34, 35, 36, 37, 38, 39, 40, 41, 42, 43, 44, 45, 46, 47, 48, 49, 50, 51, 52, 53, 54, 55, 56, 57, 58, 59, 60, 61, 62, 63, 64, 65, 66, 67, 68, 69, 70, 71, 72, 73, 74, 75, 76, 77, 78, 79, 80, 81, 82, 83, 84, 85, 86, 87, 88, 89, 90, 91, 92, 93, 94, 95, 96, 97, 99, 100, 101, 102, 103, 104, 105, 106, 107, 109, 110, 111, 112, 113, 114, 115, 116, 117, 118, 119, 120, 121, 122, 123, 124, 125, 126, 127, 128, 129, 130, 131, 132, 133, 134, 135, 136, 137, 138, 139, 140, 141, 142, 143, 144, 145, 147, 148, 149]

--- Генерація вершинного покриття (зі списку суміжності) ---
Знайдене максимальне парування (M): {(137, 145), (73, 133), (57, 88), (66, 103), (77, 127), (29, 78), (1, 92), (53, 139), (64, 84), (59, 134), (91, 126), (80, 132), (17, 128), (12, 83), (65, 122), (42, 130), (28, 76), (4, 149), (90, 124), (97, 102), (38, 117), (10, 15), (19, 30), (5, 34), (9, 32), (41, 100), (49, 89), (68, 96), (8, 106), (31, 141), (47, 67), (18, 95), (51, 125), (14, 140), (36, 44), (50, 87), (27, 85), (79, 123), (75, 138), (52, 148), (81, 129), (20, 110), (63, 121), (6, 62), (108, 147), (3, 48), (60, 112), (33, 101), (82, 143), (35, 98), (37, 71), (46, 104), (23, 136), (99, 107), (2, 146), (0, 61), (43, 120), (111, 142), (70, 74), (24, 55), (94, 135), (13, 119), (45, 93), (7, 54), (16, 115), (21, 105), (39, 116), (25, 72), (22, 109), (86, 118), (26, 131), (56, 114), (40, 69)}
Згенероване вершинне покриття (C): [0, 1, 2, 3, 4, 5, 6, 7, 8, 9, 10, 12, 13, 14, 15, 16, 17, 18, 19, 20, 21, 22, 23, 24, 25, 26, 27, 28, 29, 30, 31, 32, 33, 34, 35, 36, 37, 38, 39, 40, 41, 42, 43, 44, 45, 46, 47, 48, 49, 50, 51, 52, 53, 54, 55, 56, 57, 59, 60, 61, 62, 63, 64, 65, 66, 67, 68, 69, 70, 71, 72, 73, 74, 75, 76, 77, 78, 79, 80, 81, 82, 83, 84, 85, 86, 87, 88, 89, 90, 91, 92, 93, 94, 95, 96, 97, 98, 99, 100, 101, 102, 103, 104, 105, 106, 107, 108, 109, 110, 111, 112, 114, 115, 116, 117, 118, 119, 120, 121, 122, 123, 124, 125, 126, 127, 128, 129, 130, 131, 132, 133, 134, 135, 136, 137, 138, 139, 140, 141, 142, 143, 145, 146, 147, 148, 149]

--- Генерація вершинного покриття (зі списку суміжності) ---
Знайдене максимальне парування (M): {(109, 132), (33, 42), (8, 46), (6, 79), (58, 68), (9, 60), (124, 138), (76, 116), (74, 128), (49, 120), (104, 114), (105, 146), (32, 73), (5, 86), (66, 72), (43, 143), (121, 139), (14, 40), (21, 55), (22, 111), (59, 100), (45, 52), (93, 101), (38, 129), (26, 78), (122, 140), (90, 142), (63, 70), (27, 107), (2, 29), (34, 119), (19, 103), (18, 80), (12, 134), (3, 41), (75, 117), (44, 53), (24, 50), (97, 102), (39, 125), (7, 95), (62, 110), (118, 136), (123, 127), (106, 113), (61, 87), (0, 144), (65, 84), (126, 149), (83, 99), (89, 112), (47, 48), (25, 82), (1, 35), (64, 137), (81, 147), (15, 37), (4, 71), (57, 98), (16, 36), (23, 145), (133, 148), (77, 94), (28, 141), (20, 51), (96, 135), (13, 67), (11, 131), (54, 56), (30, 92), (115, 130), (69, 108), (88, 91), (10, 31)}
Згенероване вершинне покриття (C): [0, 1, 2, 3, 4, 5, 6, 7, 8, 9, 10, 11, 12, 13, 14, 15, 16, 18, 19, 20, 21, 22, 23, 24, 25, 26, 27, 28, 29, 30, 31, 32, 33, 34, 35, 36, 37, 38, 39, 40, 41, 42, 43, 44, 45, 46, 47, 48, 49, 50, 51, 52, 53, 54, 55, 56, 57, 58, 59, 60, 61, 62, 63, 64, 65, 66, 67, 68, 69, 70, 71, 72, 73, 74, 75, 76, 77, 78, 79, 80, 81, 82, 83, 84, 86, 87, 88, 89, 90, 91, 92, 93, 94, 95, 96, 97, 98, 99, 100, 101, 102, 103, 104, 105, 106, 107, 108, 109, 110, 111, 112, 113, 114, 115, 116, 117, 118, 119, 120, 121, 122, 123, 124, 125, 126, 127, 128, 129, 130, 131, 132, 133, 134, 135, 136, 137, 138, 139, 140, 141, 142, 143, 144, 145, 146, 147, 148, 149]

--- Генерація вершинного покриття (зі списку суміжності) ---
Знайдене максимальне парування (M): {(34, 62), (81, 146), (110, 127), (20, 72), (60, 120), (75, 112), (97, 142), (91, 132), (0, 51), (26, 106), (43, 55), (44, 57), (36, 80), (100, 144), (69, 135), (7, 105), (61, 79), (5, 89), (39, 48), (122, 125), (66, 133), (96, 140), (10, 15), (2, 14), (46, 136), (6, 11), (70, 115), (68, 148), (54, 128), (13, 29), (31, 141), (1, 42), (12, 137), (24, 108), (126, 131), (119, 147), (73, 101), (28, 78), (67, 94), (25, 64), (86, 104), (50, 90), (85, 145), (19, 93), (35, 83), (22, 116), (21, 124), (4, 53), (45, 121), (52, 102), (30, 47), (38, 143), (49, 88), (107, 111), (27, 63), (56, 139), (33, 113), (95, 149), (58, 130), (17, 65), (32, 114), (41, 129), (3, 23), (37, 138), (84, 103), (71, 109), (118, 123), (8, 16), (99, 134), (9, 18), (76, 77), (59, 98), (74, 92), (87, 117)}
Згенероване вершинне покриття (C): [0, 1, 2, 3, 4, 5, 6, 7, 8, 9, 10, 11, 12, 13, 14, 15, 16, 17, 18, 19, 20, 21, 22, 23, 24, 25, 26, 27, 28, 29, 30, 31, 32, 33, 34, 35, 36, 37, 38, 39, 41, 42, 43, 44, 45, 46, 47, 48, 49, 50, 51, 52, 53, 54, 55, 56, 57, 58, 59, 60, 61, 62, 63, 64, 65, 66, 67, 68, 69, 70, 71, 72, 73, 74, 75, 76, 77, 78, 79, 80, 81, 83, 84, 85, 86, 87, 88, 89, 90, 91, 92, 93, 94, 95, 96, 97, 98, 99, 100, 101, 102, 103, 104, 105, 106, 107, 108, 109, 110, 111, 112, 113, 114, 115, 116, 117, 118, 119, 120, 121, 122, 123, 124, 125, 126, 127, 128, 129, 130, 131, 132, 133, 134, 135, 136, 137, 138, 139, 140, 141, 142, 143, 144, 145, 146, 147, 148, 149]

--- Генерація вершинного покриття (зі списку суміжності) ---
Знайдене максимальне парування (M): {(4, 49), (120, 129), (41, 104), (111, 123), (97, 136), (50, 122), (11, 54), (74, 116), (59, 67), (62, 90), (33, 118), (61, 73), (87, 92), (9, 14), (65, 125), (64, 105), (79, 124), (23, 101), (15, 57), (22, 102), (114, 121), (108, 145), (27, 34), (1, 85), (117, 138), (110, 126), (103, 142), (36, 119), (43, 100), (25, 98), (10, 51), (99, 140), (6, 96), (78, 82), (89, 146), (29, 40), (112, 143), (32, 66), (80, 91), (17, 81), (21, 39), (44, 132), (127, 148), (37, 93), (77, 107), (69, 88), (76, 139), (144, 149), (7, 58), (70, 113), (0, 135), (18, 128), (47, 109), (19, 38), (60, 106), (68, 86), (84, 137), (48, 83), (45, 130), (72, 147), (12, 20), (13, 46), (2, 52), (24, 55), (75, 134), (28, 141), (63, 71), (5, 35), (42, 94), (8, 31), (26, 131), (30, 95), (115, 133), (3, 56)}
Згенероване вершинне покриття (C): [0, 1, 2, 3, 4, 5, 6, 7, 8, 9, 10, 11, 12, 13, 14, 15, 17, 18, 19, 20, 21, 22, 23, 24, 25, 26, 27, 28, 29, 30, 31, 32, 33, 34, 35, 36, 37, 38, 39, 40, 41, 42, 43, 44, 45, 46, 47, 48, 49, 50, 51, 52, 54, 55, 56, 57, 58, 59, 60, 61, 62, 63, 64, 65, 66, 67, 68, 69, 70, 71, 72, 73, 74, 75, 76, 77, 78, 79, 80, 81, 82, 83, 84, 85, 86, 87, 88, 89, 90, 91, 92, 93, 94, 95, 96, 97, 98, 99, 100, 101, 102, 103, 104, 105, 106, 107, 108, 109, 110, 111, 112, 113, 114, 115, 116, 117, 118, 119, 120, 121, 122, 123, 124, 125, 126, 127, 128, 129, 130, 131, 132, 133, 134, 135, 136, 137, 138, 139, 140, 141, 142, 143, 144, 145, 146, 147, 148, 149]

--- Генерація вершинного покриття (зі списку суміжності) ---
Знайдене максимальне парування (M): {(43, 98), (55, 63), (40, 139), (49, 90), (104, 145), (56, 141), (93, 123), (54, 147), (10, 116), (28, 137), (37, 85), (38, 50), (60, 135), (24, 121), (19, 82), (0, 14), (32, 73), (52, 79), (118, 146), (62, 65), (45, 107), (51, 92), (81, 136), (11, 29), (68, 142), (71, 143), (111, 122), (9, 41), (33, 44), (59, 75), (102, 134), (61, 124), (39, 96), (18, 34), (6, 35), (13, 47), (16, 46), (2, 53), (22, 83), (130, 132), (97, 101), (48, 114), (27, 88), (89, 106), (76, 78), (69, 103), (84, 125), (57, 80), (64, 119), (7, 12), (74, 99), (105, 117), (3, 127), (109, 133), (128, 140), (42, 110), (58, 72), (8, 120), (21, 26), (25, 94), (17, 126), (23, 87), (67, 148), (112, 113), (31, 36), (1, 4), (77, 100), (5, 20), (70, 86), (95, 115), (129, 138), (30, 144), (15, 131), (66, 149)}
Згенероване вершинне покриття (C): [0, 1, 2, 3, 4, 5, 6, 7, 8, 9, 10, 11, 12, 13, 14, 15, 16, 17, 18, 19, 20, 21, 22, 23, 24, 25, 26, 27, 28, 29, 30, 31, 32, 33, 34, 35, 36, 37, 38, 39, 40, 41, 42, 43, 44, 45, 46, 47, 48, 49, 50, 51, 52, 53, 54, 55, 56, 57, 58, 59, 60, 61, 62, 63, 64, 65, 66, 67, 68, 69, 70, 71, 72, 73, 74, 75, 76, 77, 78, 79, 80, 81, 82, 83, 84, 85, 86, 87, 88, 89, 90, 92, 93, 94, 95, 96, 97, 98, 99, 100, 101, 102, 103, 104, 105, 106, 107, 109, 110, 111, 112, 113, 114, 115, 116, 117, 118, 119, 120, 121, 122, 123, 124, 125, 126, 127, 128, 129, 130, 131, 132, 133, 134, 135, 136, 137, 138, 139, 140, 141, 142, 143, 144, 145, 146, 147, 148, 149]

--- Генерація вершинного покриття (зі списку суміжності) ---
Знайдене максимальне парування (M): {(58, 114), (111, 123), (4, 125), (100, 129), (41, 43), (20, 69), (25, 148), (7, 84), (33, 109), (32, 49), (108, 121), (28, 137), (19, 134), (8, 67), (10, 119), (59, 143), (37, 88), (99, 136), (24, 124), (38, 117), (92, 97), (9, 29), (112, 133), (120, 122), (40, 132), (15, 139), (113, 138), (82, 144), (61, 115), (71, 89), (26, 145), (39, 78), (101, 105), (45, 146), (34, 79), (118, 127), (16, 107), (54, 91), (77, 147), (3, 27), (23, 42), (0, 80), (85, 142), (17, 90), (6, 65), (60, 94), (70, 102), (2, 13), (86, 116), (62, 64), (93, 103), (104, 131), (47, 48), (68, 83), (30, 44), (74, 96), (12, 66), (36, 57), (72, 135), (31, 73), (22, 128), (63, 87), (14, 130), (52, 53), (46, 110), (11, 55), (1, 50), (18, 106), (51, 81), (76, 126), (5, 35), (98, 141), (75, 149), (21, 56)}
Згенероване вершинне покриття (C): [0, 1, 2, 3, 4, 5, 6, 7, 8, 9, 10, 11, 12, 13, 14, 15, 16, 17, 18, 19, 20, 21, 22, 23, 24, 25, 26, 27, 28, 29, 30, 31, 32, 33, 34, 35, 36, 37, 38, 39, 40, 41, 42, 43, 44, 45, 46, 47, 48, 49, 50, 51, 52, 53, 54, 55, 56, 57, 58, 59, 60, 61, 62, 63, 64, 65, 66, 67, 68, 69, 70, 71, 72, 73, 74, 75, 76, 77, 78, 79, 80, 81, 82, 83, 84, 85, 86, 87, 88, 89, 90, 91, 92, 93, 94, 96, 97, 98, 99, 100, 101, 102, 103, 104, 105, 106, 107, 108, 109, 110, 111, 112, 113, 114, 115, 116, 117, 118, 119, 120, 121, 122, 123, 124, 125, 126, 127, 128, 129, 130, 131, 132, 133, 134, 135, 136, 137, 138, 139, 141, 142, 143, 144, 145, 146, 147, 148, 149]

--- Генерація вершинного покриття (зі списку суміжності) ---
Знайдене максимальне парування (M): {(49, 142), (59, 116), (26, 88), (4, 9), (55, 136), (1, 104), (57, 100), (51, 126), (91, 138), (13, 109), (58, 141), (42, 63), (21, 98), (68, 121), (3, 37), (97, 108), (31, 47), (41, 146), (129, 140), (2, 72), (25, 80), (18, 123), (92, 106), (93, 95), (11, 84), (24, 145), (67, 125), (82, 86), (56, 134), (107, 115), (70, 75), (60, 64), (44, 53), (29, 101), (61, 69), (36, 79), (10, 127), (78, 94), (71, 139), (6, 105), (32, 124), (81, 111), (76, 133), (45, 54), (103, 132), (112, 135), (73, 128), (15, 74), (77, 122), (35, 147), (48, 144), (16, 30), (96, 102), (20, 131), (17, 43), (89, 130), (14, 66), (28, 114), (50, 117), (7, 27), (87, 148), (46, 110), (22, 85), (52, 62), (8, 65), (23, 99), (12, 38), (39, 113), (33, 137), (5, 90), (0, 143), (34, 120), (19, 40)}
Згенероване вершинне покриття (C): [0, 1, 2, 3, 4, 5, 6, 7, 8, 9, 10, 11, 12, 13, 14, 15, 16, 17, 18, 19, 20, 21, 22, 23, 24, 25, 26, 27, 28, 29, 30, 31, 32, 33, 34, 35, 36, 37, 38, 39, 40, 41, 42, 43, 44, 45, 46, 47, 48, 49, 50, 51, 52, 53, 54, 55, 56, 57, 58, 59, 60, 61, 62, 63, 64, 65, 66, 67, 68, 69, 70, 71, 72, 73, 74, 75, 76, 77, 78, 79, 80, 81, 82, 84, 85, 86, 87, 88, 89, 90, 91, 92, 93, 94, 95, 96, 97, 98, 99, 100, 101, 102, 103, 104, 105, 106, 107, 108, 109, 110, 111, 112, 113, 114, 115, 116, 117, 120, 121, 122, 123, 124, 125, 126, 127, 128, 129, 130, 131, 132, 133, 134, 135, 136, 137, 138, 139, 140, 141, 142, 143, 144, 145, 146, 147, 148]

--- Генерація вершинного покриття (зі списку суміжності) ---
Знайдене максимальне парування (M): {(80, 117), (122, 144), (22, 121), (17, 46), (70, 116), (23, 126), (57, 88), (5, 120), (58, 123), (62, 142), (85, 107), (19, 52), (106, 148), (25, 50), (47, 74), (40, 44), (103, 112), (4, 82), (129, 134), (2, 124), (96, 143), (12, 104), (10, 15), (42, 84), (32, 140), (51, 92), (54, 125), (27, 110), (63, 131), (39, 133), (119, 132), (56, 128), (43, 100), (41, 118), (68, 108), (72, 90), (65, 115), (30, 127), (61, 69), (53, 147), (87, 149), (26, 105), (86, 98), (34, 79), (89, 94), (18, 113), (48, 114), (66, 77), (14, 97), (99, 141), (0, 28), (20, 64), (55, 109), (11, 95), (71, 146), (13, 31), (83, 111), (67, 130), (45, 75), (16, 91), (7, 33), (6, 101), (102, 145), (36, 81), (1, 59), (8, 135), (78, 93), (9, 21), (76, 138), (3, 38), (35, 73), (24, 137), (29, 60), (37, 49)}
Згенероване вершинне покриття (C): [0, 1, 2, 3, 4, 5, 6, 7, 8, 9, 10, 11, 12, 13, 14, 15, 16, 17, 18, 19, 20, 21, 22, 23, 24, 25, 26, 27, 28, 29, 30, 31, 32, 33, 34, 35, 36, 37, 38, 39, 40, 41, 42, 43, 44, 45, 46, 47, 48, 49, 50, 51, 52, 53, 54, 55, 56, 57, 58, 59, 60, 61, 62, 63, 64, 65, 66, 67, 68, 69, 70, 71, 72, 73, 74, 75, 76, 77, 78, 79, 80, 81, 82, 83, 84, 85, 86, 87, 88, 89, 90, 91, 92, 93, 94, 95, 96, 97, 98, 99, 100, 101, 102, 103, 104, 105, 106, 107, 108, 109, 110, 111, 112, 113, 114, 115, 116, 117, 118, 119, 120, 121, 122, 123, 124, 125, 126, 127, 128, 129, 130, 131, 132, 133, 134, 135, 137, 138, 140, 141, 142, 143, 144, 145, 146, 147, 148, 149]

--- Генерація вершинного покриття (зі списку суміжності) ---
Знайдене максимальне парування (M): {(137, 145), (6, 82), (16, 148), (55, 136), (88, 106), (90, 97), (38, 99), (83, 116), (52, 61), (19, 119), (126, 129), (35, 48), (142, 144), (112, 115), (34, 147), (96, 131), (54, 95), (60, 80), (107, 128), (0, 8), (24, 130), (28, 94), (30, 143), (27, 37), (25, 81), (31, 59), (11, 29), (7, 71), (46, 87), (40, 135), (21, 70), (73, 89), (110, 132), (26, 93), (4, 63), (3, 12), (66, 123), (47, 85), (69, 140), (13, 117), (51, 79), (10, 75), (36, 39), (32, 133), (22, 49), (1, 139), (15, 65), (5, 42), (86, 122), (68, 138), (14, 109), (2, 141), (9, 104), (50, 111), (17, 56), (41, 102), (67, 121), (62, 146), (43, 53), (72, 98), (57, 113), (76, 120), (58, 78), (77, 91), (33, 64), (23, 114), (100, 105), (45, 108), (101, 134), (84, 124), (18, 127), (20, 118), (74, 92), (44, 149)}
Згенероване вершинне покриття (C): [0, 1, 2, 3, 4, 5, 6, 7, 8, 9, 10, 11, 12, 13, 14, 15, 16, 17, 18, 19, 20, 21, 22, 23, 24, 25, 26, 27, 28, 29, 30, 31, 32, 33, 34, 35, 36, 37, 38, 39, 40, 41, 42, 43, 44, 45, 46, 47, 48, 49, 50, 51, 52, 53, 54, 55, 56, 57, 58, 59, 60, 61, 62, 63, 64, 65, 66, 67, 68, 69, 70, 71, 72, 73, 74, 75, 76, 77, 78, 79, 80, 81, 82, 83, 84, 85, 86, 87, 88, 89, 90, 91, 92, 93, 94, 95, 96, 97, 98, 99, 100, 101, 102, 104, 105, 106, 107, 108, 109, 110, 111, 112, 113, 114, 115, 116, 117, 118, 119, 120, 121, 122, 123, 124, 126, 127, 128, 129, 130, 131, 132, 133, 134, 135, 136, 137, 138, 139, 140, 141, 142, 143, 144, 145, 146, 147, 148, 149]

--- Генерація вершинного покриття (зі списку суміжності) ---
Знайдене максимальне парування (M): {(54, 65), (40, 78), (12, 71), (22, 69), (17, 67), (10, 122), (50, 134), (3, 138), (26, 73), (51, 132), (77, 90), (49, 68), (32, 76), (82, 129), (113, 141), (30, 91), (109, 119), (6, 75), (15, 142), (48, 81), (13, 93), (27, 55), (23, 131), (125, 130), (21, 149), (29, 31), (41, 127), (112, 117), (24, 120), (4, 145), (80, 105), (7, 46), (45, 97), (18, 52), (116, 148), (70, 96), (9, 19), (16, 64), (89, 106), (92, 99), (66, 144), (28, 38), (72, 123), (0, 86), (5, 100), (37, 111), (47, 115), (25, 88), (39, 135), (11, 98), (43, 44), (87, 133), (83, 114), (85, 108), (36, 63), (33, 107), (110, 137), (42, 58), (8, 62), (14, 139), (60, 136), (2, 61), (20, 103), (104, 118), (56, 59), (57, 128), (84, 124), (1, 74), (94, 95), (121, 143), (35, 79), (34, 53), (101, 146)}
Згенероване вершинне покриття (C): [0, 1, 2, 3, 4, 5, 6, 7, 8, 9, 10, 11, 12, 13, 14, 15, 16, 17, 18, 19, 20, 21, 22, 23, 24, 25, 26, 27, 28, 29, 30, 31, 32, 33, 34, 35, 36, 37, 38, 39, 40, 41, 42, 43, 44, 45, 46, 47, 48, 49, 50, 51, 52, 53, 54, 55, 56, 57, 58, 59, 60, 61, 62, 63, 64, 65, 66, 67, 68, 69, 70, 71, 72, 73, 74, 75, 76, 77, 78, 79, 80, 81, 82, 83, 84, 85, 86, 87, 88, 89, 90, 91, 92, 93, 94, 95, 96, 97, 98, 99, 100, 101, 103, 104, 105, 106, 107, 108, 109, 110, 111, 112, 113, 114, 115, 116, 117, 118, 119, 120, 121, 122, 123, 124, 125, 127, 128, 129, 130, 131, 132, 133, 134, 135, 136, 137, 138, 139, 141, 142, 143, 144, 145, 146, 148, 149]

--- Генерація вершинного покриття (зі списку суміжності) ---
Знайдене максимальне парування (M): {(137, 139), (7, 136), (10, 86), (11, 39), (108, 109), (81, 88), (26, 33), (53, 78), (12, 13), (9, 115), (111, 132), (3, 126), (141, 148), (43, 116), (18, 35), (133, 135), (45, 147), (71, 105), (50, 82), (76, 131), (14, 31), (89, 95), (2, 69), (0, 23), (4, 106), (49, 144), (36, 122), (114, 142), (70, 121), (6, 145), (21, 85), (29, 92), (16, 37), (67, 146), (24, 56), (120, 149), (34, 94), (62, 104), (25, 125), (17, 87), (66, 74), (54, 112), (99, 138), (22, 52), (93, 97), (5, 42), (40, 134), (65, 90), (63, 72), (8, 47), (73, 143), (80, 124), (15, 128), (27, 118), (1, 38), (61, 123), (46, 110), (83, 129), (41, 117), (91, 130), (30, 68), (51, 127), (101, 113), (48, 107), (84, 100), (20, 103), (57, 119), (32, 77), (75, 79), (19, 28), (44, 140), (59, 98), (58, 102), (55, 60)}
Згенероване вершинне покриття (C): [0, 1, 2, 3, 4, 5, 6, 7, 8, 9, 10, 11, 12, 13, 14, 15, 16, 17, 18, 19, 20, 21, 22, 23, 24, 25, 26, 27, 28, 29, 30, 31, 32, 33, 34, 35, 36, 37, 38, 39, 40, 41, 42, 43, 44, 45, 46, 47, 48, 49, 50, 51, 52, 53, 54, 55, 56, 57, 58, 59, 60, 61, 62, 63, 65, 66, 67, 68, 69, 70, 71, 72, 73, 74, 75, 76, 77, 78, 79, 80, 81, 82, 83, 84, 85, 86, 87, 88, 89, 90, 91, 92, 93, 94, 95, 97, 98, 99, 100, 101, 102, 103, 104, 105, 106, 107, 108, 109, 110, 111, 112, 113, 114, 115, 116, 117, 118, 119, 120, 121, 122, 123, 124, 125, 126, 127, 128, 129, 130, 131, 132, 133, 134, 135, 136, 137, 138, 139, 140, 141, 142, 143, 144, 145, 146, 147, 148, 149]

--- Генерація вершинного покриття (зі списку суміжності) ---
Знайдене максимальне парування (M): {(145, 149), (59, 125), (109, 141), (79, 97), (3, 126), (27, 62), (38, 96), (98, 113), (0, 51), (20, 29), (22, 32), (36, 144), (82, 111), (90, 118), (37, 88), (42, 78), (9, 75), (65, 73), (114, 121), (15, 124), (7, 10), (76, 100), (45, 119), (14, 116), (49, 77), (43, 106), (120, 143), (41, 115), (4, 72), (39, 93), (105, 139), (48, 137), (5, 146), (44, 71), (61, 87), (60, 85), (1, 84), (103, 132), (13, 138), (95, 128), (34, 63), (86, 131), (18, 21), (40, 140), (26, 31), (47, 130), (8, 53), (94, 129), (19, 117), (50, 123), (58, 136), (6, 101), (35, 110), (83, 135), (80, 148), (24, 55), (33, 64), (92, 147), (66, 67), (11, 12), (46, 70), (23, 102), (81, 122), (57, 134), (69, 99), (52, 89), (54, 56), (16, 127), (25, 142), (91, 108), (104, 133), (2, 30)}
Згенероване вершинне покриття (C): [0, 1, 2, 3, 4, 5, 6, 7, 8, 9, 10, 11, 12, 13, 14, 15, 16, 18, 19, 20, 21, 22, 23, 24, 25, 26, 27, 29, 30, 31, 32, 33, 34, 35, 36, 37, 38, 39, 40, 41, 42, 43, 44, 45, 46, 47, 48, 49, 50, 51, 52, 53, 54, 55, 56, 57, 58, 59, 60, 61, 62, 63, 64, 65, 66, 67, 69, 70, 71, 72, 73, 75, 76, 77, 78, 79, 80, 81, 82, 83, 84, 85, 86, 87, 88, 89, 90, 91, 92, 93, 94, 95, 96, 97, 98, 99, 100, 101, 102, 103, 104, 105, 106, 108, 109, 110, 111, 113, 114, 115, 116, 117, 118, 119, 120, 121, 122, 123, 124, 125, 126, 127, 128, 129, 130, 131, 132, 133, 134, 135, 136, 137, 138, 139, 140, 141, 142, 143, 144, 145, 146, 147, 148, 149]

--- Генерація вершинного покриття (зі списку суміжності) ---
Знайдене максимальне парування (M): {(18, 78), (26, 85), (41, 110), (3, 59), (102, 120), (33, 39), (61, 122), (69, 129), (84, 145), (15, 100), (4, 140), (73, 108), (31, 44), (118, 134), (83, 146), (10, 76), (93, 147), (29, 68), (109, 119), (131, 149), (38, 138), (47, 58), (2, 35), (27, 52), (32, 42), (111, 125), (70, 127), (71, 86), (79, 105), (28, 130), (87, 88), (80, 143), (16, 113), (54, 106), (115, 116), (14, 94), (20, 43), (22, 34), (23, 36), (90, 132), (21, 112), (6, 123), (1, 72), (13, 19), (63, 124), (24, 77), (17, 96), (7, 137), (67, 121), (25, 97), (98, 99), (53, 82), (81, 95), (57, 107), (56, 148), (49, 103), (0, 9), (11, 128), (91, 142), (37, 92), (51, 133), (48, 55), (46, 64), (8, 144), (74, 141), (126, 139), (5, 136), (65, 135), (12, 50), (89, 117), (45, 114), (30, 40)}
Згенероване вершинне покриття (C): [0, 1, 2, 3, 4, 5, 6, 7, 8, 9, 10, 11, 12, 13, 14, 15, 16, 17, 18, 19, 20, 21, 22, 23, 24, 25, 26, 27, 28, 29, 30, 31, 32, 33, 34, 35, 36, 37, 38, 39, 40, 41, 42, 43, 44, 45, 46, 47, 48, 49, 50, 51, 52, 53, 54, 55, 56, 57, 58, 59, 61, 63, 64, 65, 67, 68, 69, 70, 71, 72, 73, 74, 76, 77, 78, 79, 80, 81, 82, 83, 84, 85, 86, 87, 88, 89, 90, 91, 92, 93, 94, 95, 96, 97, 98, 99, 100, 102, 103, 105, 106, 107, 108, 109, 110, 111, 112, 113, 114, 115, 116, 117, 118, 119, 120, 121, 122, 123, 124, 125, 126, 127, 128, 129, 130, 131, 132, 133, 134, 135, 136, 137, 138, 139, 140, 141, 142, 143, 144, 145, 146, 147, 148, 149]

--- Генерація вершинного покриття (зі списку суміжності) ---
Знайдене максимальне парування (M): {(41, 52), (5, 123), (40, 84), (47, 132), (96, 116), (93, 129), (67, 135), (51, 62), (20, 35), (90, 115), (50, 137), (9, 133), (1, 6), (121, 130), (16, 56), (8, 97), (13, 87), (23, 61), (22, 65), (19, 45), (26, 29), (53, 144), (32, 54), (24, 105), (124, 140), (17, 69), (14, 79), (104, 107), (76, 127), (103, 128), (114, 117), (42, 80), (15, 134), (55, 101), (2, 10), (82, 125), (75, 86), (18, 122), (12, 112), (57, 138), (3, 48), (58, 109), (106, 131), (37, 43), (4, 59), (36, 118), (38, 85), (95, 143), (136, 141), (31, 63), (33, 49), (73, 91), (81, 98), (7, 88), (34, 78), (11, 110), (72, 147), (100, 142), (68, 113), (102, 145), (28, 74), (99, 119), (25, 60), (77, 94), (126, 139), (83, 89), (21, 111), (0, 70), (30, 92), (39, 64), (44, 149), (46, 146), (27, 108)}
Згенероване вершинне покриття (C): [0, 1, 2, 3, 4, 5, 6, 7, 8, 9, 10, 11, 12, 13, 14, 15, 16, 17, 18, 19, 20, 21, 22, 23, 24, 25, 26, 27, 28, 29, 30, 31, 32, 33, 34, 35, 36, 37, 38, 39, 40, 41, 42, 43, 44, 45, 46, 47, 48, 49, 50, 51, 52, 53, 54, 55, 56, 57, 58, 59, 60, 61, 62, 63, 64, 65, 67, 68, 69, 70, 72, 73, 74, 75, 76, 77, 78, 79, 80, 81, 82, 83, 84, 85, 86, 87, 88, 89, 90, 91, 92, 93, 94, 95, 96, 97, 98, 99, 100, 101, 102, 103, 104, 105, 106, 107, 108, 109, 110, 111, 112, 113, 114, 115, 116, 117, 118, 119, 121, 122, 123, 124, 125, 126, 127, 128, 129, 130, 131, 132, 133, 134, 135, 136, 137, 138, 139, 140, 141, 142, 143, 144, 145, 146, 147, 149]

--- Генерація вершинного покриття (зі списку суміжності) ---
Знайдене максимальне парування (M): {(38, 136), (91, 117), (114, 137), (2, 149), (80, 120), (18, 84), (61, 119), (15, 97), (47, 135), (17, 73), (33, 115), (28, 82), (22, 35), (13, 121), (6, 48), (96, 143), (57, 124), (4, 94), (71, 132), (68, 78), (1, 140), (20, 123), (16, 74), (102, 107), (55, 65), (26, 142), (72, 139), (63, 146), (0, 41), (19, 54), (14, 122), (58, 125), (36, 134), (110, 141), (27, 128), (8, 127), (53, 92), (25, 49), (64, 98), (31, 43), (46, 62), (10, 133), (86, 113), (66, 138), (44, 83), (69, 100), (89, 109), (23, 51), (30, 108), (112, 147), (103, 144), (7, 79), (76, 105), (42, 52), (88, 104), (3, 11), (21, 81), (70, 129), (50, 126), (56, 87), (99, 116), (60, 75), (34, 145), (93, 130), (67, 90), (40, 45), (9, 131), (5, 148), (32, 77), (37, 95), (59, 101), (106, 118), (12, 111), (24, 85)}
Згенероване вершинне покриття (C): [0, 1, 2, 3, 4, 5, 6, 7, 8, 9, 10, 11, 12, 13, 14, 15, 16, 17, 18, 19, 20, 21, 22, 23, 24, 25, 26, 27, 28, 30, 31, 32, 33, 34, 35, 36, 37, 38, 40, 41, 42, 43, 44, 45, 46, 47, 48, 49, 50, 51, 52, 53, 54, 55, 56, 57, 58, 59, 60, 61, 62, 63, 64, 65, 66, 67, 68, 69, 70, 71, 72, 73, 74, 75, 76, 77, 78, 79, 80, 81, 82, 83, 84, 85, 86, 87, 88, 89, 90, 91, 92, 93, 94, 95, 96, 97, 98, 99, 100, 101, 102, 103, 104, 105, 106, 107, 108, 109, 110, 111, 112, 113, 114, 115, 116, 117, 118, 119, 120, 121, 122, 123, 124, 125, 126, 127, 128, 129, 130, 131, 132, 133, 134, 135, 136, 137, 138, 139, 140, 141, 142, 143, 144, 145, 146, 147, 148, 149]

--- Генерація вершинного покриття (зі списку суміжності) ---
Знайдене максимальне парування (M): {(17, 107), (50, 113), (32, 95), (10, 144), (71, 145), (39, 140), (20, 72), (3, 132), (16, 99), (22, 78), (53, 148), (51, 126), (68, 109), (30, 70), (37, 134), (47, 138), (8, 131), (87, 98), (0, 14), (7, 108), (42, 81), (121, 133), (52, 91), (1, 137), (120, 122), (112, 142), (2, 84), (55, 123), (73, 141), (74, 100), (6, 23), (29, 83), (28, 63), (4, 130), (58, 125), (36, 128), (24, 44), (19, 57), (88, 117), (66, 105), (12, 85), (21, 33), (79, 111), (34, 94), (102, 146), (38, 110), (40, 80), (82, 116), (89, 97), (26, 59), (77, 101), (61, 93), (64, 119), (27, 106), (62, 67), (56, 118), (9, 104), (5, 115), (35, 86), (54, 60), (49, 149), (139, 143), (46, 92), (45, 75), (13, 43), (96, 114), (41, 65), (135, 136), (25, 103), (69, 90), (11, 15), (31, 48), (18, 127), (129, 147)}
Згенероване вершинне покриття (C): [0, 1, 2, 3, 4, 5, 6, 7, 8, 9, 10, 11, 12, 13, 14, 15, 16, 17, 18, 19, 20, 21, 22, 23, 24, 25, 26, 27, 28, 29, 30, 31, 32, 33, 34, 35, 36, 37, 38, 39, 40, 41, 42, 43, 44, 45, 46, 47, 48, 49, 50, 51, 52, 53, 54, 55, 56, 57, 58, 59, 60, 61, 62, 63, 64, 65, 66, 67, 68, 69, 70, 71, 72, 73, 74, 75, 77, 78, 79, 80, 81, 82, 83, 84, 85, 86, 87, 88, 89, 90, 91, 92, 93, 94, 95, 96, 97, 98, 99, 100, 101, 102, 103, 104, 105, 106, 107, 108, 109, 110, 111, 112, 113, 114, 115, 116, 117, 118, 119, 120, 121, 122, 123, 125, 126, 127, 128, 129, 130, 131, 132, 133, 134, 135, 136, 137, 138, 139, 140, 141, 142, 143, 144, 145, 146, 147, 148, 149]

--- Генерація вершинного покриття (зі списку суміжності) ---
Знайдене максимальне парування (M): {(13, 149), (15, 27), (128, 148), (37, 73), (28, 122), (61, 70), (63, 104), (31, 93), (5, 138), (38, 114), (21, 101), (35, 124), (44, 78), (12, 49), (24, 75), (80, 95), (8, 143), (17, 36), (74, 146), (33, 145), (97, 126), (42, 99), (56, 113), (39, 69), (123, 142), (59, 112), (62, 135), (110, 120), (0, 102), (14, 58), (26, 90), (92, 127), (82, 129), (119, 141), (115, 130), (52, 118), (83, 121), (16, 43), (46, 111), (60, 79), (10, 11), (77, 98), (1, 66), (22, 34), (48, 65), (41, 87), (64, 116), (3, 45), (30, 96), (29, 67), (20, 125), (84, 134), (81, 86), (94, 117), (136, 144), (7, 18), (51, 109), (103, 147), (53, 140), (32, 50), (47, 133), (91, 139), (25, 57), (19, 71), (40, 100), (6, 107), (54, 108), (4, 89), (9, 85), (88, 137), (55, 106), (23, 105), (68, 76)}
Згенероване вершинне покриття (C): [0, 1, 3, 4, 5, 6, 7, 8, 9, 10, 11, 12, 13, 14, 15, 16, 17, 18, 19, 20, 21, 22, 23, 24, 25, 26, 27, 28, 29, 30, 31, 32, 33, 34, 35, 36, 37, 38, 39, 40, 41, 42, 43, 44, 45, 46, 47, 48, 49, 50, 51, 52, 53, 54, 55, 56, 57, 58, 59, 60, 61, 62, 63, 64, 65, 66, 67, 68, 69, 70, 71, 73, 74, 75, 76, 77, 78, 79, 80, 81, 82, 83, 84, 85, 86, 87, 88, 89, 90, 91, 92, 93, 94, 95, 96, 97, 98, 99, 100, 101, 102, 103, 104, 105, 106, 107, 108, 109, 110, 111, 112, 113, 114, 115, 116, 117, 118, 119, 120, 121, 122, 123, 124, 125, 126, 127, 128, 129, 130, 133, 134, 135, 136, 137, 138, 139, 140, 141, 142, 143, 144, 145, 146, 147, 148, 149]

--- Генерація вершинного покриття (зі списку суміжності) ---
Знайдене максимальне парування (M): {(93, 102), (15, 143), (63, 144), (32, 40), (59, 64), (13, 42), (136, 149), (0, 103), (16, 35), (3, 129), (60, 68), (20, 84), (85, 119), (109, 147), (57, 121), (48, 118), (80, 92), (30, 79), (67, 98), (61, 91), (27, 95), (19, 94), (26, 69), (114, 142), (41, 51), (2, 99), (7, 138), (14, 122), (52, 112), (83, 124), (134, 148), (28, 133), (73, 104), (44, 132), (5, 24), (39, 50), (130, 141), (46, 126), (29, 55), (89, 100), (76, 139), (77, 110), (34, 45), (22, 113), (82, 128), (74, 96), (36, 115), (37, 53), (8, 47), (4, 62), (72, 86), (70, 117), (88, 146), (31, 140), (75, 116), (21, 81), (1, 56), (11, 125), (87, 120), (23, 145), (65, 123), (18, 54), (43, 71), (12, 38), (33, 137), (49, 127), (97, 106), (66, 131), (10, 25), (107, 135), (17, 101), (78, 111), (6, 9), (58, 105)}
Згенероване вершинне покриття (C): [0, 1, 2, 3, 4, 5, 6, 7, 8, 9, 10, 11, 12, 13, 14, 15, 16, 17, 18, 19, 20, 21, 22, 23, 24, 25, 26, 27, 28, 29, 30, 31, 32, 33, 34, 35, 36, 37, 38, 39, 40, 41, 42, 43, 44, 45, 46, 47, 48, 49, 50, 51, 52, 53, 54, 55, 56, 57, 58, 59, 60, 61, 62, 63, 64, 65, 66, 67, 68, 69, 70, 71, 72, 73, 74, 75, 76, 77, 78, 79, 80, 81, 82, 83, 84, 85, 86, 87, 88, 89, 91, 92, 93, 94, 95, 96, 97, 98, 99, 100, 101, 102, 103, 104, 105, 106, 107, 109, 110, 111, 112, 113, 114, 115, 116, 117, 118, 119, 120, 121, 122, 123, 124, 125, 126, 127, 128, 129, 130, 131, 132, 133, 134, 135, 136, 137, 138, 139, 140, 141, 142, 143, 144, 145, 146, 147, 148, 149]

--- Генерація вершинного покриття (зі списку суміжності) ---
Знайдене максимальне парування (M): {(112, 146), (95, 136), (24, 149), (67, 123), (6, 15), (54, 71), (12, 62), (68, 91), (51, 111), (44, 103), (2, 100), (141, 145), (63, 92), (73, 96), (70, 134), (83, 122), (102, 135), (50, 131), (43, 119), (118, 128), (42, 127), (113, 120), (13, 60), (19, 85), (9, 139), (5, 37), (57, 75), (11, 87), (66, 142), (10, 143), (26, 72), (17, 39), (46, 81), (35, 148), (3, 116), (1, 94), (47, 55), (74, 115), (20, 25), (106, 147), (84, 86), (28, 124), (21, 33), (108, 129), (64, 101), (0, 16), (31, 49), (40, 58), (76, 130), (22, 110), (82, 137), (27, 48), (29, 79), (52, 105), (45, 69), (8, 114), (38, 97), (88, 107), (125, 126), (65, 117), (59, 80), (4, 138), (36, 78), (56, 90), (30, 77), (18, 109), (34, 93), (14, 99), (23, 41), (7, 121), (132, 140), (32, 89), (61, 98), (104, 133)}
Згенероване вершинне покриття (C): [0, 1, 2, 3, 4, 5, 6, 7, 8, 9, 10, 11, 12, 13, 14, 15, 16, 17, 18, 19, 20, 21, 22, 23, 24, 25, 26, 27, 28, 29, 30, 31, 32, 33, 34, 35, 36, 37, 38, 39, 40, 41, 42, 43, 44, 45, 46, 47, 48, 49, 50, 51, 52, 54, 55, 56, 57, 58, 59, 60, 61, 62, 63, 64, 65, 66, 67, 68, 69, 70, 71, 72, 73, 74, 75, 76, 77, 78, 79, 80, 81, 82, 83, 84, 85, 86, 87, 88, 89, 90, 91, 92, 93, 94, 95, 96, 97, 98, 99, 100, 101, 102, 103, 104, 105, 106, 107, 108, 109, 110, 111, 112, 113, 114, 115, 116, 117, 118, 119, 120, 121, 122, 123, 124, 125, 126, 127, 128, 129, 130, 131, 132, 133, 134, 135, 136, 137, 138, 139, 140, 141, 142, 143, 145, 146, 147, 148, 149]

--- Генерація вершинного покриття (зі списку суміжності) ---
Знайдене максимальне парування (M): {(24, 149), (53, 72), (30, 43), (74, 104), (21, 135), (6, 140), (44, 45), (3, 68), (82, 96), (49, 93), (28, 125), (64, 87), (77, 145), (116, 128), (65, 122), (33, 115), (84, 105), (108, 130), (113, 129), (61, 143), (39, 60), (22, 38), (11, 81), (9, 148), (114, 136), (0, 35), (95, 132), (4, 51), (63, 70), (14, 55), (79, 90), (19, 103), (71, 147), (13, 32), (23, 134), (67, 73), (12, 137), (1, 42), (29, 86), (46, 102), (37, 139), (118, 124), (5, 131), (20, 101), (36, 85), (56, 91), (94, 142), (47, 88), (89, 97), (15, 117), (8, 26), (80, 100), (2, 83), (54, 66), (16, 18), (109, 133), (58, 121), (27, 127), (41, 59), (25, 48), (10, 120), (52, 62), (107, 123), (112, 119), (98, 144), (40, 106), (17, 141), (76, 138), (78, 99), (34, 50), (92, 110), (7, 69), (57, 146)}
Згенероване вершинне покриття (C): [0, 1, 2, 3, 4, 5, 6, 7, 8, 9, 10, 11, 12, 13, 14, 15, 16, 17, 18, 19, 20, 21, 22, 23, 24, 25, 26, 27, 28, 29, 30, 32, 33, 34, 35, 36, 37, 38, 39, 40, 41, 42, 43, 44, 45, 46, 47, 48, 49, 50, 51, 52, 53, 54, 55, 56, 57, 58, 59, 60, 61, 62, 63, 64, 65, 66, 67, 68, 69, 70, 71, 72, 73, 74, 76, 77, 78, 79, 80, 81, 82, 83, 84, 85, 86, 87, 88, 89, 90, 91, 92, 93, 94, 95, 96, 97, 98, 99, 100, 101, 102, 103, 104, 105, 106, 107, 108, 109, 110, 112, 113, 114, 115, 116, 117, 118, 119, 120, 121, 122, 123, 124, 125, 127, 128, 129, 130, 131, 132, 133, 134, 135, 136, 137, 138, 139, 140, 141, 142, 143, 144, 145, 146, 147, 148, 149]

--- Генерація вершинного покриття (зі списку суміжності) ---
Знайдене максимальне парування (M): {(102, 111), (16, 87), (6, 82), (86, 136), (81, 88), (1, 46), (120, 138), (40, 96), (61, 64), (66, 109), (19, 125), (45, 89), (12, 28), (33, 115), (27, 135), (52, 67), (0, 5), (69, 144), (126, 147), (7, 53), (38, 68), (47, 98), (49, 71), (8, 94), (129, 149), (26, 133), (15, 23), (56, 119), (2, 148), (73, 74), (41, 51), (14, 58), (17, 57), (32, 103), (21, 79), (70, 130), (18, 92), (90, 108), (42, 62), (30, 60), (44, 123), (3, 85), (83, 84), (10, 124), (24, 117), (4, 93), (50, 145), (22, 104), (76, 139), (65, 142), (25, 140), (29, 122), (78, 112), (20, 128), (100, 121), (39, 80), (13, 37), (91, 118), (9, 110), (141, 143), (36, 75), (48, 101), (72, 107), (95, 106), (63, 105), (11, 131), (114, 116), (43, 77), (35, 134), (99, 137), (31, 127), (34, 59)}
Згенероване вершинне покриття (C): [0, 1, 2, 3, 4, 5, 6, 7, 8, 9, 10, 11, 12, 13, 14, 15, 16, 17, 18, 19, 20, 21, 22, 23, 24, 25, 26, 27, 28, 29, 30, 31, 32, 33, 34, 35, 36, 37, 38, 39, 40, 41, 42, 43, 44, 45, 46, 47, 48, 49, 50, 51, 52, 53, 56, 57, 58, 59, 60, 61, 62, 63, 64, 65, 66, 67, 68, 69, 70, 71, 72, 73, 74, 75, 76, 77, 78, 79, 80, 81, 82, 83, 84, 85, 86, 87, 88, 89, 90, 91, 92, 93, 94, 95, 96, 98, 99, 100, 101, 102, 103, 104, 105, 106, 107, 108, 109, 110, 111, 112, 114, 115, 116, 117, 118, 119, 120, 121, 122, 123, 124, 125, 126, 127, 128, 129, 130, 131, 133, 134, 135, 136, 137, 138, 139, 140, 141, 142, 143, 144, 145, 147, 148, 149]

--- Генерація вершинного покриття (зі списку суміжності) ---
Знайдене максимальне парування (M): {(102, 111), (49, 142), (46, 94), (35, 103), (36, 68), (58, 129), (108, 115), (4, 131), (3, 13), (23, 89), (42, 69), (32, 64), (105, 140), (33, 72), (5, 86), (138, 149), (54, 110), (43, 146), (6, 66), (47, 113), (67, 125), (96, 100), (128, 141), (28, 51), (10, 106), (93, 119), (73, 80), (82, 83), (41, 57), (44, 114), (63, 97), (40, 101), (87, 143), (56, 85), (37, 136), (29, 104), (71, 139), (126, 137), (38, 55), (74, 133), (116, 148), (21, 109), (26, 65), (61, 90), (31, 52), (11, 77), (98, 145), (81, 132), (0, 147), (91, 112), (24, 144), (2, 92), (70, 117), (7, 30), (62, 88), (34, 120), (75, 122), (19, 59), (1, 50), (107, 123), (17, 135), (12, 84), (27, 78), (25, 60), (9, 15), (20, 39), (16, 118), (121, 134), (14, 99), (8, 22), (95, 124), (18, 130), (45, 53), (48, 76)}
Згенероване вершинне покриття (C): [0, 1, 2, 3, 4, 5, 6, 7, 8, 9, 10, 11, 12, 13, 14, 15, 16, 17, 18, 19, 20, 21, 22, 23, 24, 25, 26, 27, 28, 29, 30, 31, 32, 33, 34, 35, 36, 37, 38, 39, 40, 41, 42, 43, 44, 45, 46, 47, 48, 49, 50, 51, 52, 53, 54, 55, 56, 57, 58, 59, 60, 61, 62, 63, 64, 65, 66, 67, 68, 69, 70, 71, 72, 73, 74, 75, 76, 77, 78, 80, 81, 82, 83, 84, 85, 86, 87, 88, 89, 90, 91, 92, 93, 94, 95, 96, 97, 98, 99, 100, 101, 102, 103, 104, 105, 106, 107, 108, 109, 110, 111, 112, 113, 114, 115, 116, 117, 118, 119, 120, 121, 122, 123, 124, 125, 126, 128, 129, 130, 131, 132, 133, 134, 135, 136, 137, 138, 139, 140, 141, 142, 143, 144, 145, 146, 147, 148, 149]

--- Генерація вершинного покриття (зі списку суміжності) ---
Знайдене максимальне парування (M): {(110, 118), (99, 103), (106, 142), (10, 49), (5, 129), (83, 119), (11, 54), (56, 138), (41, 128), (59, 85), (68, 124), (9, 17), (67, 101), (2, 130), (12, 43), (78, 104), (35, 139), (36, 98), (97, 120), (45, 58), (1, 79), (18, 65), (63, 82), (15, 96), (69, 131), (62, 89), (44, 111), (7, 92), (76, 109), (20, 28), (26, 102), (143, 147), (87, 94), (38, 46), (24, 53), (22, 31), (32, 66), (16, 55), (48, 114), (40, 113), (25, 64), (33, 135), (115, 116), (60, 149), (51, 146), (88, 141), (14, 100), (19, 90), (29, 61), (73, 125), (21, 121), (6, 13), (8, 108), (86, 137), (23, 133), (52, 117), (37, 71), (91, 127), (47, 75), (50, 132), (72, 95), (4, 77), (34, 84), (107, 123), (57, 122), (3, 136), (126, 145), (30, 80), (93, 148), (74, 144), (81, 134), (39, 70), (0, 27), (112, 140)}
Згенероване вершинне покриття (C): [0, 1, 2, 3, 4, 5, 6, 7, 8, 9, 10, 11, 12, 13, 14, 15, 16, 17, 18, 19, 20, 21, 22, 23, 24, 25, 26, 27, 28, 29, 30, 31, 32, 33, 34, 35, 36, 37, 38, 39, 40, 41, 43, 44, 45, 46, 47, 48, 49, 50, 51, 52, 53, 54, 55, 56, 57, 58, 59, 60, 61, 62, 63, 64, 65, 66, 67, 68, 69, 70, 71, 72, 73, 74, 75, 76, 77, 78, 79, 80, 81, 82, 83, 84, 85, 86, 87, 88, 89, 90, 91, 92, 93, 94, 95, 96, 97, 98, 99, 100, 101, 102, 103, 104, 106, 107, 108, 109, 110, 111, 112, 113, 114, 115, 116, 117, 118, 119, 120, 121, 122, 123, 124, 125, 126, 127, 128, 129, 130, 131, 132, 133, 134, 135, 136, 137, 138, 139, 140, 141, 142, 143, 144, 145, 146, 147, 148, 149]

--- Генерація вершинного покриття (зі списку суміжності) ---
Знайдене максимальне парування (M): {(137, 145), (22, 127), (9, 103), (4, 125), (40, 142), (16, 29), (2, 97), (124, 126), (15, 88), (59, 119), (20, 136), (64, 148), (35, 42), (116, 131), (32, 104), (24, 48), (47, 71), (69, 86), (39, 45), (12, 34), (76, 128), (89, 101), (25, 120), (23, 52), (36, 43), (77, 117), (3, 46), (93, 107), (30, 100), (72, 75), (11, 99), (57, 96), (10, 106), (21, 140), (54, 85), (78, 143), (17, 66), (44, 50), (82, 98), (26, 108), (87, 149), (110, 144), (70, 81), (79, 123), (6, 56), (31, 49), (0, 80), (122, 133), (18, 61), (112, 132), (33, 83), (68, 74), (38, 67), (28, 102), (111, 118), (37, 114), (27, 109), (8, 105), (55, 134), (5, 121), (84, 91), (7, 94), (51, 63), (58, 139), (90, 113), (65, 129), (19, 135), (92, 147), (41, 141), (62, 115), (1, 138), (13, 146), (73, 130), (53, 60)}
Згенероване вершинне покриття (C): [0, 1, 2, 3, 4, 5, 6, 7, 8, 9, 10, 11, 12, 13, 15, 16, 17, 18, 19, 20, 21, 22, 23, 24, 25, 26, 27, 28, 29, 30, 31, 32, 33, 34, 35, 36, 37, 38, 39, 40, 41, 42, 43, 44, 45, 46, 47, 48, 49, 50, 51, 52, 53, 54, 55, 56, 57, 58, 59, 60, 61, 62, 63, 64, 65, 66, 67, 68, 69, 70, 71, 72, 73, 74, 75, 76, 77, 78, 79, 80, 81, 82, 83, 84, 85, 86, 87, 88, 89, 90, 91, 92, 93, 94, 96, 97, 98, 99, 100, 101, 102, 103, 104, 105, 106, 107, 108, 109, 110, 111, 112, 113, 114, 115, 116, 117, 118, 119, 120, 121, 122, 123, 124, 125, 126, 127, 128, 129, 130, 131, 132, 133, 134, 135, 136, 137, 138, 139, 140, 141, 142, 143, 144, 145, 146, 147, 148, 149]

--- Генерація вершинного покриття (зі списку суміжності) ---
Знайдене максимальне парування (M): {(128, 136), (18, 142), (103, 146), (41, 107), (36, 129), (37, 122), (12, 74), (0, 54), (87, 89), (50, 70), (26, 100), (22, 23), (62, 99), (1, 119), (83, 91), (69, 98), (43, 137), (114, 124), (27, 101), (7, 132), (9, 32), (13, 81), (109, 125), (104, 135), (57, 145), (19, 97), (72, 75), (28, 112), (147, 148), (86, 141), (5, 6), (64, 138), (78, 131), (39, 90), (8, 51), (3, 73), (84, 95), (34, 149), (126, 140), (105, 133), (45, 94), (33, 65), (48, 120), (38, 58), (40, 55), (14, 42), (77, 110), (61, 93), (24, 80), (71, 134), (63, 130), (2, 31), (16, 30), (29, 79), (17, 59), (60, 118), (47, 127), (108, 113), (76, 102), (52, 53), (35, 49), (4, 68), (67, 139), (20, 88), (92, 144), (25, 115), (56, 96), (46, 116), (11, 15), (66, 82), (44, 85), (106, 121), (21, 117), (123, 143)}
Згенероване вершинне покриття (C): [0, 1, 2, 3, 4, 5, 6, 7, 8, 9, 11, 12, 13, 14, 15, 16, 17, 18, 19, 20, 21, 22, 23, 24, 25, 26, 27, 28, 29, 30, 31, 32, 33, 34, 35, 36, 37, 38, 39, 40, 41, 42, 43, 44, 45, 46, 47, 48, 49, 50, 51, 52, 53, 54, 55, 56, 57, 58, 59, 60, 61, 62, 63, 64, 65, 66, 67, 68, 69, 70, 71, 72, 73, 74, 75, 76, 77, 78, 79, 80, 81, 82, 83, 84, 85, 86, 87, 88, 89, 90, 91, 92, 93, 94, 95, 96, 97, 98, 99, 100, 101, 102, 103, 104, 105, 106, 107, 108, 109, 110, 112, 113, 114, 115, 116, 117, 118, 119, 120, 121, 122, 123, 124, 125, 126, 127, 128, 129, 130, 131, 132, 133, 134, 135, 136, 137, 138, 139, 140, 141, 142, 143, 144, 145, 146, 147, 148, 149]

--- Генерація вершинного покриття (зі списку суміжності) ---
Знайдене максимальне парування (M): {(80, 117), (64, 72), (71, 84), (58, 114), (65, 95), (7, 81), (32, 98), (87, 135), (139, 142), (47, 68), (43, 89), (50, 61), (28, 116), (52, 113), (88, 112), (31, 96), (125, 149), (138, 140), (54, 107), (4, 36), (1, 73), (6, 63), (18, 120), (103, 127), (48, 121), (91, 110), (70, 109), (10, 27), (11, 35), (51, 101), (8, 39), (23, 122), (42, 105), (76, 97), (115, 147), (79, 90), (15, 93), (3, 134), (16, 34), (126, 131), (108, 123), (19, 69), (41, 130), (66, 132), (33, 74), (26, 129), (9, 141), (55, 104), (44, 144), (0, 13), (24, 83), (137, 143), (14, 118), (45, 60), (17, 111), (22, 128), (40, 146), (29, 30), (2, 49), (12, 136), (78, 148), (5, 75), (37, 46), (59, 77), (99, 119), (62, 106), (53, 94), (21, 38), (56, 145), (86, 100), (25, 124), (67, 102), (20, 57), (85, 92), (82, 133)}
Згенероване вершинне покриття (C): [0, 1, 2, 3, 4, 5, 6, 7, 8, 9, 10, 11, 12, 13, 14, 15, 16, 17, 18, 19, 20, 21, 22, 23, 24, 25, 26, 27, 28, 29, 30, 31, 32, 33, 34, 35, 36, 37, 38, 39, 40, 41, 42, 43, 44, 45, 46, 47, 48, 49, 50, 51, 52, 53, 54, 55, 56, 57, 58, 59, 60, 61, 62, 63, 64, 65, 66, 67, 68, 69, 70, 71, 72, 73, 74, 75, 76, 77, 78, 79, 80, 81, 82, 83, 84, 85, 86, 87, 88, 89, 90, 91, 92, 93, 94, 95, 96, 97, 98, 99, 100, 101, 102, 103, 104, 105, 106, 107, 108, 109, 110, 111, 112, 113, 114, 115, 116, 117, 118, 119, 120, 121, 122, 123, 124, 125, 126, 127, 128, 129, 130, 131, 132, 133, 134, 135, 136, 137, 138, 139, 140, 141, 142, 143, 144, 145, 146, 147, 148, 149]

--- Генерація вершинного покриття (зі списку суміжності) ---
Знайдене максимальне парування (M): {(11, 97), (34, 123), (70, 116), (24, 149), (98, 101), (63, 83), (33, 106), (91, 129), (0, 109), (95, 145), (55, 78), (85, 122), (87, 147), (74, 125), (5, 144), (108, 133), (8, 140), (49, 72), (32, 82), (89, 113), (7, 10), (71, 80), (128, 132), (3, 110), (60, 107), (84, 141), (13, 35), (4, 115), (45, 134), (19, 54), (88, 102), (57, 99), (92, 130), (21, 143), (61, 69), (94, 136), (15, 111), (23, 27), (2, 117), (42, 135), (6, 105), (48, 65), (16, 64), (76, 139), (77, 104), (30, 96), (28, 44), (14, 103), (131, 142), (79, 138), (22, 58), (93, 112), (20, 67), (1, 90), (17, 56), (50, 114), (37, 68), (25, 39), (41, 53), (86, 146), (51, 124), (43, 59), (29, 100), (47, 81), (36, 148), (52, 126), (46, 119), (9, 18), (38, 127), (62, 118), (26, 137), (73, 121), (12, 120), (40, 75)}
Згенероване вершинне покриття (C): [0, 1, 2, 3, 4, 5, 6, 7, 8, 9, 10, 11, 12, 13, 14, 15, 16, 17, 18, 19, 20, 21, 22, 23, 24, 25, 26, 27, 28, 29, 30, 32, 33, 34, 35, 36, 37, 38, 39, 40, 41, 42, 43, 44, 45, 46, 47, 48, 49, 50, 51, 52, 53, 54, 55, 56, 57, 58, 59, 60, 61, 62, 63, 64, 65, 67, 68, 69, 70, 71, 72, 73, 74, 75, 76, 77, 78, 79, 80, 81, 82, 83, 84, 85, 86, 87, 88, 89, 90, 91, 92, 93, 94, 95, 96, 97, 98, 99, 100, 101, 102, 103, 104, 105, 106, 107, 108, 109, 110, 111, 112, 113, 114, 115, 116, 117, 118, 119, 120, 121, 122, 123, 124, 125, 126, 127, 128, 129, 130, 131, 132, 133, 134, 135, 136, 137, 138, 139, 140, 141, 142, 143, 144, 145, 146, 147, 148, 149]

--- Генерація вершинного покриття (зі списку суміжності) ---
Знайдене максимальне парування (M): {(66, 91), (14, 59), (53, 136), (41, 43), (145, 149), (78, 126), (124, 129), (19, 55), (34, 80), (81, 103), (69, 89), (49, 120), (50, 85), (18, 114), (11, 72), (16, 62), (65, 73), (2, 130), (100, 110), (44, 87), (109, 116), (25, 144), (26, 133), (9, 38), (71, 74), (51, 95), (1, 30), (122, 146), (42, 105), (29, 77), (135, 140), (84, 101), (104, 107), (36, 143), (40, 46), (94, 148), (37, 93), (56, 106), (21, 118), (0, 22), (6, 117), (112, 141), (10, 96), (20, 70), (35, 147), (115, 137), (31, 67), (54, 75), (97, 134), (98, 99), (15, 92), (52, 111), (4, 13), (83, 132), (3, 142), (33, 125), (7, 45), (32, 123), (5, 23), (88, 128), (57, 64), (17, 28), (48, 61), (131, 138), (12, 47), (27, 90), (79, 119), (39, 113), (24, 76), (63, 68), (102, 108), (82, 139), (86, 121)}
Згенероване вершинне покриття (C): [0, 1, 2, 3, 4, 5, 6, 7, 9, 10, 11, 12, 13, 14, 15, 16, 17, 18, 19, 20, 21, 22, 23, 24, 25, 26, 27, 28, 29, 30, 31, 32, 33, 34, 35, 36, 37, 38, 39, 40, 41, 42, 43, 44, 45, 46, 47, 48, 49, 50, 51, 52, 53, 54, 55, 56, 57, 59, 61, 62, 63, 64, 65, 66, 67, 68, 69, 70, 71, 72, 73, 74, 75, 76, 77, 78, 79, 80, 81, 82, 83, 84, 85, 86, 87, 88, 89, 90, 91, 92, 93, 94, 95, 96, 97, 98, 99, 100, 101, 102, 103, 104, 105, 106, 107, 108, 109, 110, 111, 112, 113, 114, 115, 116, 117, 118, 119, 120, 121, 122, 123, 124, 125, 126, 128, 129, 130, 131, 132, 133, 134, 135, 136, 137, 138, 139, 140, 141, 142, 143, 144, 145, 146, 147, 148, 149]

--- Генерація вершинного покриття (зі списку суміжності) ---
Знайдене максимальне парування (M): {(4, 116), (13, 149), (0, 36), (128, 136), (50, 110), (20, 23), (76, 113), (8, 119), (35, 115), (62, 93), (89, 144), (124, 135), (60, 74), (14, 28), (39, 51), (17, 21), (7, 56), (127, 146), (5, 31), (43, 82), (33, 142), (32, 140), (97, 117), (61, 91), (11, 90), (94, 100), (106, 126), (71, 83), (29, 138), (42, 111), (9, 53), (2, 41), (26, 99), (19, 118), (101, 108), (15, 38), (27, 125), (24, 114), (77, 147), (55, 95), (10, 133), (22, 46), (79, 132), (47, 103), (1, 75), (30, 84), (25, 70), (64, 122), (85, 145), (104, 131), (34, 121), (37, 120), (72, 80), (16, 88), (86, 137), (12, 139), (69, 130), (67, 148), (57, 58), (3, 81), (63, 102), (65, 123), (45, 96), (18, 109), (48, 49), (59, 92), (6, 52), (40, 54), (66, 134), (107, 129), (68, 73), (98, 141), (78, 105), (44, 143)}
Згенероване вершинне покриття (C): [0, 1, 2, 3, 4, 5, 6, 7, 8, 9, 10, 11, 12, 13, 14, 15, 16, 17, 18, 19, 20, 21, 22, 23, 24, 25, 26, 27, 28, 29, 30, 31, 32, 33, 34, 35, 36, 37, 38, 39, 40, 41, 42, 43, 44, 45, 46, 47, 48, 49, 50, 51, 52, 53, 54, 55, 56, 57, 58, 59, 60, 61, 62, 63, 64, 65, 66, 67, 68, 69, 70, 71, 72, 73, 74, 75, 76, 77, 78, 79, 80, 81, 82, 83, 84, 85, 86, 88, 89, 90, 91, 92, 93, 94, 95, 96, 97, 98, 99, 100, 101, 102, 103, 104, 105, 106, 107, 108, 109, 110, 111, 113, 114, 115, 116, 117, 118, 119, 120, 121, 122, 123, 124, 125, 126, 127, 128, 129, 130, 131, 132, 133, 134, 135, 136, 137, 138, 139, 140, 141, 142, 143, 144, 145, 146, 147, 148, 149]

--- Генерація вершинного покриття (зі списку суміжності) ---
Знайдене максимальне парування (M): {(15, 140), (12, 68), (13, 94), (46, 88), (111, 129), (22, 133), (119, 145), (109, 138), (81, 97), (5, 7), (0, 112), (125, 143), (40, 44), (50, 76), (144, 147), (9, 136), (48, 57), (96, 137), (78, 95), (73, 114), (118, 146), (42, 90), (53, 123), (80, 107), (1, 24), (29, 135), (11, 38), (16, 89), (21, 79), (69, 128), (25, 101), (116, 127), (28, 75), (52, 72), (86, 98), (30, 124), (14, 33), (84, 113), (49, 64), (18, 61), (4, 102), (31, 58), (26, 132), (35, 141), (27, 103), (67, 106), (55, 104), (60, 100), (36, 54), (6, 10), (17, 105), (34, 63), (122, 148), (108, 110), (82, 91), (92, 117), (71, 149), (120, 139), (8, 59), (20, 85), (37, 74), (130, 131), (3, 142), (51, 66), (43, 62), (32, 126), (65, 83), (99, 134), (47, 93), (23, 41), (115, 121), (45, 56), (39, 70)}
Згенероване вершинне покриття (C): [0, 1, 3, 4, 5, 6, 7, 8, 9, 10, 11, 12, 13, 14, 15, 16, 17, 18, 20, 21, 22, 23, 24, 25, 26, 27, 28, 29, 30, 31, 32, 33, 34, 35, 36, 37, 38, 39, 40, 41, 42, 43, 44, 45, 46, 47, 48, 49, 50, 51, 52, 53, 54, 55, 56, 57, 58, 59, 60, 61, 62, 63, 64, 65, 66, 67, 68, 69, 70, 71, 72, 73, 74, 75, 76, 78, 79, 80, 81, 82, 83, 84, 85, 86, 88, 89, 90, 91, 92, 93, 94, 95, 96, 97, 98, 99, 100, 101, 102, 103, 104, 105, 106, 107, 108, 109, 110, 111, 112, 113, 114, 115, 116, 117, 118, 119, 120, 121, 122, 123, 124, 125, 126, 127, 128, 129, 130, 131, 132, 133, 134, 135, 136, 137, 138, 139, 140, 141, 142, 143, 144, 145, 146, 147, 148, 149]

--- Генерація вершинного покриття (зі списку суміжності) ---
Знайдене максимальне парування (M): {(22, 63), (15, 146), (14, 117), (74, 110), (23, 65), (30, 46), (73, 87), (94, 122), (37, 67), (18, 35), (5, 132), (86, 145), (100, 138), (118, 125), (71, 105), (48, 54), (106, 108), (50, 140), (64, 102), (91, 147), (0, 72), (126, 135), (112, 130), (25, 80), (11, 26), (53, 120), (24, 81), (31, 123), (17, 109), (19, 39), (137, 144), (93, 119), (20, 141), (7, 28), (1, 42), (51, 113), (34, 76), (16, 49), (78, 79), (44, 59), (43, 121), (116, 133), (83, 84), (62, 107), (47, 97), (52, 148), (12, 103), (9, 92), (57, 77), (104, 143), (40, 131), (85, 99), (69, 115), (88, 95), (10, 38), (82, 149), (66, 98), (89, 136), (21, 142), (32, 41), (45, 139), (61, 68), (60, 127), (27, 124), (96, 114), (2, 55), (8, 129), (6, 58), (13, 134), (90, 128), (70, 101), (3, 56), (36, 111), (29, 75)}
Згенероване вершинне покриття (C): [0, 1, 2, 3, 5, 6, 7, 8, 9, 10, 11, 12, 13, 14, 15, 16, 17, 18, 19, 20, 21, 22, 23, 24, 25, 26, 27, 28, 29, 30, 31, 32, 34, 35, 36, 37, 38, 39, 40, 41, 42, 43, 44, 45, 46, 47, 48, 49, 50, 51, 52, 53, 54, 55, 56, 57, 58, 59, 60, 61, 62, 63, 64, 65, 66, 67, 68, 69, 70, 71, 72, 73, 74, 75, 76, 77, 78, 79, 80, 81, 82, 83, 84, 85, 86, 87, 88, 89, 90, 91, 92, 93, 94, 95, 96, 97, 98, 99, 100, 101, 102, 103, 104, 105, 106, 107, 108, 109, 110, 111, 112, 113, 114, 115, 116, 117, 118, 119, 120, 121, 122, 123, 124, 125, 126, 127, 128, 129, 130, 131, 132, 133, 134, 135, 136, 137, 138, 139, 140, 141, 142, 143, 144, 145, 146, 147, 148, 149]

Середній час виконання: 0.0006538773 секунд
