
--- Генерація вершинного покриття (зі списку суміжності) ---
Знайдене максимальне парування (M): {(20, 75), (79, 94), (8, 46), (67, 77), (11, 54), (27, 71), (45, 89), (23, 86), (15, 51), (34, 92), (18, 41), (10, 70), (59, 88), (44, 69), (57, 60), (21, 52), (3, 40), (5, 37), (22, 53), (66, 81), (7, 65), (49, 80), (33, 35), (1, 91), (16, 43), (6, 64), (4, 29), (30, 72), (36, 39), (61, 96), (48, 68), (76, 84), (19, 26), (24, 74), (2, 25), (28, 50), (17, 56), (62, 82), (90, 98), (38, 42), (47, 78), (9, 12), (0, 73), (13, 58), (55, 97), (14, 99), (32, 83), (31, 63), (85, 95)}
Згенероване вершинне покриття (C): [0, 1, 2, 3, 4, 5, 6, 7, 8, 9, 10, 11, 12, 13, 14, 15, 16, 17, 18, 19, 20, 21, 22, 23, 24, 25, 26, 27, 28, 29, 30, 31, 32, 33, 34, 35, 36, 37, 38, 39, 40, 41, 42, 43, 44, 45, 46, 47, 48, 49, 50, 51, 52, 53, 54, 55, 56, 57, 58, 59, 60, 61, 62, 63, 64, 65, 66, 67, 68, 69, 70, 71, 72, 73, 74, 75, 76, 77, 78, 79, 80, 81, 82, 83, 84, 85, 86, 88, 89, 90, 91, 92, 94, 95, 96, 97, 98, 99]

--- Генерація вершинного покриття (зі списку суміжності) ---
Знайдене максимальне парування (M): {(0, 36), (2, 33), (27, 50), (40, 78), (5, 68), (19, 64), (23, 92), (87, 95), (49, 56), (65, 70), (7, 53), (75, 81), (45, 52), (46, 84), (11, 35), (6, 8), (10, 91), (17, 48), (37, 57), (58, 61), (71, 86), (29, 89), (67, 73), (20, 83), (55, 80), (12, 18), (41, 60), (39, 99), (54, 94), (13, 59), (43, 69), (85, 90), (24, 28), (51, 97), (34, 66), (32, 38), (4, 62), (21, 26), (3, 14), (1, 25), (22, 88), (30, 77), (9, 15), (47, 96), (42, 79), (44, 76), (31, 63), (74, 98)}
Згенероване вершинне покриття (C): [0, 1, 2, 3, 4, 5, 6, 7, 8, 9, 10, 11, 12, 13, 14, 15, 17, 18, 19, 20, 21, 22, 23, 24, 25, 26, 27, 28, 29, 30, 31, 32, 33, 34, 35, 36, 37, 38, 39, 40, 41, 42, 43, 44, 45, 46, 47, 48, 49, 50, 51, 52, 53, 54, 55, 56, 57, 58, 59, 60, 61, 62, 63, 64, 65, 66, 67, 68, 69, 70, 71, 73, 74, 75, 76, 77, 78, 79, 80, 81, 83, 84, 85, 86, 87, 88, 89, 90, 91, 92, 94, 95, 96, 97, 98, 99]

--- Генерація вершинного покриття (зі списку суміжності) ---
Знайдене максимальне парування (M): {(1, 92), (41, 43), (38, 90), (7, 87), (23, 74), (82, 99), (36, 80), (11, 66), (55, 96), (0, 8), (57, 60), (27, 89), (33, 81), (85, 88), (45, 58), (16, 19), (25, 86), (56, 73), (37, 75), (47, 67), (32, 48), (35, 50), (18, 98), (22, 28), (4, 26), (13, 76), (9, 68), (83, 84), (20, 40), (15, 53), (59, 93), (2, 10), (91, 97), (31, 70), (21, 63), (71, 79), (34, 69), (3, 5), (51, 54), (12, 78), (61, 62), (24, 52), (72, 95), (6, 46), (30, 65), (44, 64), (17, 77), (39, 49), (42, 94)}
Згенероване вершинне покриття (C): [0, 1, 2, 3, 4, 5, 6, 7, 8, 9, 10, 11, 12, 13, 15, 16, 17, 18, 19, 20, 21, 22, 23, 24, 25, 26, 27, 28, 30, 31, 32, 33, 34, 35, 36, 37, 38, 39, 40, 41, 42, 43, 44, 45, 46, 47, 48, 49, 50, 51, 52, 53, 54, 55, 56, 57, 58, 59, 60, 61, 62, 63, 64, 65, 66, 67, 68, 69, 70, 71, 72, 73, 74, 75, 76, 77, 78, 79, 80, 81, 82, 83, 84, 85, 86, 87, 88, 89, 90, 91, 92, 93, 94, 95, 96, 97, 98, 99]

--- Генерація вершинного покриття (зі списку суміжності) ---
Знайдене максимальне парування (M): {(42, 54), (45, 80), (16, 96), (23, 77), (18, 38), (53, 90), (40, 44), (56, 89), (47, 83), (1, 61), (17, 79), (0, 14), (10, 12), (57, 72), (26, 63), (28, 97), (15, 75), (25, 92), (6, 32), (58, 67), (4, 78), (7, 34), (50, 69), (51, 70), (29, 98), (35, 59), (46, 68), (13, 65), (43, 84), (93, 94), (27, 39), (9, 86), (3, 48), (22, 55), (71, 82), (49, 76), (24, 31), (73, 91), (11, 52), (60, 66), (64, 88), (20, 33), (21, 99), (36, 81), (41, 74), (5, 87), (19, 37), (8, 95), (2, 30)}
Згенероване вершинне покриття (C): [0, 1, 2, 3, 4, 5, 6, 7, 8, 9, 10, 11, 12, 13, 14, 15, 16, 17, 18, 19, 20, 21, 22, 23, 24, 25, 26, 27, 28, 29, 30, 31, 32, 33, 34, 35, 36, 37, 38, 39, 40, 41, 42, 43, 44, 45, 46, 47, 48, 49, 50, 51, 52, 53, 54, 55, 56, 57, 58, 59, 60, 61, 63, 64, 65, 66, 67, 68, 69, 70, 71, 72, 73, 74, 75, 76, 77, 78, 79, 80, 81, 82, 83, 84, 86, 87, 88, 89, 90, 91, 92, 93, 94, 95, 96, 97, 98, 99]

--- Генерація вершинного покриття (зі списку суміжності) ---
Знайдене максимальне парування (M): {(7, 78), (54, 71), (22, 72), (25, 32), (6, 91), (40, 90), (3, 10), (73, 96), (46, 51), (70, 82), (58, 80), (9, 63), (34, 92), (12, 52), (17, 42), (23, 55), (13, 87), (30, 39), (4, 60), (24, 99), (48, 93), (53, 83), (44, 59), (15, 41), (26, 50), (69, 85), (66, 68), (33, 65), (64, 95), (0, 16), (20, 98), (14, 97), (11, 19), (57, 86), (62, 76), (81, 89), (49, 88), (67, 75), (29, 94), (1, 56), (37, 77), (45, 84), (61, 74), (36, 38), (27, 35), (2, 18), (8, 31), (28, 43)}
Згенероване вершинне покриття (C): [0, 1, 2, 3, 4, 6, 7, 8, 9, 10, 11, 12, 13, 14, 15, 16, 17, 18, 19, 20, 22, 23, 24, 25, 26, 27, 28, 29, 30, 31, 32, 33, 34, 35, 36, 37, 38, 39, 40, 41, 42, 43, 44, 45, 46, 48, 49, 50, 51, 52, 53, 54, 55, 56, 57, 58, 59, 60, 61, 62, 63, 64, 65, 66, 67, 68, 69, 70, 71, 72, 73, 74, 75, 76, 77, 78, 80, 81, 82, 83, 84, 85, 86, 87, 88, 89, 90, 91, 92, 93, 94, 95, 96, 97, 98, 99]

--- Генерація вершинного покриття (зі списку суміжності) ---
Знайдене максимальне парування (M): {(56, 65), (55, 63), (27, 47), (39, 73), (45, 62), (3, 4), (87, 89), (58, 77), (31, 93), (34, 50), (68, 72), (8, 88), (30, 94), (57, 84), (64, 71), (26, 35), (0, 44), (70, 78), (54, 91), (6, 41), (86, 95), (46, 59), (61, 81), (20, 43), (92, 96), (21, 51), (24, 74), (23, 48), (85, 90), (79, 83), (37, 53), (10, 99), (25, 36), (13, 40), (5, 11), (29, 97), (60, 69), (1, 22), (12, 32), (42, 76), (9, 15), (66, 67), (52, 80), (33, 82), (2, 18), (19, 28), (49, 75), (16, 17), (7, 14)}
Згенероване вершинне покриття (C): [0, 1, 2, 3, 4, 5, 6, 7, 8, 9, 10, 11, 12, 13, 14, 15, 16, 17, 18, 19, 20, 21, 22, 23, 24, 25, 26, 27, 28, 29, 30, 31, 32, 33, 34, 35, 36, 37, 39, 40, 41, 42, 43, 44, 45, 46, 47, 48, 49, 50, 51, 52, 53, 54, 55, 56, 57, 58, 59, 60, 61, 62, 63, 64, 65, 66, 67, 68, 69, 70, 71, 72, 73, 74, 75, 76, 77, 78, 79, 80, 81, 82, 83, 84, 85, 86, 87, 88, 89, 90, 91, 92, 93, 94, 95, 96, 97, 99]

--- Генерація вершинного покриття (зі списку суміжності) ---
Знайдене максимальне парування (M): {(73, 84), (13, 45), (12, 83), (0, 57), (39, 97), (22, 87), (70, 85), (11, 72), (5, 86), (60, 98), (25, 80), (49, 71), (8, 33), (52, 88), (66, 81), (21, 64), (42, 99), (6, 75), (9, 44), (90, 93), (29, 31), (20, 92), (27, 67), (7, 55), (2, 16), (76, 78), (37, 47), (30, 96), (14, 48), (18, 82), (26, 28), (17, 53), (24, 34), (19, 50), (41, 56), (38, 91), (35, 40), (36, 69), (51, 63), (61, 65), (15, 43), (32, 59), (46, 58), (3, 23), (10, 68), (74, 77), (1, 62), (4, 89), (94, 95)}
Згенероване вершинне покриття (C): [0, 1, 2, 3, 4, 5, 6, 7, 8, 9, 10, 11, 12, 13, 14, 15, 16, 17, 18, 19, 20, 21, 22, 23, 24, 25, 26, 27, 28, 29, 30, 31, 32, 33, 34, 35, 36, 37, 38, 39, 40, 41, 42, 43, 44, 45, 46, 47, 48, 49, 50, 51, 52, 53, 55, 56, 57, 58, 59, 60, 61, 62, 63, 64, 65, 66, 67, 68, 69, 70, 71, 72, 73, 74, 75, 76, 77, 78, 80, 81, 82, 83, 84, 85, 86, 87, 88, 89, 90, 91, 92, 93, 94, 95, 96, 97, 98, 99]

--- Генерація вершинного покриття (зі списку суміжності) ---
Знайдене максимальне парування (M): {(71, 84), (26, 79), (38, 87), (59, 61), (16, 90), (54, 83), (8, 58), (14, 25), (9, 94), (34, 37), (45, 95), (20, 50), (52, 91), (48, 78), (11, 32), (15, 81), (1, 27), (73, 86), (68, 82), (72, 96), (12, 85), (41, 66), (43, 60), (77, 92), (23, 36), (57, 62), (4, 93), (47, 97), (3, 42), (5, 39), (2, 80), (46, 74), (40, 67), (13, 89), (17, 44), (65, 99), (35, 98), (29, 88), (7, 33), (10, 56), (24, 55), (51, 69), (0, 76), (18, 63), (21, 53), (30, 31), (6, 70), (28, 49)}
Згенероване вершинне покриття (C): [0, 1, 2, 3, 4, 5, 6, 7, 8, 9, 10, 11, 12, 13, 14, 15, 16, 17, 18, 20, 21, 23, 24, 25, 26, 27, 28, 29, 30, 31, 32, 33, 34, 35, 36, 37, 38, 39, 40, 41, 42, 43, 44, 45, 46, 47, 48, 49, 50, 51, 52, 53, 54, 55, 56, 57, 58, 59, 60, 61, 62, 63, 65, 66, 67, 68, 69, 70, 71, 72, 73, 74, 76, 77, 78, 79, 80, 81, 82, 83, 84, 85, 86, 87, 88, 89, 90, 91, 92, 93, 94, 95, 96, 97, 98, 99]

--- Генерація вершинного покриття (зі списку суміжності) ---
Знайдене максимальне парування (M): {(68, 88), (0, 94), (32, 46), (13, 36), (50, 55), (82, 93), (17, 67), (42, 60), (18, 47), (6, 51), (21, 98), (11, 75), (52, 76), (2, 14), (80, 95), (40, 86), (19, 57), (39, 96), (16, 49), (23, 30), (78, 91), (22, 89), (8, 72), (34, 97), (37, 99), (9, 25), (33, 83), (29, 64), (7, 58), (15, 65), (26, 74), (63, 84), (1, 41), (54, 87), (43, 56), (12, 20), (27, 69), (61, 71), (3, 81), (4, 28), (59, 77), (44, 70), (10, 92), (38, 48), (66, 73), (31, 45), (5, 90), (24, 85)}
Згенероване вершинне покриття (C): [0, 1, 2, 3, 4, 5, 6, 7, 8, 9, 10, 11, 12, 13, 14, 15, 16, 17, 18, 19, 20, 21, 22, 23, 24, 25, 26, 27, 28, 29, 30, 31, 32, 33, 34, 36, 37, 38, 39, 40, 41, 42, 43, 44, 45, 46, 47, 48, 49, 50, 51, 52, 54, 55, 56, 57, 58, 59, 60, 61, 63, 64, 65, 66, 67, 68, 69, 70, 71, 72, 73, 74, 75, 76, 77, 78, 80, 81, 82, 83, 84, 85, 86, 87, 88, 89, 90, 91, 92, 93, 94, 95, 96, 97, 98, 99]

--- Генерація вершинного покриття (зі списку суміжності) ---
Знайдене максимальне парування (M): {(59, 61), (19, 49), (0, 39), (68, 97), (62, 87), (73, 90), (16, 44), (35, 63), (22, 99), (14, 31), (25, 80), (8, 27), (32, 85), (23, 46), (43, 88), (36, 58), (55, 65), (37, 57), (72, 81), (13, 84), (51, 52), (1, 45), (64, 83), (71, 98), (6, 50), (33, 74), (92, 93), (75, 89), (76, 78), (4, 41), (28, 38), (30, 96), (3, 48), (54, 60), (21, 69), (12, 66), (11, 40), (20, 67), (79, 86), (17, 53), (7, 24), (10, 47), (26, 95), (18, 91), (42, 70), (77, 94), (2, 9), (5, 29), (34, 56), (15, 82)}
Згенероване вершинне покриття (C): [0, 1, 2, 3, 4, 5, 6, 7, 8, 9, 10, 11, 12, 13, 14, 15, 16, 17, 18, 19, 20, 21, 22, 23, 24, 25, 26, 27, 28, 29, 30, 31, 32, 33, 34, 35, 36, 37, 38, 39, 40, 41, 42, 43, 44, 45, 46, 47, 48, 49, 50, 51, 52, 53, 54, 55, 56, 57, 58, 59, 60, 61, 62, 63, 64, 65, 66, 67, 68, 69, 70, 71, 72, 73, 74, 75, 76, 77, 78, 79, 80, 81, 82, 83, 84, 85, 86, 87, 88, 89, 90, 91, 92, 93, 94, 95, 96, 97, 98, 99]

--- Генерація вершинного покриття (зі списку суміжності) ---
Знайдене максимальне парування (M): {(25, 29), (10, 86), (23, 71), (42, 51), (2, 85), (5, 65), (6, 97), (66, 88), (9, 63), (20, 90), (22, 87), (36, 83), (15, 45), (35, 57), (84, 99), (38, 47), (14, 98), (34, 46), (19, 94), (12, 59), (32, 39), (68, 93), (33, 41), (13, 96), (50, 60), (31, 89), (8, 72), (26, 53), (55, 95), (21, 54), (16, 67), (24, 28), (62, 76), (4, 56), (0, 43), (73, 91), (77, 79), (11, 52), (70, 74), (58, 78), (44, 64), (27, 81), (48, 61), (37, 40), (30, 92), (1, 80), (7, 69), (18, 75), (17, 49)}
Згенероване вершинне покриття (C): [0, 1, 2, 4, 5, 6, 7, 8, 9, 10, 11, 12, 13, 14, 15, 16, 17, 18, 19, 20, 21, 22, 23, 24, 25, 26, 27, 28, 29, 30, 31, 32, 33, 34, 35, 36, 37, 38, 39, 40, 41, 42, 43, 44, 45, 46, 47, 48, 49, 50, 51, 52, 53, 54, 55, 56, 57, 58, 59, 60, 61, 62, 63, 64, 65, 66, 67, 68, 69, 70, 71, 72, 73, 74, 75, 76, 77, 78, 79, 80, 81, 83, 84, 85, 86, 87, 88, 89, 90, 91, 92, 93, 94, 95, 96, 97, 98, 99]

--- Генерація вершинного покриття (зі списку суміжності) ---
Знайдене максимальне парування (M): {(0, 30), (8, 98), (6, 18), (73, 81), (36, 68), (13, 39), (60, 71), (77, 93), (23, 31), (7, 56), (66, 75), (19, 79), (2, 14), (80, 95), (48, 72), (24, 78), (27, 49), (11, 38), (46, 90), (12, 76), (45, 82), (5, 9), (53, 57), (54, 94), (87, 88), (21, 33), (22, 37), (26, 59), (16, 58), (50, 84), (70, 99), (40, 55), (83, 96), (4, 41), (28, 35), (20, 61), (17, 47), (34, 63), (3, 51), (43, 44), (64, 91), (62, 97), (29, 42), (32, 65), (15, 52), (85, 86), (25, 69), (10, 89), (74, 92)}
Згенероване вершинне покриття (C): [0, 2, 3, 4, 5, 6, 7, 8, 9, 10, 11, 12, 13, 14, 15, 16, 17, 18, 19, 20, 21, 22, 23, 24, 25, 26, 27, 28, 29, 30, 31, 32, 33, 34, 35, 36, 37, 38, 39, 40, 41, 42, 43, 44, 45, 46, 47, 48, 49, 50, 51, 52, 53, 54, 55, 56, 57, 58, 59, 60, 61, 62, 63, 64, 65, 66, 68, 69, 70, 71, 72, 73, 74, 75, 76, 77, 78, 79, 80, 81, 82, 83, 84, 85, 86, 87, 88, 89, 90, 91, 92, 93, 94, 95, 96, 97, 98, 99]

--- Генерація вершинного покриття (зі списку суміжності) ---
Знайдене максимальне парування (M): {(68, 91), (26, 33), (48, 94), (3, 74), (14, 80), (55, 81), (37, 85), (52, 73), (11, 63), (53, 99), (21, 43), (12, 40), (2, 8), (69, 95), (57, 75), (35, 72), (10, 97), (13, 29), (30, 51), (45, 70), (5, 6), (47, 67), (61, 66), (20, 89), (42, 59), (18, 31), (34, 88), (38, 46), (27, 79), (19, 87), (7, 58), (24, 77), (32, 90), (71, 82), (17, 44), (0, 98), (15, 92), (9, 49), (28, 62), (56, 78), (22, 76), (41, 65), (54, 84), (16, 39), (4, 25), (36, 93), (60, 96), (23, 50), (1, 83)}
Згенероване вершинне покриття (C): [0, 1, 2, 3, 4, 5, 6, 7, 8, 9, 10, 11, 12, 13, 14, 15, 16, 17, 18, 19, 20, 21, 22, 23, 24, 25, 26, 27, 28, 29, 30, 31, 32, 33, 34, 35, 36, 37, 38, 39, 40, 41, 42, 43, 44, 45, 46, 47, 48, 49, 50, 51, 52, 53, 54, 55, 56, 57, 58, 59, 60, 61, 62, 63, 65, 66, 67, 68, 69, 70, 71, 72, 73, 74, 75, 76, 77, 78, 79, 80, 81, 82, 83, 84, 85, 87, 88, 89, 90, 91, 92, 93, 94, 95, 96, 97, 98, 99]

--- Генерація вершинного покриття (зі списку суміжності) ---
Знайдене максимальне парування (M): {(72, 79), (7, 17), (23, 71), (20, 32), (3, 80), (47, 74), (6, 42), (77, 87), (86, 96), (21, 43), (4, 33), (1, 70), (91, 92), (55, 99), (40, 53), (46, 69), (85, 88), (11, 90), (81, 84), (36, 64), (16, 89), (67, 73), (13, 41), (14, 18), (25, 52), (22, 83), (9, 65), (78, 94), (48, 50), (45, 97), (51, 76), (37, 93), (12, 54), (10, 26), (56, 63), (2, 95), (66, 98), (28, 59), (27, 57), (29, 30), (34, 75), (19, 62), (5, 8), (35, 58), (38, 39), (24, 61), (0, 82), (31, 60)}
Згенероване вершинне покриття (C): [0, 1, 2, 3, 4, 5, 6, 7, 8, 9, 10, 11, 12, 13, 14, 16, 17, 18, 19, 20, 21, 22, 23, 24, 25, 26, 27, 28, 29, 30, 31, 32, 33, 34, 35, 36, 37, 38, 39, 40, 41, 42, 43, 45, 46, 47, 48, 50, 51, 52, 53, 54, 55, 56, 57, 58, 59, 60, 61, 62, 63, 64, 65, 66, 67, 69, 70, 71, 72, 73, 74, 75, 76, 77, 78, 79, 80, 81, 82, 83, 84, 85, 86, 87, 88, 89, 90, 91, 92, 93, 94, 95, 96, 97, 98, 99]

--- Генерація вершинного покриття (зі списку суміжності) ---
Знайдене максимальне парування (M): {(39, 82), (29, 87), (13, 45), (67, 80), (15, 51), (16, 44), (3, 77), (33, 66), (63, 98), (23, 92), (0, 60), (22, 38), (8, 85), (11, 20), (42, 99), (37, 48), (62, 71), (64, 68), (74, 97), (2, 35), (7, 28), (12, 21), (49, 52), (26, 56), (46, 59), (47, 88), (41, 78), (70, 93), (36, 91), (30, 84), (55, 58), (32, 96), (40, 76), (54, 69), (73, 79), (5, 57), (90, 95), (18, 24), (27, 72), (10, 53), (14, 81), (6, 43), (4, 89), (17, 31), (19, 86), (34, 50), (65, 83), (9, 94)}
Згенероване вершинне покриття (C): [0, 2, 3, 4, 5, 6, 7, 8, 9, 10, 11, 12, 13, 14, 15, 16, 17, 18, 19, 20, 21, 22, 23, 24, 26, 27, 28, 29, 30, 31, 32, 33, 34, 35, 36, 37, 38, 39, 40, 41, 42, 43, 44, 45, 46, 47, 48, 49, 50, 51, 52, 53, 54, 55, 56, 57, 58, 59, 60, 62, 63, 64, 65, 66, 67, 68, 69, 70, 71, 72, 73, 74, 76, 77, 78, 79, 80, 81, 82, 83, 84, 85, 86, 87, 88, 89, 90, 91, 92, 93, 94, 95, 96, 97, 98, 99]

--- Генерація вершинного покриття (зі списку суміжності) ---
Знайдене максимальне парування (M): {(10, 37), (33, 91), (42, 45), (34, 68), (9, 48), (40, 87), (43, 49), (17, 64), (24, 51), (16, 41), (73, 99), (3, 25), (28, 82), (20, 44), (38, 62), (4, 39), (6, 11), (76, 88), (47, 55), (13, 35), (5, 61), (21, 85), (27, 70), (52, 72), (0, 1), (22, 92), (78, 94), (77, 98), (32, 69), (59, 93), (50, 84), (75, 89), (26, 74), (56, 57), (46, 83), (7, 15), (12, 14), (58, 66), (18, 30), (71, 97), (81, 95), (19, 65), (80, 96), (29, 60), (8, 31), (2, 79), (23, 53)}
Згенероване вершинне покриття (C): [0, 1, 2, 3, 4, 5, 6, 7, 8, 9, 10, 11, 12, 13, 14, 15, 16, 17, 18, 19, 20, 21, 22, 23, 24, 25, 26, 27, 28, 29, 30, 31, 32, 33, 34, 35, 37, 38, 39, 40, 41, 42, 43, 44, 45, 46, 47, 48, 49, 50, 51, 52, 53, 55, 56, 57, 58, 59, 60, 61, 62, 64, 65, 66, 68, 69, 70, 71, 72, 73, 74, 75, 76, 77, 78, 79, 80, 81, 82, 83, 84, 85, 87, 88, 89, 91, 92, 93, 94, 95, 96, 97, 98, 99]

--- Генерація вершинного покриття (зі списку суміжності) ---
Знайдене максимальне парування (M): {(0, 94), (9, 48), (52, 55), (13, 45), (31, 90), (22, 29), (3, 37), (11, 72), (51, 80), (1, 70), (39, 57), (65, 82), (36, 98), (28, 91), (46, 78), (40, 68), (6, 8), (10, 33), (44, 93), (24, 26), (15, 20), (62, 77), (67, 73), (38, 95), (17, 66), (61, 81), (23, 42), (5, 30), (25, 76), (18, 64), (34, 63), (85, 99), (21, 75), (49, 88), (41, 59), (43, 56), (50, 71), (47, 84), (4, 83), (16, 54), (86, 97), (58, 87), (69, 96), (27, 32), (19, 89), (7, 60), (74, 92), (2, 79), (12, 53)}
Згенероване вершинне покриття (C): [0, 1, 2, 3, 4, 5, 6, 7, 8, 9, 10, 11, 12, 13, 15, 16, 17, 18, 19, 20, 21, 22, 23, 24, 25, 26, 27, 28, 29, 30, 31, 32, 33, 34, 36, 37, 38, 39, 40, 41, 42, 43, 44, 45, 46, 47, 48, 49, 50, 51, 52, 53, 54, 55, 56, 57, 58, 59, 60, 61, 62, 63, 64, 65, 66, 67, 68, 69, 70, 71, 72, 73, 74, 75, 76, 77, 78, 79, 80, 81, 82, 83, 84, 85, 86, 87, 88, 89, 90, 91, 92, 93, 94, 95, 96, 97, 98, 99]

--- Генерація вершинного покриття (зі списку суміжності) ---
Знайдене максимальне парування (M): {(8, 98), (56, 62), (58, 59), (31, 72), (26, 33), (19, 70), (69, 74), (11, 66), (14, 86), (29, 53), (17, 97), (75, 96), (5, 40), (2, 87), (76, 94), (36, 64), (30, 57), (25, 52), (39, 41), (9, 65), (77, 89), (55, 92), (12, 48), (10, 20), (49, 73), (68, 80), (37, 44), (4, 50), (46, 83), (24, 28), (21, 63), (3, 51), (38, 79), (0, 34), (71, 85), (15, 22), (16, 27), (1, 99), (90, 95), (32, 47), (84, 91), (7, 88), (23, 78), (42, 61), (54, 93), (60, 81), (13, 67), (35, 82)}
Згенероване вершинне покриття (C): [0, 1, 2, 3, 4, 5, 7, 8, 9, 10, 11, 12, 13, 14, 15, 16, 17, 19, 20, 21, 22, 23, 24, 25, 26, 27, 28, 29, 30, 31, 32, 33, 34, 35, 36, 37, 38, 39, 40, 41, 42, 44, 46, 47, 48, 49, 50, 51, 52, 53, 54, 55, 56, 57, 58, 59, 60, 61, 62, 63, 64, 65, 66, 67, 68, 69, 70, 71, 72, 73, 74, 75, 76, 77, 78, 79, 80, 81, 82, 83, 84, 85, 86, 87, 88, 89, 90, 91, 92, 93, 94, 95, 96, 97, 98, 99]

--- Генерація вершинного покриття (зі списку суміжності) ---
Знайдене максимальне парування (M): {(68, 88), (32, 40), (17, 58), (53, 87), (37, 82), (9, 72), (51, 71), (27, 38), (12, 98), (11, 78), (85, 91), (30, 94), (46, 84), (5, 49), (56, 61), (13, 90), (42, 44), (7, 22), (6, 81), (20, 74), (4, 14), (3, 70), (39, 99), (86, 92), (15, 50), (23, 33), (1, 60), (24, 65), (19, 26), (31, 52), (16, 67), (79, 80), (63, 69), (21, 75), (25, 97), (28, 59), (47, 66), (18, 36), (8, 34), (2, 55), (43, 62), (89, 96), (45, 93), (35, 64), (29, 54), (10, 83), (57, 76), (48, 73), (41, 95)}
Згенероване вершинне покриття (C): [1, 2, 3, 4, 5, 6, 7, 8, 9, 10, 11, 12, 13, 14, 15, 16, 17, 18, 19, 20, 21, 22, 23, 24, 25, 26, 27, 28, 29, 30, 31, 32, 33, 34, 35, 36, 37, 38, 39, 40, 41, 42, 43, 44, 45, 46, 47, 48, 49, 50, 51, 52, 53, 54, 55, 56, 57, 58, 59, 60, 61, 62, 63, 64, 65, 66, 67, 68, 69, 70, 71, 72, 73, 74, 75, 76, 78, 79, 80, 81, 82, 83, 84, 85, 86, 87, 88, 89, 90, 91, 92, 93, 94, 95, 96, 97, 98, 99]

--- Генерація вершинного покриття (зі списку суміжності) ---
Знайдене максимальне парування (M): {(38, 87), (13, 97), (28, 55), (14, 65), (59, 67), (78, 89), (5, 16), (8, 70), (34, 98), (42, 81), (1, 12), (0, 20), (60, 95), (76, 94), (62, 77), (23, 73), (50, 63), (40, 92), (61, 66), (72, 90), (48, 99), (54, 88), (36, 85), (52, 69), (26, 53), (21, 45), (2, 68), (17, 35), (7, 9), (79, 80), (43, 96), (15, 83), (6, 25), (18, 30), (71, 91), (58, 75), (47, 84), (11, 64), (29, 39), (56, 93), (49, 57), (41, 74), (19, 22), (4, 37), (24, 82), (27, 44), (32, 86), (10, 31)}
Згенероване вершинне покриття (C): [0, 1, 2, 4, 5, 6, 7, 8, 9, 10, 11, 12, 13, 14, 15, 16, 17, 18, 19, 20, 21, 22, 23, 24, 25, 26, 27, 28, 29, 30, 31, 32, 34, 35, 36, 37, 38, 39, 40, 41, 42, 43, 44, 45, 47, 48, 49, 50, 52, 53, 54, 55, 56, 57, 58, 59, 60, 61, 62, 63, 64, 65, 66, 67, 68, 69, 70, 71, 72, 73, 74, 75, 76, 77, 78, 79, 80, 81, 82, 83, 84, 85, 86, 87, 88, 89, 90, 91, 92, 93, 94, 95, 96, 97, 98, 99]

--- Генерація вершинного покриття (зі списку суміжності) ---
Знайдене максимальне парування (M): {(18, 72), (9, 42), (11, 39), (53, 78), (15, 91), (27, 62), (34, 80), (47, 71), (29, 99), (5, 10), (12, 92), (30, 73), (31, 38), (37, 82), (24, 60), (61, 79), (6, 63), (41, 94), (76, 85), (16, 83), (66, 93), (43, 51), (50, 69), (23, 97), (58, 88), (48, 59), (17, 26), (22, 49), (54, 57), (8, 32), (33, 40), (1, 35), (81, 89), (13, 95), (25, 45), (44, 52), (3, 14), (56, 84), (87, 90), (4, 77), (65, 68), (19, 74), (46, 64), (0, 70), (28, 86), (2, 21), (96, 98), (7, 75)}
Згенероване вершинне покриття (C): [0, 1, 2, 3, 4, 5, 6, 7, 8, 9, 10, 11, 12, 13, 14, 15, 16, 17, 18, 19, 21, 22, 23, 24, 25, 26, 27, 28, 29, 30, 31, 32, 33, 34, 35, 37, 38, 39, 40, 41, 42, 43, 44, 45, 46, 47, 48, 49, 50, 51, 52, 53, 54, 56, 57, 58, 59, 60, 61, 62, 63, 64, 65, 66, 68, 69, 70, 71, 72, 73, 74, 75, 76, 77, 78, 79, 80, 81, 82, 83, 84, 85, 86, 87, 88, 89, 90, 91, 92, 93, 94, 95, 96, 97, 98, 99]

--- Генерація вершинного покриття (зі списку суміжності) ---
Знайдене максимальне парування (M): {(24, 88), (2, 27), (72, 79), (20, 75), (32, 98), (6, 30), (29, 90), (17, 64), (25, 47), (14, 16), (42, 66), (46, 48), (36, 74), (49, 56), (8, 18), (39, 51), (59, 91), (26, 60), (28, 33), (1, 15), (50, 54), (7, 83), (0, 41), (3, 58), (55, 71), (4, 69), (82, 86), (19, 57), (73, 92), (22, 89), (5, 85), (78, 97), (80, 94), (43, 84), (44, 77), (9, 95), (45, 63), (53, 70), (13, 37), (11, 52), (61, 62), (21, 87), (12, 81), (34, 96), (65, 68), (23, 38), (35, 67), (93, 99), (10, 31)}
Згенероване вершинне покриття (C): [0, 1, 2, 3, 4, 5, 6, 7, 8, 9, 10, 11, 12, 13, 14, 15, 16, 17, 18, 19, 20, 21, 22, 23, 24, 25, 26, 27, 28, 29, 30, 31, 32, 33, 34, 35, 36, 37, 38, 39, 41, 42, 43, 44, 45, 46, 47, 48, 49, 50, 51, 52, 53, 54, 55, 56, 57, 58, 59, 60, 61, 62, 63, 64, 65, 66, 67, 68, 69, 70, 71, 72, 73, 74, 75, 77, 78, 79, 80, 81, 82, 83, 84, 85, 86, 87, 88, 89, 90, 91, 92, 93, 94, 95, 96, 97, 98, 99]

--- Генерація вершинного покриття (зі списку суміжності) ---
Знайдене максимальне парування (M): {(53, 66), (22, 63), (8, 49), (29, 81), (57, 97), (16, 17), (42, 51), (13, 39), (32, 58), (40, 99), (23, 28), (27, 71), (55, 90), (2, 60), (20, 47), (1, 73), (35, 84), (14, 61), (56, 64), (21, 76), (6, 96), (67, 82), (38, 98), (25, 52), (18, 95), (12, 79), (11, 59), (9, 74), (65, 69), (91, 94), (68, 77), (4, 41), (5, 36), (45, 54), (72, 80), (15, 86), (24, 34), (33, 46), (78, 87), (7, 48), (89, 93), (75, 85), (26, 70), (19, 92), (43, 83), (30, 37), (44, 88), (3, 50), (10, 31)}
Згенероване вершинне покриття (C): [1, 2, 3, 4, 5, 6, 7, 8, 9, 10, 11, 12, 13, 14, 15, 16, 17, 18, 19, 20, 21, 22, 23, 24, 25, 26, 27, 28, 29, 30, 31, 32, 33, 34, 35, 36, 37, 38, 39, 40, 41, 42, 43, 44, 45, 46, 47, 48, 49, 50, 51, 52, 53, 54, 55, 56, 57, 58, 59, 60, 61, 63, 64, 65, 66, 67, 68, 69, 70, 71, 72, 73, 74, 75, 76, 77, 78, 79, 80, 81, 82, 83, 84, 85, 86, 87, 88, 89, 90, 91, 92, 93, 94, 95, 96, 97, 98, 99]

--- Генерація вершинного покриття (зі списку суміжності) ---
Знайдене максимальне парування (M): {(39, 73), (68, 97), (26, 27), (9, 57), (52, 70), (40, 44), (42, 72), (3, 95), (21, 46), (24, 75), (31, 53), (13, 20), (81, 84), (1, 88), (4, 60), (14, 64), (36, 67), (33, 56), (8, 69), (59, 87), (78, 94), (37, 90), (22, 34), (5, 30), (16, 58), (2, 71), (17, 29), (38, 61), (51, 91), (12, 54), (11, 92), (65, 93), (49, 85), (19, 41), (15, 89), (45, 66), (6, 74), (7, 18), (62, 82), (76, 99), (10, 47), (77, 79), (48, 55), (25, 63), (23, 96), (50, 86), (43, 80), (83, 98)}
Згенероване вершинне покриття (C): [1, 2, 3, 4, 5, 6, 7, 8, 9, 10, 11, 12, 13, 14, 15, 16, 17, 18, 19, 20, 21, 22, 23, 24, 25, 26, 27, 29, 30, 31, 33, 34, 36, 37, 38, 39, 40, 41, 42, 43, 44, 45, 46, 47, 48, 49, 50, 51, 52, 53, 54, 55, 56, 57, 58, 59, 60, 61, 62, 63, 64, 65, 66, 67, 68, 69, 70, 71, 72, 73, 74, 75, 76, 77, 78, 79, 80, 81, 82, 83, 84, 85, 86, 87, 88, 89, 90, 91, 92, 93, 94, 95, 96, 97, 98, 99]

--- Генерація вершинного покриття (зі списку суміжності) ---
Знайдене максимальне парування (M): {(53, 72), (4, 61), (30, 46), (63, 86), (16, 38), (15, 42), (25, 44), (84, 96), (12, 22), (32, 55), (67, 89), (1, 58), (0, 2), (14, 95), (9, 35), (65, 85), (10, 33), (6, 17), (39, 81), (19, 57), (20, 92), (41, 66), (36, 79), (56, 94), (13, 71), (28, 99), (26, 77), (27, 45), (48, 80), (75, 98), (64, 73), (31, 76), (24, 40), (62, 91), (82, 88), (18, 97), (5, 69), (21, 93), (23, 90), (50, 74), (47, 87), (29, 54), (11, 70), (51, 78), (52, 83), (7, 60), (37, 49), (34, 59)}
Згенероване вершинне покриття (C): [0, 1, 2, 4, 5, 6, 7, 9, 10, 11, 12, 13, 14, 15, 16, 17, 18, 19, 20, 21, 22, 23, 24, 25, 26, 27, 28, 29, 30, 31, 32, 33, 34, 35, 36, 37, 38, 39, 40, 41, 42, 44, 45, 46, 47, 48, 49, 50, 51, 52, 53, 54, 55, 56, 57, 58, 59, 60, 61, 62, 63, 64, 65, 66, 67, 69, 70, 71, 72, 73, 74, 75, 76, 77, 78, 79, 80, 81, 82, 83, 84, 85, 86, 87, 88, 89, 90, 91, 92, 93, 94, 95, 96, 97, 98, 99]

--- Генерація вершинного покриття (зі списку суміжності) ---
Знайдене максимальне парування (M): {(6, 82), (30, 46), (63, 83), (81, 88), (41, 58), (5, 68), (7, 99), (22, 87), (78, 89), (25, 59), (60, 80), (3, 34), (4, 45), (2, 17), (42, 90), (8, 97), (35, 84), (10, 36), (19, 48), (26, 29), (13, 53), (9, 16), (40, 49), (18, 52), (32, 75), (27, 91), (1, 69), (14, 39), (20, 61), (28, 44), (0, 92), (37, 56), (11, 95), (31, 67), (72, 86), (64, 76), (24, 98), (70, 71), (50, 65), (33, 55), (43, 62), (38, 54), (23, 93), (74, 77), (21, 47), (57, 73), (66, 85), (51, 96)}
Згенероване вершинне покриття (C): [0, 1, 2, 3, 4, 5, 6, 7, 8, 9, 10, 11, 13, 14, 16, 17, 18, 19, 20, 21, 22, 23, 24, 25, 26, 27, 28, 29, 30, 31, 32, 33, 34, 35, 36, 37, 38, 39, 40, 41, 42, 43, 44, 45, 46, 47, 48, 49, 50, 51, 52, 53, 54, 55, 56, 57, 58, 59, 60, 61, 62, 63, 64, 65, 66, 67, 68, 69, 70, 71, 72, 73, 74, 75, 76, 77, 78, 80, 81, 82, 83, 84, 85, 86, 87, 88, 89, 90, 91, 92, 93, 95, 96, 97, 98, 99]

--- Генерація вершинного покриття (зі списку суміжності) ---
Знайдене максимальне парування (M): {(73, 90), (47, 83), (28, 82), (58, 86), (8, 21), (16, 56), (12, 43), (57, 69), (19, 88), (39, 72), (10, 97), (15, 81), (14, 61), (59, 63), (40, 89), (44, 53), (62, 95), (6, 9), (51, 64), (0, 7), (38, 52), (29, 49), (4, 99), (46, 71), (76, 84), (3, 45), (24, 25), (85, 96), (33, 92), (27, 48), (13, 37), (54, 78), (23, 87), (18, 36), (32, 65), (1, 22), (50, 80), (20, 42), (34, 35), (77, 94), (41, 74), (5, 26), (68, 70), (2, 67), (60, 93), (11, 30), (17, 98), (75, 91), (31, 66)}
Згенероване вершинне покриття (C): [0, 1, 2, 3, 4, 5, 6, 7, 8, 9, 10, 11, 12, 13, 14, 15, 16, 17, 18, 19, 20, 21, 22, 23, 24, 25, 26, 27, 28, 29, 30, 31, 32, 33, 34, 35, 36, 37, 38, 39, 40, 41, 42, 43, 44, 45, 46, 47, 48, 49, 50, 51, 52, 53, 54, 56, 57, 58, 59, 60, 61, 62, 63, 64, 65, 66, 67, 68, 69, 70, 71, 72, 73, 74, 75, 76, 77, 78, 80, 81, 82, 83, 84, 85, 86, 87, 88, 89, 90, 91, 92, 93, 94, 95, 96, 97, 98, 99]

--- Генерація вершинного покриття (зі списку суміжності) ---
Знайдене максимальне парування (M): {(30, 43), (55, 72), (48, 88), (63, 86), (22, 87), (29, 41), (49, 50), (16, 62), (8, 42), (18, 74), (19, 51), (59, 60), (40, 83), (15, 35), (79, 99), (71, 95), (20, 89), (46, 47), (12, 21), (61, 69), (13, 56), (65, 66), (5, 85), (24, 68), (58, 94), (2, 7), (9, 77), (10, 14), (76, 84), (32, 81), (28, 96), (33, 92), (1, 90), (26, 37), (3, 75), (44, 52), (39, 98), (73, 97), (38, 45), (36, 78), (31, 91), (17, 80), (4, 25), (11, 70), (27, 93), (0, 82), (23, 53), (6, 67)}
Згенероване вершинне покриття (C): [0, 1, 2, 3, 4, 5, 6, 7, 8, 9, 10, 11, 12, 13, 14, 15, 16, 17, 18, 19, 20, 21, 22, 23, 24, 25, 26, 27, 28, 29, 30, 31, 32, 33, 35, 36, 37, 38, 39, 40, 41, 42, 43, 44, 45, 46, 47, 48, 49, 50, 51, 52, 53, 55, 56, 58, 59, 60, 61, 62, 63, 65, 66, 67, 68, 69, 70, 71, 72, 73, 74, 75, 76, 77, 78, 79, 80, 81, 82, 83, 84, 85, 86, 87, 88, 89, 90, 91, 92, 93, 94, 95, 96, 97, 98, 99]

--- Генерація вершинного покриття (зі списку суміжності) ---
Знайдене максимальне парування (M): {(2, 88), (68, 94), (23, 65), (7, 84), (16, 32), (70, 76), (20, 90), (58, 83), (8, 18), (3, 31), (46, 66), (63, 64), (53, 62), (10, 39), (49, 92), (35, 38), (42, 59), (41, 57), (67, 82), (37, 72), (19, 60), (87, 91), (21, 24), (47, 85), (15, 50), (51, 73), (33, 71), (12, 45), (17, 29), (1, 69), (9, 40), (75, 95), (27, 54), (48, 86), (13, 98), (0, 55), (22, 79), (78, 81), (6, 34), (26, 43), (4, 80), (28, 77), (56, 93), (52, 74), (61, 89), (36, 96), (14, 99), (11, 30), (5, 44)}
Згенероване вершинне покриття (C): [0, 1, 2, 3, 4, 5, 6, 7, 8, 9, 10, 11, 12, 13, 14, 15, 16, 17, 18, 19, 20, 21, 22, 23, 24, 26, 27, 28, 29, 30, 31, 32, 33, 34, 35, 36, 37, 38, 39, 40, 41, 42, 43, 44, 45, 46, 47, 48, 49, 50, 51, 52, 53, 54, 55, 56, 57, 58, 59, 60, 61, 62, 63, 64, 65, 66, 67, 68, 69, 70, 71, 72, 73, 74, 75, 76, 77, 78, 79, 80, 81, 82, 83, 84, 85, 86, 87, 88, 89, 90, 91, 92, 93, 94, 95, 96, 98, 99]

--- Генерація вершинного покриття (зі списку суміжності) ---
Знайдене максимальне парування (M): {(65, 92), (0, 94), (21, 74), (35, 42), (37, 73), (19, 70), (14, 25), (1, 52), (47, 80), (78, 86), (55, 96), (6, 51), (15, 57), (2, 5), (20, 60), (12, 43), (66, 84), (26, 69), (22, 50), (13, 81), (16, 31), (34, 67), (79, 93), (9, 53), (72, 87), (33, 59), (11, 68), (58, 85), (3, 88), (10, 17), (30, 32), (18, 64), (45, 48), (24, 28), (46, 89), (82, 91), (54, 62), (7, 27), (38, 39), (61, 71), (4, 77), (29, 36), (56, 90), (23, 99), (49, 63), (44, 76), (41, 83), (8, 95), (75, 97)}
Згенероване вершинне покриття (C): [0, 1, 2, 3, 4, 5, 6, 7, 8, 9, 10, 11, 12, 13, 14, 15, 16, 17, 18, 19, 20, 21, 22, 23, 24, 25, 26, 27, 28, 29, 30, 31, 32, 33, 34, 35, 36, 37, 38, 39, 41, 42, 43, 44, 45, 46, 47, 48, 49, 50, 51, 52, 53, 54, 55, 56, 57, 58, 59, 60, 61, 62, 63, 64, 65, 66, 67, 68, 69, 70, 71, 72, 73, 74, 75, 76, 77, 78, 79, 80, 81, 82, 83, 84, 85, 86, 87, 88, 89, 90, 91, 92, 93, 94, 95, 96, 97, 99]

--- Генерація вершинного покриття (зі списку суміжності) ---
Знайдене максимальне парування (M): {(25, 29), (16, 26), (23, 65), (33, 39), (50, 61), (9, 51), (1, 98), (18, 38), (55, 81), (12, 86), (3, 22), (89, 92), (20, 44), (28, 85), (24, 66), (75, 87), (71, 77), (42, 93), (0, 99), (21, 67), (45, 64), (11, 47), (19, 57), (43, 54), (14, 76), (10, 63), (31, 34), (35, 59), (8, 78), (7, 52), (27, 91), (5, 94), (58, 97), (83, 90), (30, 84), (6, 68), (37, 56), (48, 74), (73, 79), (60, 72), (41, 62), (53, 88), (36, 96), (4, 95), (32, 80), (2, 70), (49, 69), (13, 15), (46, 82)}
Згенероване вершинне покриття (C): [0, 1, 2, 3, 4, 5, 6, 7, 8, 9, 10, 11, 12, 13, 14, 15, 16, 18, 19, 20, 21, 22, 23, 24, 25, 26, 27, 28, 29, 30, 31, 32, 33, 34, 35, 36, 37, 38, 39, 41, 42, 43, 44, 45, 46, 47, 48, 49, 50, 51, 52, 53, 54, 55, 56, 57, 58, 59, 60, 61, 62, 63, 64, 65, 66, 67, 68, 69, 70, 71, 72, 73, 74, 75, 76, 77, 78, 79, 80, 81, 82, 83, 84, 85, 86, 87, 88, 89, 90, 91, 92, 93, 94, 95, 96, 97, 98, 99]

--- Генерація вершинного покриття (зі списку суміжності) ---
Знайдене максимальне парування (M): {(66, 97), (2, 33), (4, 12), (14, 77), (18, 93), (41, 64), (3, 25), (55, 90), (7, 44), (28, 85), (58, 86), (21, 43), (16, 68), (38, 62), (36, 95), (11, 94), (26, 60), (53, 65), (13, 87), (17, 45), (30, 48), (31, 83), (6, 96), (29, 34), (23, 88), (8, 69), (9, 10), (47, 91), (42, 71), (50, 81), (74, 78), (52, 84), (1, 5), (59, 99), (0, 22), (35, 80), (61, 98), (27, 54), (20, 76), (32, 56), (75, 82), (37, 89), (57, 70), (24, 67), (40, 63), (19, 92), (15, 73), (49, 72), (46, 79)}
Згенероване вершинне покриття (C): [0, 1, 2, 3, 4, 5, 6, 7, 8, 9, 10, 11, 12, 13, 14, 15, 16, 17, 18, 19, 20, 21, 22, 23, 24, 25, 26, 27, 28, 29, 30, 31, 32, 33, 34, 35, 36, 37, 38, 40, 41, 42, 43, 44, 45, 46, 47, 48, 49, 50, 52, 53, 54, 55, 56, 57, 58, 59, 60, 61, 62, 63, 64, 65, 66, 67, 68, 69, 70, 71, 72, 73, 74, 75, 76, 77, 78, 79, 80, 81, 82, 83, 84, 85, 86, 87, 88, 89, 90, 91, 92, 93, 94, 95, 96, 97, 98, 99]

--- Генерація вершинного покриття (зі списку суміжності) ---
Знайдене максимальне парування (M): {(18, 72), (2, 94), (46, 88), (24, 91), (21, 22), (13, 45), (12, 77), (23, 89), (50, 73), (19, 70), (65, 67), (29, 53), (66, 78), (6, 57), (33, 81), (10, 85), (7, 68), (9, 99), (16, 74), (30, 42), (35, 84), (3, 64), (71, 92), (52, 54), (15, 41), (40, 98), (32, 60), (27, 82), (31, 43), (55, 95), (37, 38), (8, 26), (11, 83), (4, 44), (93, 97), (79, 86), (5, 63), (25, 39), (0, 61), (36, 87), (1, 62), (17, 28), (80, 96), (75, 76), (20, 48), (49, 69), (51, 90), (34, 59)}
Згенероване вершинне покриття (C): [0, 1, 2, 3, 4, 5, 6, 7, 8, 9, 10, 11, 12, 13, 15, 16, 17, 18, 19, 20, 21, 22, 23, 24, 25, 26, 27, 28, 29, 30, 31, 32, 33, 34, 35, 36, 37, 38, 39, 40, 41, 42, 43, 44, 45, 46, 48, 49, 50, 51, 52, 53, 54, 55, 57, 59, 60, 61, 62, 63, 64, 65, 66, 67, 68, 69, 70, 71, 72, 73, 74, 75, 76, 77, 78, 79, 80, 81, 82, 83, 84, 85, 86, 87, 88, 89, 90, 91, 92, 93, 94, 95, 96, 97, 98, 99]

--- Генерація вершинного покриття (зі списку суміжності) ---
Знайдене максимальне парування (M): {(2, 94), (9, 54), (19, 52), (22, 84), (36, 74), (29, 32), (0, 78), (70, 97), (35, 69), (24, 81), (17, 48), (82, 89), (15, 90), (71, 92), (64, 86), (12, 76), (11, 44), (47, 73), (33, 53), (39, 99), (14, 79), (18, 49), (3, 30), (1, 63), (40, 43), (16, 61), (75, 83), (50, 96), (8, 87), (28, 93), (5, 42), (10, 26), (27, 45), (55, 67), (6, 80), (13, 31), (46, 95), (21, 23), (58, 60), (37, 68), (20, 85), (41, 59), (62, 88), (72, 98), (4, 77), (25, 51), (7, 57), (38, 66), (34, 56)}
Згенероване вершинне покриття (C): [0, 1, 2, 3, 4, 5, 6, 7, 8, 9, 10, 11, 12, 13, 14, 15, 16, 17, 18, 19, 20, 21, 22, 23, 24, 25, 26, 27, 28, 29, 30, 31, 32, 33, 34, 35, 36, 37, 38, 39, 40, 41, 42, 43, 44, 45, 46, 47, 48, 49, 50, 51, 52, 53, 54, 55, 56, 57, 58, 59, 60, 61, 62, 63, 64, 66, 67, 68, 69, 70, 71, 72, 73, 74, 75, 76, 77, 78, 79, 80, 81, 82, 83, 84, 85, 86, 87, 88, 89, 90, 92, 93, 94, 95, 96, 97, 98, 99]

--- Генерація вершинного покриття (зі списку суміжності) ---
Знайдене максимальне парування (M): {(25, 90), (2, 88), (30, 49), (55, 72), (35, 42), (71, 96), (12, 86), (33, 60), (9, 78), (52, 76), (77, 99), (75, 87), (10, 21), (39, 69), (4, 51), (11, 32), (22, 65), (14, 58), (1, 97), (23, 73), (62, 89), (7, 92), (44, 53), (16, 43), (3, 82), (20, 37), (64, 95), (46, 59), (67, 94), (56, 91), (57, 68), (0, 19), (45, 63), (15, 28), (13, 34), (24, 40), (54, 81), (6, 98), (61, 74), (5, 84), (18, 48), (41, 80), (36, 93), (38, 66), (27, 29), (17, 31), (8, 83), (26, 70), (47, 50)}
Згенероване вершинне покриття (C): [0, 1, 2, 3, 4, 5, 6, 7, 8, 9, 10, 11, 12, 13, 14, 15, 16, 17, 18, 19, 20, 21, 22, 23, 24, 25, 26, 27, 28, 29, 30, 31, 32, 33, 34, 35, 36, 37, 38, 39, 40, 41, 42, 43, 44, 45, 46, 47, 48, 49, 50, 51, 52, 53, 54, 55, 56, 57, 58, 59, 60, 61, 62, 63, 64, 65, 66, 67, 68, 69, 70, 71, 72, 73, 74, 75, 76, 77, 78, 80, 81, 82, 83, 84, 86, 87, 88, 89, 90, 91, 92, 93, 94, 95, 96, 97, 98, 99]

--- Генерація вершинного покриття (зі списку суміжності) ---
Знайдене максимальне парування (M): {(35, 88), (20, 69), (10, 40), (14, 16), (47, 77), (34, 83), (56, 89), (55, 81), (7, 50), (15, 57), (42, 78), (68, 72), (18, 53), (17, 30), (94, 97), (11, 38), (3, 67), (25, 43), (54, 85), (31, 86), (22, 92), (41, 75), (58, 91), (1, 2), (37, 84), (28, 87), (4, 32), (24, 65), (5, 27), (8, 93), (39, 71), (12, 66), (45, 60), (63, 90), (19, 59), (46, 49), (26, 98), (6, 95), (33, 61), (29, 51), (9, 76), (52, 74), (23, 44), (80, 96), (36, 99), (48, 64), (13, 70), (0, 82), (21, 62)}
Згенероване вершинне покриття (C): [0, 1, 2, 3, 4, 5, 6, 7, 8, 9, 10, 11, 12, 13, 14, 15, 16, 17, 18, 19, 20, 21, 22, 23, 24, 25, 26, 27, 28, 29, 30, 31, 32, 33, 34, 35, 36, 37, 38, 39, 40, 41, 42, 43, 44, 45, 46, 47, 48, 49, 50, 51, 52, 53, 54, 55, 56, 57, 58, 59, 60, 61, 62, 63, 64, 65, 66, 67, 68, 69, 70, 71, 72, 74, 75, 76, 77, 78, 80, 81, 82, 83, 84, 85, 86, 87, 88, 89, 90, 91, 92, 93, 94, 95, 96, 97, 98, 99]

--- Генерація вершинного покриття (зі списку суміжності) ---
Знайдене максимальне парування (M): {(8, 98), (21, 71), (20, 87), (16, 47), (3, 19), (89, 95), (43, 67), (11, 14), (39, 60), (66, 72), (30, 82), (45, 49), (18, 62), (40, 77), (41, 42), (0, 99), (23, 73), (58, 70), (59, 75), (55, 80), (2, 50), (5, 12), (51, 64), (4, 26), (37, 90), (36, 88), (31, 46), (10, 84), (92, 93), (68, 76), (1, 17), (6, 7), (13, 15), (35, 83), (28, 96), (56, 63), (54, 69), (24, 85), (25, 97), (9, 52), (38, 91), (78, 81), (65, 86), (57, 61), (33, 94), (32, 74), (27, 29), (44, 79), (22, 48), (34, 53)}
Згенероване вершинне покриття (C): [0, 1, 2, 3, 4, 5, 6, 7, 8, 9, 10, 11, 12, 13, 14, 15, 16, 17, 18, 19, 20, 21, 22, 23, 24, 25, 26, 27, 28, 29, 30, 31, 32, 33, 34, 35, 36, 37, 38, 39, 40, 41, 42, 43, 44, 45, 46, 47, 48, 49, 50, 51, 52, 53, 54, 55, 56, 57, 58, 59, 60, 61, 62, 63, 64, 65, 66, 67, 68, 69, 70, 71, 72, 73, 74, 75, 76, 77, 78, 79, 80, 81, 82, 83, 84, 85, 86, 87, 88, 89, 90, 91, 92, 93, 94, 95, 96, 97, 98, 99]

--- Генерація вершинного покриття (зі списку суміжності) ---
Знайдене максимальне парування (M): {(16, 81), (7, 23), (1, 34), (25, 96), (21, 92), (60, 77), (40, 47), (43, 70), (0, 63), (41, 82), (29, 56), (12, 52), (22, 50), (46, 84), (54, 64), (62, 74), (2, 35), (71, 83), (6, 87), (5, 61), (18, 31), (37, 72), (36, 76), (19, 69), (10, 66), (80, 85), (3, 30), (26, 53), (8, 17), (39, 65), (27, 97), (28, 38), (32, 90), (4, 59), (33, 95), (15, 89), (9, 55), (45, 78), (86, 88), (48, 49), (67, 99), (42, 79), (57, 73), (94, 98), (51, 93), (14, 44), (75, 91), (13, 24)}
Згенероване вершинне покриття (C): [0, 1, 2, 3, 4, 5, 6, 7, 8, 9, 10, 12, 13, 14, 15, 16, 17, 18, 19, 21, 22, 23, 24, 25, 26, 27, 28, 29, 30, 31, 32, 33, 34, 35, 36, 37, 38, 39, 40, 41, 42, 43, 44, 45, 46, 47, 48, 49, 50, 51, 52, 53, 54, 55, 56, 57, 59, 60, 61, 62, 63, 64, 65, 66, 67, 69, 70, 71, 72, 73, 74, 75, 76, 77, 78, 79, 80, 81, 82, 83, 84, 85, 86, 87, 88, 89, 90, 91, 92, 93, 94, 95, 96, 97, 98, 99]

--- Генерація вершинного покриття (зі списку суміжності) ---
Знайдене максимальне парування (M): {(10, 37), (47, 53), (3, 7), (17, 58), (77, 81), (35, 57), (8, 18), (43, 73), (28, 94), (9, 84), (19, 30), (1, 12), (74, 91), (54, 64), (32, 88), (63, 70), (49, 86), (22, 71), (41, 48), (5, 61), (20, 25), (13, 96), (40, 95), (11, 59), (24, 56), (69, 82), (6, 93), (14, 85), (52, 72), (66, 68), (55, 92), (51, 79), (34, 97), (39, 50), (2, 65), (15, 16), (0, 89), (21, 75), (4, 62), (42, 46), (26, 31), (45, 78), (29, 33), (23, 99), (80, 90), (60, 87), (44, 76), (36, 38), (83, 98)}
Згенероване вершинне покриття (C): [0, 1, 2, 3, 4, 5, 6, 7, 8, 9, 10, 11, 12, 13, 14, 15, 16, 17, 18, 19, 20, 21, 22, 23, 24, 25, 26, 28, 29, 30, 31, 32, 33, 34, 35, 36, 37, 38, 39, 40, 41, 42, 43, 44, 45, 46, 47, 48, 49, 50, 51, 52, 53, 54, 55, 56, 57, 58, 59, 60, 61, 62, 63, 64, 65, 66, 68, 69, 70, 71, 72, 73, 74, 75, 76, 77, 78, 79, 80, 81, 82, 83, 84, 85, 86, 87, 88, 89, 90, 91, 92, 93, 94, 95, 96, 97, 98, 99]

--- Генерація вершинного покриття (зі списку суміжності) ---
Знайдене максимальне парування (M): {(24, 30), (34, 68), (37, 64), (71, 96), (25, 41), (5, 62), (23, 50), (97, 99), (43, 73), (48, 66), (35, 72), (15, 69), (3, 49), (9, 93), (76, 85), (13, 81), (1, 91), (4, 57), (29, 74), (33, 38), (19, 54), (31, 89), (51, 67), (53, 86), (12, 18), (20, 98), (52, 84), (39, 56), (36, 42), (65, 78), (0, 77), (11, 28), (40, 82), (47, 63), (79, 95), (21, 87), (7, 94), (44, 55), (14, 17), (46, 58), (2, 61), (59, 83), (8, 80), (16, 60), (27, 90), (75, 88), (6, 70), (10, 92)}
Згенероване вершинне покриття (C): [0, 1, 2, 3, 4, 5, 6, 7, 8, 9, 10, 11, 12, 13, 14, 15, 16, 17, 18, 19, 20, 21, 23, 24, 25, 27, 28, 29, 30, 31, 33, 34, 35, 36, 37, 38, 39, 40, 41, 42, 43, 44, 46, 47, 48, 49, 50, 51, 52, 53, 54, 55, 56, 57, 58, 59, 60, 61, 62, 63, 64, 65, 66, 67, 68, 69, 70, 71, 72, 73, 74, 75, 76, 77, 78, 79, 80, 81, 82, 83, 84, 85, 86, 87, 88, 89, 90, 91, 92, 93, 94, 95, 96, 97, 98, 99]

--- Генерація вершинного покриття (зі списку суміжності) ---
Знайдене максимальне парування (M): {(44, 91), (28, 52), (25, 99), (49, 90), (22, 75), (9, 57), (21, 92), (16, 50), (30, 73), (7, 47), (13, 63), (32, 64), (70, 88), (60, 89), (26, 66), (42, 84), (43, 83), (27, 40), (53, 59), (34, 55), (74, 97), (72, 81), (1, 94), (6, 17), (20, 65), (4, 69), (82, 95), (11, 71), (41, 78), (51, 76), (23, 45), (48, 62), (10, 29), (68, 86), (79, 98), (18, 85), (54, 87), (37, 80), (31, 39), (0, 3), (35, 61), (15, 46), (24, 58), (33, 67), (14, 93), (19, 77), (5, 96), (36, 38), (12, 56)}
Згенероване вершинне покриття (C): [0, 1, 3, 4, 5, 6, 7, 9, 10, 11, 12, 13, 14, 15, 16, 17, 18, 19, 20, 21, 22, 23, 24, 25, 26, 27, 28, 29, 30, 31, 32, 33, 34, 35, 36, 37, 38, 39, 40, 41, 42, 43, 44, 45, 46, 47, 48, 49, 50, 51, 52, 53, 54, 55, 56, 57, 58, 59, 60, 61, 62, 63, 64, 65, 66, 67, 68, 69, 70, 71, 72, 73, 74, 75, 76, 77, 78, 79, 80, 81, 82, 83, 84, 85, 86, 87, 88, 89, 90, 91, 92, 93, 94, 95, 96, 97, 98, 99]

--- Генерація вершинного покриття (зі списку суміжності) ---
Знайдене максимальне парування (M): {(57, 88), (68, 94), (20, 69), (36, 71), (1, 43), (82, 99), (84, 93), (23, 28), (18, 41), (51, 77), (27, 40), (2, 81), (30, 97), (45, 61), (11, 32), (34, 70), (37, 66), (4, 63), (12, 76), (47, 73), (87, 91), (6, 38), (29, 98), (22, 31), (35, 62), (3, 33), (74, 78), (10, 17), (39, 59), (0, 83), (13, 19), (9, 95), (21, 60), (8, 96), (49, 85), (15, 89), (53, 67), (26, 92), (25, 42), (65, 86), (46, 58), (5, 14), (24, 55), (50, 80), (48, 64), (54, 56), (44, 79), (16, 72), (7, 75)}
Згенероване вершинне покриття (C): [0, 1, 2, 3, 4, 5, 6, 7, 8, 9, 10, 11, 12, 13, 14, 15, 16, 17, 18, 19, 20, 21, 22, 23, 24, 25, 26, 27, 28, 29, 30, 31, 32, 33, 34, 35, 36, 37, 38, 39, 40, 41, 42, 43, 44, 45, 46, 47, 48, 49, 50, 51, 53, 54, 55, 56, 57, 58, 59, 60, 61, 62, 63, 64, 65, 66, 67, 68, 69, 70, 71, 72, 73, 74, 75, 76, 77, 78, 79, 80, 81, 82, 83, 84, 85, 86, 87, 88, 89, 91, 92, 93, 94, 95, 96, 97, 98, 99]

--- Генерація вершинного покриття (зі списку суміжності) ---
Знайдене максимальне парування (M): {(7, 17), (55, 66), (57, 97), (6, 91), (84, 90), (70, 79), (23, 92), (49, 56), (30, 76), (32, 73), (16, 62), (5, 31), (8, 24), (13, 14), (12, 52), (33, 35), (19, 45), (50, 54), (41, 51), (63, 82), (64, 74), (20, 80), (26, 99), (46, 65), (3, 27), (10, 78), (9, 25), (1, 87), (39, 71), (0, 95), (11, 34), (44, 85), (15, 89), (68, 98), (48, 83), (21, 72), (38, 94), (43, 93), (42, 58), (67, 81), (53, 88), (59, 77), (2, 61), (4, 22), (36, 96), (28, 86), (37, 40), (29, 60), (18, 69)}
Згенероване вершинне покриття (C): [0, 1, 2, 3, 4, 5, 6, 7, 8, 9, 10, 11, 12, 13, 14, 15, 16, 17, 18, 19, 20, 21, 22, 23, 24, 25, 26, 27, 28, 29, 30, 31, 32, 33, 34, 35, 36, 37, 38, 39, 40, 41, 42, 43, 44, 45, 46, 48, 49, 50, 51, 52, 53, 54, 55, 56, 57, 58, 59, 60, 61, 62, 63, 64, 65, 66, 67, 68, 69, 70, 71, 72, 73, 74, 76, 77, 78, 79, 80, 81, 82, 83, 84, 85, 86, 87, 88, 89, 90, 91, 92, 93, 94, 95, 96, 97, 98, 99]

--- Генерація вершинного покриття (зі списку суміжності) ---
Знайдене максимальне парування (M): {(6, 21), (7, 87), (55, 75), (24, 39), (3, 10), (44, 48), (22, 23), (11, 57), (51, 65), (77, 84), (60, 71), (61, 73), (50, 76), (35, 63), (69, 83), (26, 54), (47, 92), (30, 85), (2, 72), (20, 53), (34, 52), (93, 95), (19, 97), (82, 89), (16, 25), (0, 41), (5, 64), (58, 67), (1, 45), (8, 66), (15, 56), (40, 46), (12, 42), (4, 32), (13, 80), (29, 70), (74, 96), (68, 86), (38, 88), (59, 62), (33, 49), (31, 79), (18, 91), (36, 81), (78, 90), (14, 99), (17, 37), (9, 27), (28, 43)}
Згенероване вершинне покриття (C): [0, 1, 2, 3, 4, 5, 6, 7, 8, 9, 10, 11, 12, 13, 14, 15, 16, 17, 18, 19, 20, 21, 22, 23, 24, 25, 26, 27, 28, 29, 30, 31, 32, 33, 34, 35, 36, 37, 38, 39, 40, 41, 42, 43, 44, 45, 46, 47, 48, 49, 50, 51, 52, 53, 54, 55, 56, 57, 58, 59, 60, 61, 62, 63, 64, 65, 66, 67, 68, 69, 70, 71, 72, 73, 74, 75, 76, 77, 78, 79, 80, 81, 82, 83, 84, 85, 86, 87, 88, 89, 90, 91, 92, 93, 95, 96, 97, 99]

--- Генерація вершинного покриття (зі списку суміжності) ---
Знайдене максимальне парування (M): {(18, 78), (13, 33), (6, 21), (59, 64), (29, 90), (24, 39), (23, 25), (58, 83), (12, 89), (17, 79), (22, 35), (30, 82), (27, 98), (65, 91), (10, 94), (45, 55), (16, 77), (81, 84), (37, 66), (34, 73), (50, 57), (43, 51), (11, 53), (15, 41), (19, 69), (47, 85), (14, 88), (44, 71), (36, 97), (31, 52), (1, 8), (28, 93), (40, 67), (96, 99), (72, 80), (26, 92), (46, 95), (2, 49), (42, 61), (56, 87), (0, 9), (4, 86), (75, 76), (7, 54), (68, 70), (38, 60), (32, 74), (20, 48), (62, 63)}
Згенероване вершинне покриття (C): [0, 1, 2, 4, 6, 7, 8, 9, 10, 11, 12, 13, 14, 15, 16, 17, 18, 19, 20, 21, 22, 23, 24, 25, 26, 27, 28, 29, 30, 31, 32, 33, 34, 35, 36, 37, 38, 39, 40, 41, 42, 43, 44, 45, 46, 47, 48, 49, 50, 51, 52, 53, 54, 55, 56, 57, 58, 59, 60, 61, 62, 63, 64, 65, 66, 67, 68, 69, 70, 71, 72, 73, 74, 75, 76, 77, 78, 79, 80, 81, 82, 83, 84, 85, 86, 87, 88, 89, 90, 91, 92, 93, 94, 95, 96, 97, 98, 99]

--- Генерація вершинного покриття (зі списку суміжності) ---
Знайдене максимальне парування (M): {(88, 94), (71, 84), (14, 59), (29, 35), (18, 41), (53, 99), (44, 72), (3, 34), (49, 62), (8, 97), (15, 23), (56, 64), (1, 33), (32, 42), (24, 93), (27, 52), (26, 96), (73, 98), (69, 79), (11, 68), (5, 82), (22, 95), (31, 43), (16, 61), (19, 87), (45, 51), (75, 86), (7, 9), (48, 80), (13, 70), (63, 78), (25, 91), (47, 60), (81, 92), (6, 46), (30, 65), (0, 58), (89, 90), (66, 67), (17, 28), (10, 77), (21, 50), (37, 40), (20, 54), (39, 55), (36, 38), (2, 12), (57, 76), (74, 83)}
Згенероване вершинне покриття (C): [0, 1, 2, 3, 5, 6, 7, 8, 9, 10, 11, 12, 13, 14, 15, 16, 17, 18, 19, 20, 21, 22, 23, 24, 25, 26, 27, 28, 29, 30, 31, 32, 33, 34, 35, 36, 37, 38, 39, 40, 41, 42, 43, 44, 45, 46, 47, 48, 49, 50, 51, 52, 53, 54, 55, 56, 57, 58, 59, 60, 61, 62, 63, 64, 65, 66, 67, 68, 69, 70, 71, 72, 73, 74, 75, 76, 77, 78, 79, 80, 81, 82, 83, 84, 86, 87, 88, 89, 90, 91, 92, 93, 94, 95, 96, 97, 98, 99]

--- Генерація вершинного покриття (зі списку суміжності) ---
Знайдене максимальне парування (M): {(51, 99), (90, 91), (24, 88), (62, 72), (38, 87), (1, 34), (10, 49), (4, 12), (52, 55), (32, 58), (63, 95), (86, 96), (0, 5), (46, 57), (35, 60), (6, 54), (36, 37), (7, 59), (41, 85), (48, 66), (29, 65), (28, 45), (64, 68), (3, 61), (25, 40), (20, 22), (9, 56), (78, 82), (53, 92), (69, 76), (15, 50), (21, 42), (77, 98), (67, 97), (30, 81), (33, 80), (13, 74), (2, 19), (16, 70), (39, 71), (11, 43), (73, 79), (26, 31), (47, 84), (23, 44), (83, 89), (27, 93), (18, 75)}
Згенероване вершинне покриття (C): [0, 1, 2, 3, 4, 5, 6, 7, 9, 10, 11, 12, 13, 15, 16, 18, 19, 20, 21, 22, 23, 24, 25, 26, 27, 28, 29, 30, 31, 32, 33, 34, 35, 36, 37, 38, 39, 40, 41, 42, 43, 44, 45, 46, 47, 48, 49, 50, 51, 52, 53, 54, 55, 56, 57, 58, 59, 60, 61, 62, 63, 64, 65, 66, 67, 68, 69, 70, 71, 72, 73, 74, 75, 76, 77, 78, 79, 80, 81, 82, 83, 84, 85, 86, 87, 88, 89, 90, 91, 92, 93, 95, 96, 97, 98, 99]

--- Генерація вершинного покриття (зі списку суміжності) ---
Знайдене максимальне парування (M): {(16, 87), (33, 97), (32, 46), (72, 85), (23, 80), (59, 82), (15, 51), (58, 83), (24, 78), (34, 52), (11, 38), (2, 21), (88, 99), (8, 45), (22, 25), (50, 69), (0, 4), (13, 65), (3, 42), (35, 77), (43, 84), (40, 64), (74, 90), (7, 67), (12, 60), (47, 63), (29, 79), (31, 76), (27, 57), (68, 95), (6, 89), (81, 92), (70, 71), (30, 37), (9, 55), (86, 91), (41, 53), (44, 61), (20, 39), (17, 28), (5, 26), (36, 93), (49, 66), (1, 10), (75, 94), (48, 73), (96, 98), (54, 62), (14, 56)}
Згенероване вершинне покриття (C): [0, 1, 2, 3, 4, 5, 6, 7, 8, 9, 10, 11, 12, 13, 14, 15, 16, 17, 20, 21, 22, 23, 24, 25, 26, 27, 28, 29, 30, 31, 32, 33, 34, 35, 36, 37, 38, 39, 40, 41, 42, 43, 44, 45, 46, 47, 48, 49, 50, 51, 52, 53, 54, 55, 56, 57, 58, 59, 60, 61, 62, 63, 64, 65, 66, 67, 68, 69, 70, 71, 72, 73, 74, 75, 76, 77, 78, 79, 80, 81, 82, 83, 84, 85, 86, 87, 88, 89, 90, 91, 92, 93, 94, 95, 96, 97, 98, 99]

--- Генерація вершинного покриття (зі списку суміжності) ---
Знайдене максимальне парування (M): {(29, 72), (51, 53), (46, 91), (37, 67), (73, 90), (41, 55), (4, 21), (20, 35), (12, 86), (17, 76), (27, 80), (56, 95), (74, 82), (34, 98), (49, 62), (50, 94), (14, 43), (31, 65), (9, 38), (23, 61), (19, 97), (57, 87), (1, 39), (71, 92), (15, 93), (59, 81), (44, 68), (11, 28), (54, 63), (10, 32), (2, 83), (85, 99), (79, 89), (25, 33), (7, 30), (58, 66), (3, 8), (16, 42), (47, 69), (6, 40), (45, 84), (22, 88), (52, 77), (18, 48), (24, 64), (5, 26), (0, 70), (60, 96)}
Згенероване вершинне покриття (C): [0, 1, 2, 3, 4, 5, 6, 7, 8, 9, 10, 11, 12, 14, 15, 16, 17, 18, 19, 20, 21, 22, 23, 24, 25, 26, 27, 28, 29, 30, 31, 32, 33, 34, 35, 37, 38, 39, 40, 41, 42, 43, 44, 45, 46, 47, 48, 49, 50, 51, 52, 53, 54, 55, 56, 57, 58, 59, 60, 61, 62, 63, 64, 65, 66, 67, 68, 69, 70, 71, 72, 73, 74, 76, 77, 79, 80, 81, 82, 83, 84, 85, 86, 87, 88, 89, 90, 91, 92, 93, 94, 95, 96, 97, 98, 99]

--- Генерація вершинного покриття (зі списку суміжності) ---
Знайдене максимальне парування (M): {(30, 98), (49, 81), (66, 97), (25, 93), (15, 39), (62, 90), (45, 80), (21, 86), (77, 84), (4, 79), (41, 70), (8, 12), (10, 82), (31, 50), (43, 76), (24, 78), (47, 58), (11, 99), (36, 55), (20, 71), (37, 75), (32, 60), (56, 91), (9, 28), (6, 59), (94, 96), (16, 73), (17, 38), (19, 29), (68, 74), (2, 83), (63, 69), (23, 51), (42, 89), (13, 34), (40, 85), (1, 44), (7, 33), (3, 14), (61, 65), (35, 52), (72, 95), (18, 54), (46, 64), (5, 87), (26, 67), (22, 48), (53, 57), (0, 27)}
Згенероване вершинне покриття (C): [0, 1, 2, 3, 4, 5, 6, 7, 8, 9, 10, 11, 12, 13, 14, 15, 16, 17, 18, 19, 20, 21, 22, 23, 24, 25, 26, 27, 28, 29, 30, 31, 32, 33, 34, 35, 36, 37, 38, 39, 40, 41, 42, 43, 44, 45, 46, 47, 48, 49, 50, 51, 52, 53, 54, 55, 56, 57, 58, 59, 60, 61, 62, 63, 64, 65, 66, 67, 68, 69, 70, 71, 72, 73, 74, 75, 76, 77, 78, 79, 80, 81, 82, 83, 84, 85, 86, 87, 89, 90, 91, 93, 94, 95, 96, 97, 98, 99]

Середній час виконання: 0.0002696562 секунд
