
--- Генерація вершинного покриття (зі списку суміжності) ---
Знайдене максимальне парування (M): {(21, 65), (59, 61), (1, 46), (41, 58), (3, 71), (38, 47), (51, 62), (42, 72), (0, 14), (28, 45), (25, 31), (11, 50), (32, 48), (29, 52), (13, 68), (40, 67), (20, 64), (4, 53), (15, 22), (24, 34), (18, 30), (26, 37), (27, 63), (5, 57), (36, 69), (35, 55), (8, 16), (7, 54), (66, 73), (23, 44), (2, 6), (49, 60), (9, 33), (12, 56), (39, 70), (17, 43)}
Згенероване вершинне покриття (C): [0, 1, 2, 3, 4, 5, 6, 7, 8, 9, 11, 12, 13, 14, 15, 16, 17, 18, 20, 21, 22, 23, 24, 25, 26, 27, 28, 29, 30, 31, 32, 33, 34, 35, 36, 37, 38, 39, 40, 41, 42, 43, 44, 45, 46, 47, 48, 49, 50, 51, 52, 53, 54, 55, 56, 57, 58, 59, 60, 61, 62, 63, 64, 65, 66, 67, 68, 69, 70, 71, 72, 73]

--- Генерація вершинного покриття (зі списку суміжності) ---
Знайдене максимальне парування (M): {(64, 69), (0, 39), (44, 45), (58, 71), (14, 16), (11, 57), (18, 38), (46, 54), (5, 25), (4, 27), (2, 66), (28, 42), (10, 36), (13, 35), (51, 52), (3, 6), (17, 63), (48, 53), (33, 62), (31, 34), (32, 72), (1, 8), (29, 70), (40, 67), (22, 55), (12, 60), (30, 47), (41, 65), (26, 49), (43, 59), (15, 61), (9, 24), (21, 50), (68, 73), (23, 56), (19, 37)}
Згенероване вершинне покриття (C): [0, 1, 2, 3, 4, 5, 6, 8, 9, 10, 11, 12, 13, 14, 15, 16, 17, 18, 19, 21, 22, 23, 24, 25, 26, 27, 28, 29, 30, 31, 32, 33, 34, 35, 36, 37, 38, 39, 40, 41, 42, 43, 44, 45, 46, 47, 48, 49, 50, 51, 52, 53, 54, 55, 56, 57, 58, 59, 60, 61, 62, 63, 64, 65, 66, 67, 68, 69, 70, 71, 72, 73]

--- Генерація вершинного покриття (зі списку суміжності) ---
Знайдене максимальне парування (M): {(58, 65), (14, 68), (3, 71), (43, 52), (25, 53), (46, 57), (7, 50), (5, 28), (66, 72), (26, 69), (4, 42), (34, 55), (13, 32), (30, 63), (8, 60), (15, 41), (2, 56), (0, 59), (12, 27), (49, 70), (38, 67), (37, 47), (19, 35), (1, 23), (39, 62), (29, 73), (6, 16), (10, 44), (51, 54), (9, 61), (20, 24), (11, 64), (17, 74), (22, 33), (40, 48), (31, 45)}
Згенероване вершинне покриття (C): [0, 1, 2, 3, 4, 5, 6, 7, 8, 9, 10, 11, 12, 13, 14, 15, 16, 17, 19, 20, 22, 23, 24, 25, 26, 27, 28, 29, 30, 31, 32, 33, 34, 35, 37, 38, 39, 40, 41, 42, 43, 44, 45, 46, 47, 48, 49, 50, 51, 52, 53, 54, 55, 56, 57, 58, 59, 60, 61, 62, 63, 64, 65, 66, 67, 68, 69, 70, 71, 72, 73, 74]

--- Генерація вершинного покриття (зі списку суміжності) ---
Знайдене максимальне парування (M): {(53, 72), (10, 34), (15, 24), (18, 26), (33, 45), (37, 73), (25, 47), (60, 62), (58, 74), (46, 63), (66, 69), (9, 20), (14, 43), (22, 56), (11, 35), (0, 32), (17, 48), (19, 54), (5, 6), (2, 59), (3, 30), (40, 61), (23, 51), (29, 67), (7, 12), (39, 71), (64, 70), (42, 49), (44, 52), (28, 68), (1, 50), (8, 65), (13, 55), (31, 36), (21, 41), (16, 57), (27, 38)}
Згенероване вершинне покриття (C): [0, 1, 2, 3, 5, 6, 7, 8, 9, 10, 11, 12, 13, 14, 15, 16, 17, 18, 19, 20, 21, 22, 23, 24, 25, 26, 27, 28, 29, 30, 31, 32, 33, 34, 35, 36, 37, 38, 39, 40, 41, 42, 43, 44, 45, 46, 47, 48, 49, 50, 51, 52, 53, 54, 55, 56, 57, 58, 59, 60, 61, 62, 63, 64, 65, 66, 67, 68, 69, 70, 71, 72, 73, 74]

--- Генерація вершинного покриття (зі списку суміжності) ---
Знайдене максимальне парування (M): {(13, 30), (28, 55), (50, 58), (33, 48), (17, 40), (18, 32), (41, 64), (2, 69), (29, 65), (63, 70), (16, 49), (11, 62), (7, 43), (46, 53), (19, 72), (34, 36), (39, 56), (12, 54), (14, 45), (23, 66), (24, 31), (3, 60), (1, 38), (37, 71), (21, 26), (61, 68), (4, 74), (44, 52), (10, 59), (42, 67), (25, 57), (0, 9), (8, 22), (27, 35), (15, 73), (5, 47)}
Згенероване вершинне покриття (C): [0, 1, 2, 3, 4, 5, 7, 8, 9, 10, 11, 12, 13, 14, 15, 16, 17, 18, 19, 21, 22, 23, 24, 25, 26, 27, 28, 29, 30, 31, 32, 33, 34, 35, 36, 37, 38, 39, 40, 41, 42, 43, 44, 45, 46, 47, 48, 49, 50, 52, 53, 54, 55, 56, 57, 58, 59, 60, 61, 62, 63, 64, 65, 66, 67, 68, 69, 70, 71, 72, 73, 74]

--- Генерація вершинного покриття (зі списку суміжності) ---
Знайдене максимальне парування (M): {(36, 56), (10, 37), (32, 34), (47, 65), (5, 62), (35, 45), (58, 71), (4, 70), (6, 42), (48, 51), (19, 67), (40, 41), (0, 8), (63, 64), (27, 46), (15, 23), (7, 74), (24, 29), (17, 66), (3, 12), (69, 73), (49, 52), (9, 16), (11, 22), (13, 28), (30, 50), (59, 68), (20, 21), (2, 43), (14, 72), (38, 39), (44, 55), (33, 61), (25, 57), (1, 53), (31, 54), (18, 60)}
Згенероване вершинне покриття (C): [0, 1, 2, 3, 4, 5, 6, 7, 8, 9, 10, 11, 12, 13, 14, 15, 16, 17, 18, 19, 20, 21, 22, 23, 24, 25, 27, 28, 29, 30, 31, 32, 33, 34, 35, 36, 37, 38, 39, 40, 41, 42, 43, 44, 45, 46, 47, 48, 49, 50, 51, 52, 53, 54, 55, 56, 57, 58, 59, 60, 61, 62, 63, 64, 65, 66, 67, 68, 69, 70, 71, 72, 73, 74]

--- Генерація вершинного покриття (зі списку суміжності) ---
Знайдене максимальне парування (M): {(16, 26), (13, 27), (1, 37), (59, 70), (6, 24), (67, 71), (3, 74), (5, 19), (18, 56), (7, 62), (12, 46), (10, 42), (30, 48), (61, 63), (2, 41), (32, 54), (8, 60), (22, 28), (0, 68), (43, 72), (4, 23), (34, 36), (25, 73), (17, 35), (39, 65), (31, 64), (14, 57), (33, 40), (50, 53), (11, 52), (9, 58), (21, 38), (15, 55), (20, 51), (45, 47), (49, 69), (29, 66)}
Згенероване вершинне покриття (C): [0, 1, 2, 3, 4, 5, 6, 7, 8, 9, 10, 11, 12, 13, 14, 15, 16, 17, 18, 19, 20, 21, 22, 23, 24, 25, 26, 27, 28, 29, 30, 31, 32, 33, 34, 35, 36, 37, 38, 39, 40, 41, 42, 43, 45, 46, 47, 48, 49, 50, 51, 52, 53, 54, 55, 56, 57, 58, 59, 60, 61, 62, 63, 64, 65, 66, 67, 68, 69, 70, 71, 72, 73, 74]

--- Генерація вершинного покриття (зі списку суміжності) ---
Знайдене максимальне парування (M): {(9, 45), (1, 31), (15, 27), (41, 58), (33, 48), (67, 74), (20, 29), (22, 32), (18, 50), (14, 40), (13, 72), (23, 52), (12, 59), (19, 36), (54, 73), (28, 60), (21, 42), (10, 66), (0, 71), (7, 55), (56, 57), (5, 51), (16, 24), (35, 37), (17, 53), (4, 65), (8, 62), (43, 68), (46, 64), (26, 61), (38, 63), (3, 44), (2, 70), (49, 69), (30, 34)}
Згенероване вершинне покриття (C): [0, 1, 2, 3, 4, 5, 7, 8, 9, 10, 12, 13, 14, 15, 16, 17, 18, 19, 20, 21, 22, 23, 24, 26, 27, 28, 29, 30, 31, 32, 33, 34, 35, 36, 37, 38, 40, 41, 42, 43, 44, 45, 46, 48, 49, 50, 51, 52, 53, 54, 55, 56, 57, 58, 59, 60, 61, 62, 63, 64, 65, 66, 67, 68, 69, 70, 71, 72, 73, 74]

--- Генерація вершинного покриття (зі списку суміжності) ---
Знайдене максимальне парування (M): {(18, 72), (0, 30), (12, 65), (19, 46), (3, 10), (32, 55), (2, 60), (40, 50), (7, 71), (17, 45), (36, 52), (11, 38), (24, 29), (23, 67), (5, 61), (14, 70), (15, 35), (33, 56), (27, 73), (22, 49), (54, 57), (39, 62), (4, 44), (34, 66), (47, 63), (43, 53), (16, 42), (58, 69), (6, 37), (9, 21), (41, 74), (20, 51), (1, 68), (8, 28), (48, 64), (25, 26)}
Згенероване вершинне покриття (C): [0, 1, 2, 3, 4, 5, 6, 7, 8, 9, 10, 11, 12, 14, 15, 16, 17, 18, 19, 20, 21, 22, 23, 24, 25, 26, 27, 28, 29, 30, 32, 33, 34, 35, 36, 37, 38, 39, 40, 41, 42, 43, 44, 45, 46, 47, 48, 49, 50, 51, 52, 53, 54, 55, 56, 57, 58, 60, 61, 62, 63, 64, 65, 66, 67, 68, 69, 70, 71, 72, 73, 74]

--- Генерація вершинного покриття (зі списку суміжності) ---
Знайдене максимальне парування (M): {(45, 62), (20, 69), (16, 29), (15, 27), (24, 36), (19, 55), (9, 60), (25, 50), (6, 48), (8, 21), (44, 72), (18, 59), (38, 68), (54, 61), (40, 74), (28, 63), (2, 53), (11, 65), (4, 35), (3, 33), (31, 58), (34, 51), (10, 32), (7, 12), (41, 56), (0, 52), (26, 43), (42, 67), (5, 17), (22, 39), (13, 64), (49, 57), (66, 73), (46, 70), (1, 71), (14, 47), (30, 37)}
Згенероване вершинне покриття (C): [0, 1, 2, 3, 4, 5, 6, 7, 8, 9, 10, 11, 12, 13, 14, 15, 16, 17, 18, 19, 20, 21, 22, 24, 25, 26, 27, 28, 29, 30, 31, 32, 33, 34, 35, 36, 37, 38, 39, 40, 41, 42, 43, 44, 45, 46, 47, 48, 49, 50, 51, 52, 53, 54, 55, 56, 57, 58, 59, 60, 61, 62, 63, 64, 65, 66, 67, 68, 69, 70, 71, 72, 73, 74]

--- Генерація вершинного покриття (зі списку суміжності) ---
Знайдене максимальне парування (M): {(27, 47), (30, 58), (35, 42), (3, 22), (31, 38), (26, 60), (12, 49), (4, 45), (62, 68), (54, 64), (25, 28), (10, 51), (9, 53), (14, 18), (15, 44), (7, 40), (24, 59), (48, 50), (39, 67), (23, 63), (19, 41), (37, 65), (2, 43), (32, 56), (11, 61), (29, 36), (17, 71), (6, 46), (5, 72), (13, 55), (52, 74), (57, 70), (0, 21), (16, 69), (20, 66)}
Згенероване вершинне покриття (C): [0, 2, 3, 4, 5, 6, 7, 9, 10, 11, 12, 13, 14, 15, 16, 17, 18, 19, 20, 21, 22, 23, 24, 25, 26, 27, 28, 29, 30, 31, 32, 35, 36, 37, 38, 39, 40, 41, 42, 43, 44, 45, 46, 47, 48, 49, 50, 51, 52, 53, 54, 55, 56, 57, 58, 59, 60, 61, 62, 63, 64, 65, 66, 67, 68, 69, 70, 71, 72, 74]

--- Генерація вершинного покриття (зі списку суміжності) ---
Знайдене максимальне парування (M): {(27, 53), (10, 43), (24, 42), (30, 55), (16, 41), (46, 48), (11, 66), (0, 5), (26, 54), (1, 70), (29, 56), (62, 68), (2, 20), (15, 17), (32, 33), (60, 61), (4, 8), (18, 31), (58, 73), (22, 25), (7, 40), (19, 72), (6, 50), (57, 71), (13, 74), (28, 44), (36, 51), (9, 37), (64, 67), (12, 69), (52, 65), (14, 23), (3, 35), (34, 38), (49, 63), (45, 47), (21, 59)}
Згенероване вершинне покриття (C): [0, 1, 2, 3, 4, 5, 6, 7, 8, 9, 10, 11, 12, 13, 14, 15, 16, 17, 18, 19, 20, 21, 22, 23, 24, 25, 26, 27, 28, 29, 30, 31, 32, 33, 34, 35, 36, 37, 38, 40, 41, 42, 43, 44, 45, 46, 47, 48, 49, 50, 51, 52, 53, 54, 55, 56, 57, 58, 59, 60, 61, 62, 63, 64, 65, 66, 67, 68, 69, 70, 71, 72, 73, 74]

--- Генерація вершинного покриття (зі списку суміжності) ---
Знайдене максимальне парування (M): {(56, 62), (24, 36), (50, 58), (14, 16), (8, 64), (44, 60), (68, 72), (12, 43), (25, 74), (26, 69), (27, 34), (3, 49), (6, 11), (13, 32), (19, 63), (51, 67), (4, 23), (22, 46), (5, 33), (57, 71), (28, 35), (15, 65), (37, 47), (21, 66), (17, 41), (9, 40), (2, 31), (1, 38), (30, 53), (52, 59), (0, 61), (7, 45), (42, 73), (18, 54), (29, 48), (39, 70)}
Згенероване вершинне покриття (C): [0, 1, 2, 3, 4, 5, 6, 7, 8, 9, 11, 12, 13, 14, 15, 16, 17, 18, 19, 21, 22, 23, 24, 25, 26, 27, 28, 29, 30, 31, 32, 33, 34, 35, 36, 37, 38, 39, 40, 41, 42, 43, 44, 45, 46, 47, 48, 49, 50, 51, 52, 53, 54, 56, 57, 58, 59, 60, 61, 62, 63, 64, 65, 66, 67, 68, 69, 70, 71, 72, 73, 74]

--- Генерація вершинного покриття (зі списку суміжності) ---
Знайдене максимальне парування (M): {(3, 65), (13, 45), (20, 26), (4, 21), (51, 62), (14, 22), (16, 53), (18, 56), (1, 70), (5, 28), (49, 68), (8, 24), (2, 17), (34, 52), (41, 42), (36, 64), (25, 37), (50, 60), (6, 29), (19, 66), (9, 71), (32, 72), (10, 11), (33, 74), (31, 46), (39, 59), (30, 47), (27, 57), (55, 73), (23, 35), (0, 67), (40, 48), (15, 61), (38, 63), (12, 44), (7, 69)}
Згенероване вершинне покриття (C): [0, 1, 2, 3, 4, 5, 6, 7, 8, 9, 10, 11, 12, 13, 14, 15, 16, 17, 18, 19, 20, 21, 22, 23, 24, 25, 26, 27, 28, 29, 30, 31, 32, 33, 34, 35, 36, 37, 38, 39, 40, 41, 42, 44, 45, 46, 47, 48, 49, 50, 51, 52, 53, 55, 56, 57, 59, 60, 61, 62, 63, 64, 65, 66, 67, 68, 69, 70, 71, 72, 73, 74]

--- Генерація вершинного покриття (зі списку суміжності) ---
Знайдене максимальне парування (M): {(33, 42), (26, 27), (6, 30), (21, 22), (25, 50), (16, 41), (11, 72), (39, 57), (63, 64), (23, 58), (10, 36), (51, 55), (15, 29), (44, 47), (5, 67), (20, 37), (8, 14), (13, 71), (28, 38), (3, 48), (7, 12), (31, 73), (2, 40), (59, 62), (34, 69), (19, 53), (35, 43), (60, 66), (61, 65), (46, 52), (9, 70), (18, 54), (1, 68), (32, 74), (0, 24), (45, 56), (17, 49)}
Згенероване вершинне покриття (C): [0, 1, 2, 3, 5, 6, 7, 8, 9, 10, 11, 12, 13, 14, 15, 16, 17, 18, 19, 20, 21, 22, 23, 24, 25, 26, 27, 28, 29, 30, 31, 32, 33, 34, 35, 36, 37, 38, 39, 40, 41, 42, 43, 44, 45, 46, 47, 48, 49, 50, 51, 52, 53, 54, 55, 56, 57, 58, 59, 60, 61, 62, 63, 64, 65, 66, 67, 68, 69, 70, 71, 72, 73, 74]

--- Генерація вершинного покриття (зі списку суміжності) ---
Знайдене максимальне парування (M): {(0, 30), (44, 54), (25, 50), (24, 48), (19, 58), (15, 51), (7, 47), (1, 61), (20, 38), (41, 73), (57, 66), (36, 37), (6, 63), (16, 71), (11, 32), (3, 55), (13, 29), (21, 67), (42, 56), (4, 14), (27, 64), (17, 69), (52, 60), (12, 33), (18, 46), (26, 62), (28, 35), (34, 45), (53, 70), (23, 72), (43, 68), (39, 49), (2, 9), (65, 74), (10, 22), (8, 40)}
Згенероване вершинне покриття (C): [0, 1, 2, 3, 4, 6, 7, 8, 9, 10, 11, 12, 13, 14, 15, 16, 17, 18, 19, 20, 21, 22, 23, 24, 25, 26, 27, 28, 29, 30, 32, 33, 34, 35, 36, 37, 38, 39, 40, 41, 42, 43, 44, 45, 46, 47, 48, 49, 50, 51, 52, 53, 54, 55, 56, 57, 58, 60, 61, 62, 63, 64, 65, 66, 67, 68, 69, 70, 71, 72, 73, 74]

--- Генерація вершинного покриття (зі списку суміжності) ---
Знайдене максимальне парування (M): {(17, 52), (38, 41), (32, 61), (42, 69), (1, 55), (24, 63), (7, 44), (16, 59), (10, 12), (4, 30), (39, 54), (29, 53), (5, 31), (25, 74), (62, 65), (14, 43), (27, 34), (22, 68), (0, 47), (70, 72), (35, 50), (26, 56), (3, 33), (9, 28), (23, 45), (20, 58), (21, 51), (2, 19), (64, 67), (11, 49), (36, 66), (37, 71), (6, 46), (18, 48), (13, 73), (40, 57)}
Згенероване вершинне покриття (C): [0, 1, 2, 3, 4, 5, 6, 7, 9, 10, 11, 12, 13, 14, 16, 17, 18, 19, 20, 21, 22, 23, 24, 25, 26, 27, 28, 29, 30, 31, 32, 33, 34, 35, 36, 37, 38, 39, 40, 41, 42, 43, 44, 45, 46, 47, 48, 49, 50, 51, 52, 53, 54, 55, 56, 57, 58, 59, 61, 62, 63, 64, 65, 66, 67, 68, 69, 70, 71, 72, 73, 74]

--- Генерація вершинного покриття (зі списку суміжності) ---
Знайдене максимальне парування (M): {(7, 17), (2, 42), (4, 12), (36, 71), (25, 47), (8, 15), (16, 68), (48, 72), (3, 49), (18, 65), (10, 39), (41, 45), (33, 59), (11, 62), (1, 63), (38, 55), (22, 40), (19, 26), (31, 61), (9, 34), (14, 54), (53, 64), (20, 70), (28, 56), (0, 37), (30, 50), (21, 23), (44, 52), (27, 69), (51, 66), (6, 43), (13, 58), (24, 73), (32, 74), (57, 67), (5, 35), (29, 60)}
Згенероване вершинне покриття (C): [0, 1, 2, 3, 4, 5, 6, 7, 8, 9, 10, 11, 12, 13, 14, 15, 16, 17, 18, 19, 20, 21, 22, 23, 24, 25, 26, 27, 28, 29, 30, 31, 32, 33, 34, 35, 36, 37, 38, 39, 40, 41, 42, 43, 44, 45, 47, 48, 49, 50, 51, 52, 53, 54, 55, 56, 57, 58, 59, 60, 61, 62, 63, 64, 65, 66, 67, 68, 69, 70, 71, 72, 73, 74]

--- Генерація вершинного покриття (зі списку суміжності) ---
Знайдене максимальне парування (M): {(16, 26), (22, 69), (5, 62), (20, 32), (42, 60), (3, 74), (1, 52), (11, 14), (25, 68), (28, 39), (8, 51), (47, 67), (30, 63), (43, 48), (23, 24), (0, 56), (9, 10), (18, 49), (46, 53), (65, 66), (41, 72), (2, 7), (27, 33), (31, 55), (45, 54), (17, 38), (4, 50), (64, 73), (37, 71), (19, 59), (15, 40), (57, 58), (12, 29), (34, 35), (21, 44), (6, 61), (13, 70)}
Згенероване вершинне покриття (C): [0, 1, 2, 3, 4, 5, 6, 7, 8, 9, 10, 11, 12, 13, 14, 15, 16, 17, 18, 19, 20, 21, 22, 23, 24, 25, 26, 27, 28, 29, 30, 31, 32, 33, 34, 35, 37, 38, 39, 40, 41, 42, 43, 44, 45, 46, 47, 48, 49, 50, 51, 52, 53, 54, 55, 56, 57, 58, 59, 60, 61, 62, 63, 64, 65, 66, 67, 68, 69, 70, 71, 72, 73, 74]

--- Генерація вершинного покриття (зі списку суміжності) ---
Знайдене максимальне парування (M): {(59, 70), (1, 58), (8, 12), (38, 53), (7, 56), (2, 69), (9, 20), (66, 72), (26, 60), (34, 52), (28, 39), (19, 42), (13, 29), (41, 51), (32, 45), (11, 44), (31, 37), (23, 27), (46, 62), (24, 71), (40, 55), (15, 65), (5, 36), (54, 57), (48, 74), (17, 50), (64, 67), (6, 25), (18, 30), (21, 47), (3, 35), (68, 73), (16, 63), (10, 22), (0, 33)}
Згенероване вершинне покриття (C): [0, 1, 2, 3, 5, 6, 7, 8, 9, 10, 11, 12, 13, 15, 16, 17, 18, 19, 20, 21, 22, 23, 24, 25, 26, 27, 28, 29, 30, 31, 32, 33, 34, 35, 36, 37, 38, 39, 40, 41, 42, 44, 45, 46, 47, 48, 50, 51, 52, 53, 54, 55, 56, 57, 58, 59, 60, 62, 63, 64, 65, 66, 67, 68, 69, 70, 71, 72, 73, 74]

--- Генерація вершинного покриття (зі списку суміжності) ---
Знайдене максимальне парування (M): {(6, 12), (10, 40), (0, 39), (25, 41), (8, 61), (3, 16), (2, 48), (50, 67), (32, 70), (46, 66), (68, 69), (13, 14), (45, 58), (53, 65), (31, 74), (26, 35), (21, 24), (60, 64), (7, 43), (1, 63), (37, 38), (47, 54), (30, 44), (17, 56), (15, 22), (59, 62), (27, 57), (4, 19), (33, 55), (5, 72), (23, 29), (20, 42), (49, 51), (11, 18), (28, 34), (9, 36)}
Згенероване вершинне покриття (C): [0, 1, 2, 3, 4, 5, 6, 7, 8, 9, 10, 11, 12, 13, 14, 15, 16, 17, 18, 19, 20, 21, 22, 23, 24, 25, 26, 27, 28, 29, 30, 31, 32, 33, 34, 35, 36, 37, 38, 39, 40, 41, 42, 43, 44, 45, 46, 47, 48, 49, 50, 51, 53, 54, 55, 56, 57, 58, 59, 60, 61, 62, 63, 64, 65, 66, 67, 68, 69, 70, 72, 74]

--- Генерація вершинного покриття (зі списку суміжності) ---
Знайдене максимальне парування (M): {(29, 72), (32, 46), (21, 25), (16, 44), (11, 63), (22, 35), (4, 30), (6, 66), (18, 71), (54, 70), (1, 24), (62, 74), (42, 47), (60, 61), (51, 58), (7, 31), (9, 56), (17, 69), (27, 73), (20, 40), (8, 14), (57, 68), (3, 36), (5, 45), (10, 38), (28, 59), (33, 52), (12, 23), (26, 34), (41, 53), (50, 65), (15, 43), (2, 55), (39, 49), (13, 64), (48, 67), (19, 37)}
Згенероване вершинне покриття (C): [1, 2, 3, 4, 5, 6, 7, 8, 9, 10, 11, 12, 13, 14, 15, 16, 17, 18, 19, 20, 21, 22, 23, 24, 25, 26, 27, 28, 29, 30, 31, 32, 33, 34, 35, 36, 37, 38, 39, 40, 41, 42, 43, 44, 45, 46, 47, 48, 49, 50, 51, 52, 53, 54, 55, 56, 57, 58, 59, 60, 61, 62, 63, 64, 65, 66, 67, 68, 69, 70, 71, 72, 73, 74]

--- Генерація вершинного покриття (зі списку суміжності) ---
Знайдене максимальне парування (M): {(34, 74), (30, 61), (1, 6), (12, 43), (53, 56), (37, 39), (62, 68), (8, 36), (5, 49), (10, 27), (33, 44), (11, 41), (16, 25), (28, 66), (26, 47), (65, 69), (0, 13), (21, 57), (23, 54), (14, 51), (29, 58), (19, 38), (20, 70), (63, 72), (7, 15), (2, 40), (22, 24), (48, 52), (31, 42), (32, 71), (35, 67), (46, 73), (55, 60), (3, 50), (45, 59)}
Згенероване вершинне покриття (C): [0, 1, 2, 3, 5, 6, 7, 8, 10, 11, 12, 13, 14, 15, 16, 19, 20, 21, 22, 23, 24, 25, 26, 27, 28, 29, 30, 31, 32, 33, 34, 35, 36, 37, 38, 39, 40, 41, 42, 43, 44, 45, 46, 47, 48, 49, 50, 51, 52, 53, 54, 55, 56, 57, 58, 59, 60, 61, 62, 63, 65, 66, 67, 68, 69, 70, 71, 72, 73, 74]

--- Генерація вершинного покриття (зі списку суміжності) ---
Знайдене максимальне парування (M): {(58, 62), (10, 52), (11, 51), (5, 65), (25, 50), (38, 47), (49, 56), (35, 66), (1, 3), (26, 69), (15, 72), (53, 68), (64, 74), (41, 54), (7, 28), (4, 8), (12, 21), (0, 59), (60, 73), (32, 63), (31, 37), (14, 27), (23, 39), (2, 71), (16, 67), (45, 57), (20, 70), (6, 19), (43, 44), (18, 33), (13, 46), (29, 36), (40, 42), (22, 24), (48, 61), (17, 34), (9, 30)}
Згенероване вершинне покриття (C): [0, 1, 2, 3, 4, 5, 6, 7, 8, 9, 10, 11, 12, 13, 14, 15, 16, 17, 18, 19, 20, 21, 22, 23, 24, 25, 26, 27, 28, 29, 30, 31, 32, 33, 34, 35, 36, 37, 38, 39, 40, 41, 42, 43, 44, 45, 46, 47, 48, 49, 50, 51, 52, 53, 54, 56, 57, 58, 59, 60, 61, 62, 63, 64, 65, 66, 67, 68, 69, 70, 71, 72, 73, 74]

--- Генерація вершинного покриття (зі списку суміжності) ---
Знайдене максимальне парування (M): {(0, 30), (34, 62), (12, 74), (24, 51), (52, 70), (18, 41), (32, 67), (40, 59), (49, 71), (6, 60), (39, 66), (17, 48), (37, 57), (47, 61), (50, 54), (15, 29), (26, 35), (4, 69), (7, 31), (58, 73), (44, 53), (9, 16), (1, 63), (21, 45), (14, 33), (19, 23), (22, 46), (2, 10), (55, 64), (25, 42), (56, 72), (20, 36), (8, 13), (3, 38), (28, 43)}
Згенероване вершинне покриття (C): [0, 1, 2, 3, 4, 6, 7, 8, 9, 10, 12, 13, 14, 15, 16, 17, 18, 19, 20, 21, 22, 23, 24, 25, 26, 28, 29, 30, 31, 32, 33, 34, 35, 36, 37, 38, 39, 40, 41, 42, 43, 44, 45, 46, 47, 48, 49, 50, 51, 52, 53, 54, 55, 56, 57, 58, 59, 60, 61, 62, 63, 64, 66, 67, 69, 70, 71, 72, 73, 74]

--- Генерація вершинного покриття (зі списку суміжності) ---
Знайдене максимальне парування (M): {(33, 45), (6, 30), (52, 55), (5, 7), (2, 54), (44, 66), (8, 12), (4, 27), (43, 67), (20, 47), (48, 63), (16, 56), (23, 46), (0, 26), (24, 72), (41, 57), (31, 37), (29, 49), (35, 62), (3, 36), (40, 61), (19, 32), (39, 71), (13, 25), (10, 50), (17, 65), (18, 42), (28, 74), (9, 73), (1, 59), (15, 58), (51, 69), (68, 70), (11, 21), (14, 38), (53, 60)}
Згенероване вершинне покриття (C): [0, 1, 2, 3, 4, 5, 6, 7, 8, 9, 10, 11, 12, 13, 14, 15, 16, 17, 18, 19, 20, 21, 23, 24, 25, 26, 27, 28, 29, 30, 31, 32, 33, 35, 36, 37, 38, 39, 40, 41, 42, 43, 44, 45, 46, 47, 48, 49, 50, 51, 52, 53, 54, 55, 56, 57, 58, 59, 60, 61, 62, 63, 65, 66, 67, 68, 69, 70, 71, 72, 73, 74]

--- Генерація вершинного покриття (зі списку суміжності) ---
Знайдене максимальне парування (M): {(10, 40), (23, 71), (8, 46), (47, 62), (4, 9), (41, 55), (32, 64), (33, 69), (0, 11), (31, 68), (6, 20), (29, 74), (5, 61), (16, 34), (3, 18), (19, 60), (1, 48), (12, 30), (50, 72), (14, 24), (2, 59), (43, 66), (21, 39), (54, 57), (36, 45), (56, 63), (53, 70), (25, 27), (22, 67), (15, 37), (38, 42), (28, 65), (26, 58), (7, 51), (35, 73), (17, 49)}
Згенероване вершинне покриття (C): [0, 1, 2, 3, 4, 5, 6, 7, 8, 9, 10, 11, 12, 14, 15, 16, 17, 18, 19, 20, 21, 22, 23, 24, 25, 26, 27, 28, 29, 30, 31, 32, 33, 34, 35, 36, 37, 38, 39, 40, 41, 42, 43, 45, 46, 47, 48, 49, 50, 51, 53, 54, 55, 56, 57, 58, 59, 60, 61, 62, 63, 64, 65, 66, 67, 68, 69, 70, 71, 72, 73, 74]

--- Генерація вершинного покриття (зі списку суміжності) ---
Знайдене максимальне парування (M): {(16, 32), (2, 45), (51, 56), (20, 47), (27, 34), (12, 64), (59, 63), (23, 73), (11, 44), (9, 53), (61, 66), (41, 69), (43, 60), (29, 49), (57, 71), (6, 19), (7, 24), (58, 72), (4, 10), (21, 26), (18, 33), (8, 65), (38, 48), (42, 67), (46, 55), (30, 74), (22, 36), (39, 52), (17, 31), (15, 70), (5, 35), (28, 40), (1, 25), (14, 50), (54, 68)}
Згенероване вершинне покриття (C): [1, 2, 4, 5, 6, 7, 8, 9, 10, 11, 12, 14, 15, 16, 17, 18, 19, 20, 21, 22, 23, 24, 25, 26, 27, 28, 29, 30, 31, 32, 33, 34, 35, 36, 38, 39, 40, 41, 42, 43, 44, 45, 46, 47, 48, 49, 50, 51, 52, 53, 54, 55, 56, 57, 58, 59, 60, 61, 63, 64, 65, 66, 67, 68, 69, 70, 71, 72, 73, 74]

--- Генерація вершинного покриття (зі списку суміжності) ---
Знайдене максимальне парування (M): {(7, 23), (18, 26), (3, 65), (42, 66), (46, 48), (40, 44), (52, 73), (25, 56), (6, 11), (63, 67), (4, 57), (12, 58), (19, 45), (30, 39), (29, 37), (33, 53), (15, 47), (31, 34), (9, 16), (0, 10), (2, 71), (14, 36), (22, 70), (50, 59), (28, 62), (13, 49), (5, 69), (8, 68), (38, 54), (35, 61), (21, 41), (24, 64), (20, 51), (27, 32), (43, 74), (55, 60)}
Згенероване вершинне покриття (C): [0, 2, 3, 4, 5, 6, 7, 8, 9, 10, 11, 12, 13, 14, 15, 16, 18, 19, 20, 21, 22, 23, 24, 25, 26, 27, 28, 29, 30, 31, 32, 33, 34, 35, 36, 37, 38, 39, 40, 41, 42, 43, 44, 45, 46, 47, 48, 49, 50, 51, 52, 53, 54, 55, 56, 57, 58, 59, 60, 61, 62, 63, 64, 65, 66, 67, 68, 69, 70, 71, 73, 74]

--- Генерація вершинного покриття (зі списку суміжності) ---
Знайдене максимальне парування (M): {(21, 71), (24, 36), (14, 68), (42, 57), (7, 35), (25, 47), (2, 48), (10, 55), (58, 74), (38, 50), (5, 22), (15, 66), (13, 23), (56, 61), (34, 64), (45, 70), (16, 31), (17, 60), (19, 63), (26, 41), (12, 30), (6, 44), (28, 29), (1, 69), (9, 40), (27, 51), (37, 53), (20, 33), (43, 65), (32, 62), (11, 67), (39, 52), (46, 73), (0, 18), (54, 59), (49, 72)}
Згенероване вершинне покриття (C): [0, 1, 2, 5, 6, 7, 9, 10, 11, 12, 13, 14, 15, 16, 17, 18, 19, 20, 21, 22, 23, 24, 25, 26, 27, 28, 29, 30, 31, 32, 33, 34, 35, 36, 37, 38, 39, 40, 41, 42, 43, 44, 45, 46, 47, 48, 49, 50, 51, 52, 53, 54, 55, 56, 57, 58, 59, 60, 61, 62, 63, 64, 65, 66, 67, 68, 69, 70, 71, 72, 73, 74]

--- Генерація вершинного покриття (зі списку суміжності) ---
Знайдене максимальне парування (M): {(4, 61), (47, 53), (55, 66), (54, 74), (1, 34), (51, 59), (2, 5), (25, 68), (29, 62), (27, 40), (8, 39), (20, 71), (9, 44), (14, 64), (19, 48), (24, 38), (12, 21), (58, 73), (30, 63), (43, 57), (49, 70), (10, 23), (6, 7), (17, 41), (26, 28), (13, 37), (42, 46), (16, 36), (52, 65), (32, 56), (60, 69), (33, 67), (3, 35), (11, 15), (0, 18), (45, 50)}
Згенероване вершинне покриття (C): [0, 1, 2, 3, 4, 5, 6, 7, 8, 9, 10, 11, 12, 13, 14, 15, 16, 17, 18, 19, 20, 21, 23, 24, 25, 26, 27, 28, 29, 30, 32, 33, 34, 35, 36, 37, 38, 39, 40, 41, 42, 43, 44, 45, 46, 47, 48, 49, 50, 51, 52, 53, 54, 55, 56, 57, 58, 59, 60, 61, 62, 63, 64, 65, 66, 67, 68, 69, 70, 71, 73, 74]

--- Генерація вершинного покриття (зі списку суміжності) ---
Знайдене максимальне парування (M): {(31, 69), (61, 67), (8, 9), (2, 63), (20, 59), (27, 40), (54, 58), (42, 47), (21, 24), (52, 57), (0, 53), (22, 28), (25, 49), (11, 68), (15, 50), (14, 30), (44, 71), (4, 32), (12, 39), (5, 33), (3, 45), (7, 73), (10, 29), (23, 60), (17, 56), (35, 37), (26, 43), (51, 66), (1, 65), (19, 74), (48, 55), (34, 38), (13, 18), (36, 41), (6, 70), (16, 72)}
Згенероване вершинне покриття (C): [0, 1, 2, 3, 4, 5, 6, 7, 8, 9, 10, 11, 12, 13, 14, 15, 16, 17, 18, 19, 20, 21, 22, 23, 24, 25, 26, 27, 28, 29, 30, 31, 32, 33, 34, 35, 36, 37, 38, 39, 40, 41, 42, 43, 44, 45, 47, 48, 49, 50, 51, 52, 53, 54, 55, 56, 57, 58, 59, 60, 61, 63, 65, 66, 67, 68, 69, 70, 71, 72, 73, 74]

--- Генерація вершинного покриття (зі списку суміжності) ---
Знайдене максимальне парування (M): {(2, 39), (13, 48), (18, 44), (32, 61), (16, 50), (14, 22), (43, 64), (51, 71), (27, 28), (20, 56), (49, 74), (11, 38), (19, 45), (37, 66), (9, 53), (60, 67), (7, 31), (30, 63), (8, 57), (5, 70), (25, 52), (21, 42), (10, 69), (3, 33), (40, 58), (29, 55), (12, 54), (59, 65), (17, 62), (15, 34), (36, 72), (41, 68), (1, 4), (0, 6), (23, 47), (46, 73)}
Згенероване вершинне покриття (C): [0, 1, 2, 3, 4, 5, 6, 7, 8, 9, 10, 11, 12, 13, 14, 15, 16, 17, 18, 19, 20, 21, 22, 23, 25, 27, 28, 29, 30, 31, 32, 33, 34, 36, 37, 38, 39, 40, 41, 42, 43, 44, 45, 46, 47, 48, 49, 50, 51, 52, 53, 54, 55, 56, 57, 58, 59, 60, 61, 62, 63, 64, 65, 66, 67, 68, 69, 70, 71, 72, 73, 74]

--- Генерація вершинного покриття (зі списку суміжності) ---
Знайдене максимальне парування (M): {(34, 62), (59, 61), (4, 58), (25, 32), (42, 48), (18, 29), (26, 36), (24, 51), (0, 5), (21, 43), (12, 49), (16, 65), (50, 63), (28, 60), (13, 47), (10, 69), (39, 56), (68, 71), (1, 72), (57, 74), (31, 55), (6, 7), (3, 45), (8, 38), (15, 19), (30, 41), (53, 67), (22, 70), (33, 40), (35, 37), (14, 17), (46, 52), (11, 64), (2, 9), (23, 44), (66, 73), (20, 54)}
Згенероване вершинне покриття (C): [0, 1, 2, 3, 4, 5, 6, 7, 8, 9, 10, 11, 12, 13, 14, 15, 16, 17, 18, 19, 20, 21, 22, 23, 24, 25, 26, 28, 29, 30, 31, 32, 33, 34, 35, 36, 37, 38, 39, 40, 41, 42, 43, 44, 45, 46, 47, 48, 49, 50, 51, 52, 53, 54, 55, 56, 57, 58, 59, 60, 61, 62, 63, 64, 65, 66, 67, 68, 69, 70, 71, 72, 73, 74]

--- Генерація вершинного покриття (зі списку суміжності) ---
Знайдене максимальне парування (M): {(39, 73), (37, 55), (56, 68), (27, 62), (61, 70), (15, 36), (12, 22), (31, 41), (34, 43), (11, 20), (19, 33), (2, 35), (3, 58), (24, 32), (6, 29), (0, 53), (28, 69), (13, 50), (46, 59), (9, 74), (65, 66), (21, 51), (38, 67), (40, 64), (5, 42), (45, 57), (1, 26), (30, 44), (8, 47), (14, 60), (4, 71), (48, 52), (7, 54), (18, 63), (10, 25), (49, 72), (16, 17)}
Згенероване вершинне покриття (C): [0, 1, 2, 3, 4, 5, 6, 7, 8, 9, 10, 11, 12, 13, 14, 15, 16, 17, 18, 19, 20, 21, 22, 24, 25, 26, 27, 28, 29, 30, 31, 32, 33, 34, 35, 36, 37, 38, 39, 40, 41, 42, 43, 44, 45, 46, 47, 48, 49, 50, 51, 52, 53, 54, 55, 56, 57, 58, 59, 60, 61, 62, 63, 64, 65, 66, 67, 68, 69, 70, 71, 72, 73, 74]

--- Генерація вершинного покриття (зі списку суміжності) ---
Знайдене максимальне парування (M): {(10, 40), (14, 62), (12, 13), (33, 51), (16, 50), (1, 9), (63, 67), (36, 46), (30, 42), (34, 55), (11, 38), (64, 71), (18, 22), (5, 61), (24, 44), (20, 25), (15, 29), (19, 60), (26, 47), (52, 66), (31, 37), (0, 68), (23, 27), (6, 65), (49, 73), (56, 57), (8, 41), (28, 53), (4, 7), (3, 72), (21, 32), (48, 58), (35, 70), (43, 74), (54, 59)}
Згенероване вершинне покриття (C): [0, 1, 3, 4, 5, 6, 7, 8, 9, 10, 11, 12, 13, 14, 15, 16, 18, 19, 20, 21, 22, 23, 24, 25, 26, 27, 28, 29, 30, 31, 32, 33, 34, 35, 36, 37, 38, 40, 41, 42, 43, 44, 46, 47, 48, 49, 50, 51, 52, 53, 54, 55, 56, 57, 58, 59, 60, 61, 62, 63, 64, 65, 66, 67, 68, 70, 71, 72, 73, 74]

--- Генерація вершинного покриття (зі списку суміжності) ---
Знайдене максимальне парування (M): {(17, 52), (5, 56), (26, 36), (2, 54), (9, 63), (24, 57), (15, 48), (12, 31), (0, 20), (32, 33), (42, 47), (19, 51), (4, 14), (3, 18), (16, 37), (27, 70), (6, 41), (30, 72), (13, 62), (1, 11), (49, 58), (23, 45), (38, 67), (68, 74), (29, 64), (7, 21), (34, 66), (43, 44), (55, 73), (28, 65), (35, 46), (50, 71), (60, 69), (39, 61), (10, 22), (8, 40)}
Згенероване вершинне покриття (C): [0, 1, 2, 3, 4, 5, 6, 7, 8, 9, 10, 11, 12, 13, 14, 15, 16, 17, 18, 19, 20, 21, 22, 23, 24, 26, 27, 28, 29, 30, 31, 32, 33, 34, 35, 36, 37, 38, 39, 40, 41, 42, 43, 44, 45, 46, 47, 48, 49, 50, 51, 52, 54, 55, 56, 57, 58, 60, 61, 62, 63, 64, 65, 66, 67, 68, 69, 70, 71, 72, 73, 74]

--- Генерація вершинного покриття (зі списку суміжності) ---
Знайдене максимальне парування (M): {(33, 42), (45, 65), (24, 51), (35, 54), (4, 18), (40, 56), (11, 72), (49, 62), (26, 60), (0, 17), (9, 29), (27, 46), (63, 67), (7, 10), (69, 73), (20, 28), (25, 52), (3, 21), (5, 12), (44, 68), (39, 47), (1, 66), (48, 59), (2, 71), (13, 74), (53, 61), (55, 58), (23, 57), (6, 16), (64, 70), (8, 41), (15, 31), (43, 50), (22, 30), (36, 38), (19, 37)}
Згенероване вершинне покриття (C): [0, 1, 2, 3, 4, 5, 6, 7, 8, 9, 10, 11, 12, 13, 15, 16, 17, 18, 19, 20, 21, 22, 23, 24, 25, 26, 27, 28, 29, 30, 31, 33, 35, 36, 37, 38, 39, 40, 41, 42, 43, 44, 45, 46, 47, 48, 49, 50, 51, 52, 53, 54, 55, 56, 57, 58, 59, 60, 61, 62, 63, 64, 65, 66, 67, 68, 69, 70, 71, 72, 73, 74]

--- Генерація вершинного покриття (зі списку суміжності) ---
Знайдене максимальне парування (M): {(10, 37), (47, 65), (14, 62), (27, 59), (9, 51), (42, 57), (52, 61), (30, 73), (13, 66), (39, 48), (6, 54), (45, 58), (32, 36), (53, 74), (12, 15), (38, 49), (5, 18), (22, 28), (4, 26), (41, 69), (2, 68), (11, 16), (40, 55), (1, 23), (7, 24), (8, 50), (43, 56), (3, 17), (46, 70), (21, 44), (63, 71), (35, 67), (0, 33), (25, 72), (19, 31), (20, 60)}
Згенероване вершинне покриття (C): [0, 1, 2, 3, 4, 5, 6, 7, 8, 9, 10, 11, 12, 13, 14, 15, 16, 17, 18, 19, 20, 21, 22, 23, 24, 25, 26, 27, 28, 30, 31, 32, 33, 35, 36, 37, 38, 39, 40, 41, 42, 43, 44, 45, 46, 47, 48, 49, 50, 51, 52, 53, 54, 55, 56, 57, 58, 59, 60, 61, 62, 63, 65, 66, 67, 68, 69, 70, 71, 72, 73, 74]

--- Генерація вершинного покриття (зі списку суміжності) ---
Знайдене максимальне парування (M): {(7, 72), (44, 45), (1, 40), (24, 39), (26, 51), (19, 67), (29, 47), (4, 27), (20, 59), (30, 42), (6, 8), (36, 58), (33, 38), (50, 54), (17, 66), (25, 61), (31, 46), (14, 48), (34, 63), (22, 70), (12, 69), (5, 57), (41, 56), (9, 55), (0, 49), (37, 74), (13, 52), (3, 23), (43, 65), (32, 62), (10, 71), (11, 15), (35, 73), (2, 18), (21, 68), (53, 60)}
Згенероване вершинне покриття (C): [0, 1, 2, 3, 4, 5, 6, 7, 8, 9, 10, 11, 12, 13, 14, 15, 17, 18, 19, 20, 21, 22, 23, 24, 25, 26, 27, 29, 30, 31, 32, 33, 34, 35, 36, 37, 38, 39, 40, 41, 42, 43, 44, 45, 46, 47, 48, 49, 50, 51, 52, 53, 54, 55, 56, 57, 58, 59, 60, 61, 62, 63, 65, 66, 67, 68, 69, 70, 71, 72, 73, 74]

--- Генерація вершинного покриття (зі списку суміжності) ---
Знайдене максимальне парування (M): {(21, 65), (11, 45), (5, 53), (50, 55), (8, 52), (25, 38), (1, 58), (10, 64), (29, 41), (26, 57), (2, 63), (9, 35), (12, 61), (23, 73), (22, 71), (4, 69), (17, 60), (24, 47), (44, 62), (14, 33), (6, 56), (54, 68), (30, 32), (48, 74), (42, 43), (13, 37), (3, 66), (18, 36), (20, 27), (39, 40), (0, 67), (7, 51), (34, 59), (15, 70), (16, 72), (28, 49)}
Згенероване вершинне покриття (C): [0, 1, 2, 3, 4, 5, 6, 7, 8, 9, 10, 11, 12, 13, 14, 15, 16, 17, 18, 20, 21, 22, 23, 24, 25, 26, 27, 28, 29, 30, 32, 33, 34, 35, 36, 37, 38, 39, 40, 41, 42, 43, 44, 45, 47, 48, 49, 50, 51, 52, 53, 54, 55, 56, 57, 58, 59, 60, 61, 62, 63, 64, 65, 66, 67, 68, 69, 70, 71, 72, 73, 74]

--- Генерація вершинного покриття (зі списку суміжності) ---
Знайдене максимальне парування (M): {(15, 21), (3, 59), (7, 23), (2, 33), (51, 53), (25, 41), (14, 65), (29, 38), (44, 69), (1, 70), (11, 72), (34, 43), (36, 40), (27, 37), (45, 58), (13, 20), (24, 26), (56, 64), (30, 60), (32, 63), (10, 66), (18, 46), (0, 22), (6, 62), (39, 68), (55, 61), (31, 67), (47, 57), (5, 48), (19, 50), (4, 71), (16, 42), (35, 52), (17, 74), (9, 73), (49, 54), (8, 28)}
Згенероване вершинне покриття (C): [0, 1, 2, 3, 4, 5, 6, 7, 8, 9, 10, 11, 13, 14, 15, 16, 17, 18, 19, 20, 21, 22, 23, 24, 25, 26, 27, 28, 29, 30, 31, 32, 33, 34, 35, 36, 37, 38, 39, 40, 41, 42, 43, 44, 45, 46, 47, 48, 49, 50, 51, 52, 53, 54, 55, 56, 57, 58, 59, 60, 61, 62, 63, 64, 65, 66, 67, 68, 69, 70, 71, 72, 73, 74]

--- Генерація вершинного покриття (зі списку суміжності) ---
Знайдене максимальне парування (M): {(1, 31), (32, 46), (23, 74), (8, 18), (16, 59), (4, 33), (10, 12), (34, 52), (64, 65), (63, 70), (2, 29), (20, 71), (13, 35), (17, 51), (42, 50), (15, 44), (5, 67), (38, 49), (0, 7), (3, 30), (24, 68), (22, 40), (56, 57), (62, 73), (36, 66), (58, 72), (9, 55), (21, 26), (6, 37), (60, 69), (39, 43), (19, 28), (53, 54), (14, 47), (27, 41)}
Згенероване вершинне покриття (C): [0, 1, 2, 3, 4, 5, 6, 7, 8, 9, 10, 12, 13, 14, 15, 16, 17, 18, 19, 20, 21, 22, 23, 24, 26, 27, 28, 29, 30, 31, 32, 33, 34, 35, 36, 37, 38, 39, 40, 41, 42, 43, 44, 46, 47, 49, 50, 51, 52, 53, 54, 55, 56, 57, 58, 59, 60, 62, 63, 64, 65, 66, 67, 68, 69, 70, 71, 72, 73, 74]

--- Генерація вершинного покриття (зі списку суміжності) ---
Знайдене максимальне парування (M): {(6, 18), (10, 43), (17, 64), (24, 45), (3, 22), (40, 47), (26, 54), (2, 66), (32, 73), (39, 63), (0, 20), (12, 52), (35, 72), (48, 69), (21, 55), (5, 46), (31, 74), (42, 65), (11, 68), (25, 61), (13, 59), (4, 23), (27, 30), (29, 58), (14, 60), (16, 33), (41, 62), (1, 56), (19, 71), (9, 15), (44, 67), (7, 51), (36, 38), (8, 28), (37, 49), (34, 53)}
Згенероване вершинне покриття (C): [0, 1, 2, 3, 4, 5, 6, 7, 8, 9, 10, 11, 12, 13, 14, 15, 16, 17, 18, 19, 20, 21, 22, 23, 24, 25, 26, 27, 28, 29, 30, 31, 32, 33, 34, 35, 36, 37, 38, 39, 40, 41, 42, 43, 44, 45, 46, 47, 48, 49, 51, 52, 53, 54, 55, 56, 58, 59, 60, 61, 62, 63, 64, 65, 66, 67, 68, 69, 71, 72, 73, 74]

--- Генерація вершинного покриття (зі списку суміжності) ---
Знайдене максимальне парування (M): {(39, 73), (25, 29), (12, 62), (64, 69), (55, 66), (18, 35), (40, 44), (60, 71), (24, 57), (15, 63), (2, 11), (31, 47), (45, 49), (8, 27), (30, 33), (56, 70), (6, 26), (46, 53), (22, 37), (19, 72), (20, 43), (21, 48), (14, 42), (13, 16), (7, 58), (38, 67), (0, 28), (1, 17), (34, 54), (3, 51), (50, 68), (23, 59), (10, 65), (52, 74), (9, 36), (5, 41)}
Згенероване вершинне покриття (C): [0, 1, 2, 3, 5, 6, 7, 8, 9, 10, 11, 12, 13, 14, 15, 16, 17, 18, 19, 20, 21, 22, 23, 24, 25, 26, 27, 28, 29, 30, 31, 33, 34, 35, 36, 37, 38, 39, 40, 41, 42, 43, 44, 45, 46, 47, 48, 49, 50, 51, 52, 53, 54, 55, 56, 57, 58, 59, 60, 62, 63, 64, 65, 66, 67, 68, 69, 70, 71, 72, 73, 74]

--- Генерація вершинного покриття (зі списку суміжності) ---
Знайдене максимальне парування (M): {(44, 45), (4, 12), (11, 57), (28, 73), (19, 70), (0, 69), (15, 63), (18, 59), (13, 72), (31, 65), (21, 64), (7, 71), (10, 39), (32, 36), (2, 38), (55, 74), (46, 47), (33, 53), (5, 67), (1, 54), (14, 24), (43, 60), (35, 62), (20, 58), (37, 41), (56, 66), (16, 42), (61, 68), (3, 8), (22, 27), (25, 51), (23, 29), (26, 52), (40, 48), (34, 50), (9, 30), (17, 49)}
Згенероване вершинне покриття (C): [0, 1, 2, 3, 4, 5, 7, 8, 9, 10, 11, 12, 13, 14, 15, 16, 17, 18, 19, 20, 21, 22, 23, 24, 25, 26, 27, 28, 29, 30, 31, 32, 33, 34, 35, 36, 37, 38, 39, 40, 41, 42, 43, 44, 45, 46, 47, 48, 49, 50, 51, 52, 53, 54, 55, 56, 57, 58, 59, 60, 61, 62, 63, 64, 65, 66, 67, 68, 69, 70, 71, 72, 73, 74]

--- Генерація вершинного покриття (зі списку суміжності) ---
Знайдене максимальне парування (M): {(7, 72), (63, 74), (24, 27), (26, 30), (11, 45), (51, 65), (36, 50), (3, 52), (23, 58), (47, 70), (4, 14), (6, 35), (39, 41), (20, 31), (43, 66), (38, 55), (29, 61), (18, 64), (13, 19), (48, 71), (5, 42), (62, 67), (15, 73), (37, 59), (32, 44), (33, 46), (28, 68), (0, 49), (9, 12), (10, 25), (16, 69), (17, 40), (22, 54), (21, 56), (8, 34), (53, 60)}
Згенероване вершинне покриття (C): [0, 3, 4, 5, 6, 7, 8, 9, 10, 11, 12, 13, 14, 15, 16, 17, 18, 19, 20, 21, 22, 23, 24, 25, 26, 27, 28, 29, 30, 31, 32, 33, 34, 35, 36, 37, 38, 39, 40, 41, 42, 43, 44, 45, 46, 47, 48, 49, 50, 51, 52, 53, 54, 55, 56, 58, 59, 60, 61, 62, 63, 64, 65, 66, 67, 68, 69, 70, 71, 72, 73, 74]

--- Генерація вершинного покриття (зі списку суміжності) ---
Знайдене максимальне парування (M): {(30, 58), (16, 41), (25, 53), (14, 22), (9, 72), (0, 8), (18, 56), (43, 67), (2, 23), (17, 39), (6, 69), (13, 29), (35, 44), (50, 60), (61, 66), (52, 63), (20, 34), (46, 59), (31, 40), (21, 45), (48, 65), (57, 71), (7, 64), (5, 36), (3, 51), (42, 49), (27, 54), (37, 68), (10, 47), (1, 38), (12, 26), (28, 74), (32, 62), (24, 70), (15, 73), (11, 33)}
Згенероване вершинне покриття (C): [0, 1, 2, 3, 5, 6, 7, 8, 9, 10, 11, 12, 13, 14, 15, 16, 17, 18, 20, 21, 22, 23, 24, 25, 26, 27, 28, 29, 30, 31, 32, 33, 34, 35, 36, 37, 38, 39, 40, 41, 42, 43, 44, 45, 46, 47, 48, 49, 50, 51, 52, 53, 54, 56, 57, 58, 59, 60, 61, 62, 63, 64, 65, 66, 67, 68, 69, 70, 71, 72, 73, 74]

--- Генерація вершинного покриття (зі списку суміжності) ---
Знайдене максимальне парування (M): {(13, 27), (15, 24), (64, 69), (33, 45), (51, 65), (6, 36), (16, 50), (19, 67), (14, 28), (12, 34), (46, 60), (39, 48), (2, 11), (9, 20), (7, 59), (26, 66), (23, 49), (53, 56), (31, 68), (37, 57), (47, 73), (61, 72), (40, 55), (22, 52), (30, 44), (42, 43), (18, 21), (17, 62), (0, 58), (38, 54), (1, 4), (41, 74), (3, 35), (5, 32), (8, 25), (63, 71)}
Згенероване вершинне покриття (C): [0, 1, 2, 3, 4, 5, 6, 7, 8, 9, 11, 12, 13, 14, 15, 16, 17, 18, 19, 20, 21, 22, 23, 24, 25, 26, 27, 28, 30, 31, 32, 33, 34, 35, 36, 37, 38, 39, 40, 41, 42, 43, 44, 45, 46, 47, 48, 49, 50, 51, 52, 53, 54, 55, 56, 57, 58, 59, 60, 61, 62, 63, 64, 65, 66, 67, 68, 69, 71, 72, 73, 74]

--- Генерація вершинного покриття (зі списку суміжності) ---
Знайдене максимальне парування (M): {(15, 27), (44, 51), (23, 74), (9, 63), (42, 69), (39, 45), (57, 60), (1, 70), (5, 37), (35, 72), (2, 17), (40, 62), (54, 58), (22, 59), (11, 38), (36, 67), (6, 29), (3, 18), (25, 52), (21, 33), (46, 56), (8, 26), (12, 48), (53, 55), (20, 61), (64, 73), (0, 43), (10, 47), (41, 50), (13, 49), (30, 68), (19, 65), (4, 31), (32, 71), (28, 34), (7, 14)}
Згенероване вершинне покриття (C): [0, 1, 2, 3, 4, 5, 6, 7, 8, 9, 10, 11, 12, 13, 14, 15, 17, 18, 19, 20, 21, 22, 23, 25, 26, 27, 28, 29, 30, 31, 32, 33, 34, 35, 36, 37, 38, 39, 40, 41, 42, 43, 44, 45, 46, 47, 48, 49, 50, 51, 52, 53, 54, 55, 56, 57, 58, 59, 60, 61, 62, 63, 64, 65, 67, 68, 69, 70, 71, 72, 73, 74]

Середній час виконання: 0.0001504517 секунд
