
--- Генерація вершинного покриття (зі списку суміжності) ---
Знайдене максимальне парування (M): {(132, 158), (115, 151), (1, 49), (79, 170), (63, 107), (28, 149), (67, 162), (56, 174), (12, 61), (123, 157), (91, 137), (65, 118), (120, 161), (22, 101), (86, 104), (106, 171), (11, 144), (13, 83), (41, 108), (53, 73), (33, 159), (54, 99), (14, 26), (89, 93), (103, 131), (111, 135), (39, 94), (102, 150), (35, 69), (24, 133), (59, 164), (112, 145), (7, 71), (95, 129), (9, 44), (5, 64), (100, 146), (21, 36), (3, 85), (110, 113), (76, 90), (126, 173), (84, 88), (27, 81), (43, 77), (121, 134), (140, 147), (142, 166), (37, 128), (45, 141), (50, 58), (18, 169), (0, 75), (17, 109), (25, 156), (52, 57), (80, 82), (97, 98), (42, 92), (2, 19), (136, 138), (122, 148), (4, 74), (31, 155), (116, 153), (117, 127), (119, 124), (40, 78), (51, 163), (32, 168), (38, 172), (55, 96), (46, 60), (47, 165), (15, 72), (66, 154), (34, 143), (30, 87), (6, 62), (20, 70), (23, 139), (10, 105), (8, 16), (29, 167), (48, 125)}
Згенероване вершинне покриття (C): [0, 1, 2, 3, 4, 5, 6, 7, 8, 9, 10, 11, 12, 13, 14, 15, 16, 17, 18, 19, 20, 21, 22, 23, 24, 25, 26, 27, 28, 29, 30, 31, 32, 33, 34, 35, 36, 37, 38, 39, 40, 41, 42, 43, 44, 45, 46, 47, 48, 49, 50, 51, 52, 53, 54, 55, 56, 57, 58, 59, 60, 61, 62, 63, 64, 65, 66, 67, 69, 70, 71, 72, 73, 74, 75, 76, 77, 78, 79, 80, 81, 82, 83, 84, 85, 86, 87, 88, 89, 90, 91, 92, 93, 94, 95, 96, 97, 98, 99, 100, 101, 102, 103, 104, 105, 106, 107, 108, 109, 110, 111, 112, 113, 115, 116, 117, 118, 119, 120, 121, 122, 123, 124, 125, 126, 127, 128, 129, 131, 132, 133, 134, 135, 136, 137, 138, 139, 140, 141, 142, 143, 144, 145, 146, 147, 148, 149, 150, 151, 153, 154, 155, 156, 157, 158, 159, 161, 162, 163, 164, 165, 166, 167, 168, 169, 170, 171, 172, 173, 174]

--- Генерація вершинного покриття (зі списку суміжності) ---
Знайдене максимальне парування (M): {(126, 163), (50, 107), (13, 106), (16, 157), (105, 125), (48, 100), (117, 154), (54, 159), (37, 97), (69, 95), (103, 127), (3, 104), (52, 88), (32, 85), (99, 166), (47, 137), (110, 150), (28, 87), (78, 173), (44, 113), (0, 165), (20, 143), (22, 140), (24, 131), (4, 162), (27, 93), (1, 92), (89, 129), (90, 158), (17, 73), (84, 102), (6, 63), (64, 123), (45, 174), (18, 80), (19, 164), (35, 53), (40, 49), (38, 116), (83, 169), (146, 152), (114, 147), (8, 56), (15, 34), (86, 94), (5, 139), (66, 70), (41, 135), (115, 136), (9, 39), (119, 145), (120, 153), (61, 76), (57, 81), (31, 71), (62, 141), (74, 170), (98, 109), (26, 111), (7, 43), (55, 101), (96, 148), (91, 161), (14, 167), (23, 60), (11, 168), (151, 172), (33, 46), (79, 134), (82, 130), (2, 21), (29, 124), (36, 156), (68, 133), (58, 171), (67, 128), (65, 75), (12, 112), (25, 30), (59, 144), (118, 138), (10, 132), (51, 142), (108, 155), (121, 149)}
Згенероване вершинне покриття (C): [0, 1, 2, 3, 4, 5, 6, 7, 8, 9, 10, 11, 12, 13, 14, 15, 16, 17, 18, 19, 20, 21, 22, 23, 24, 25, 26, 27, 28, 29, 30, 31, 32, 33, 34, 35, 36, 37, 38, 39, 40, 41, 43, 44, 45, 46, 47, 48, 49, 50, 51, 52, 53, 54, 55, 56, 57, 58, 59, 60, 61, 62, 63, 64, 65, 66, 67, 68, 69, 70, 71, 73, 74, 75, 76, 78, 79, 80, 81, 82, 83, 84, 85, 86, 87, 88, 89, 90, 91, 92, 93, 94, 95, 96, 97, 98, 99, 100, 101, 102, 103, 104, 105, 106, 107, 108, 109, 110, 111, 112, 113, 114, 115, 116, 117, 118, 119, 120, 121, 123, 124, 125, 126, 127, 128, 129, 130, 131, 132, 133, 134, 135, 136, 137, 138, 139, 140, 141, 142, 143, 144, 145, 146, 147, 148, 149, 150, 151, 152, 153, 154, 155, 156, 157, 158, 159, 161, 162, 163, 164, 165, 166, 167, 168, 169, 170, 171, 172, 173, 174]

--- Генерація вершинного покриття (зі списку суміжності) ---
Знайдене максимальне парування (M): {(68, 155), (160, 174), (35, 97), (136, 158), (105, 143), (12, 61), (18, 129), (10, 164), (25, 162), (24, 108), (8, 130), (139, 165), (60, 140), (77, 156), (29, 116), (15, 62), (151, 157), (115, 146), (22, 131), (16, 106), (34, 87), (11, 137), (4, 52), (79, 85), (96, 101), (98, 171), (23, 86), (44, 72), (42, 84), (69, 110), (128, 144), (0, 169), (112, 166), (49, 134), (19, 93), (28, 41), (76, 154), (100, 121), (92, 117), (91, 127), (80, 133), (71, 167), (32, 59), (46, 58), (89, 99), (70, 150), (78, 163), (53, 109), (88, 149), (47, 56), (21, 159), (38, 120), (95, 172), (36, 104), (103, 142), (6, 26), (27, 39), (20, 55), (119, 122), (40, 67), (14, 57), (83, 111), (125, 138), (135, 148), (7, 54), (45, 102), (1, 141), (37, 43), (64, 124), (48, 73), (65, 153), (145, 152), (2, 94), (132, 170), (51, 126), (13, 118), (31, 50), (3, 107), (113, 168), (17, 90), (66, 74), (5, 33), (63, 75), (81, 147), (82, 173), (9, 161)}
Згенероване вершинне покриття (C): [0, 1, 2, 3, 4, 5, 6, 7, 8, 9, 10, 11, 12, 13, 14, 15, 16, 17, 18, 19, 20, 21, 22, 23, 24, 25, 26, 27, 28, 29, 31, 32, 33, 34, 35, 36, 37, 38, 39, 40, 41, 42, 43, 44, 45, 46, 47, 48, 49, 50, 51, 52, 53, 54, 55, 56, 57, 58, 59, 60, 61, 62, 63, 64, 65, 66, 67, 68, 69, 70, 71, 72, 73, 74, 75, 76, 77, 78, 79, 80, 81, 82, 83, 84, 85, 86, 87, 88, 89, 90, 91, 92, 93, 94, 95, 96, 97, 98, 99, 100, 101, 102, 103, 104, 105, 106, 107, 108, 109, 110, 111, 112, 113, 115, 116, 117, 118, 119, 120, 121, 122, 124, 125, 126, 127, 128, 129, 130, 131, 132, 133, 134, 135, 136, 137, 138, 139, 140, 141, 142, 143, 144, 145, 146, 147, 148, 149, 150, 151, 152, 153, 154, 155, 156, 157, 158, 159, 160, 161, 162, 163, 164, 165, 166, 167, 168, 169, 170, 171, 172, 173, 174]

--- Генерація вершинного покриття (зі списку суміжності) ---
Знайдене максимальне парування (M): {(60, 108), (11, 115), (46, 57), (103, 109), (65, 134), (43, 76), (37, 161), (24, 72), (84, 123), (114, 145), (29, 141), (64, 71), (82, 86), (13, 44), (105, 118), (33, 56), (1, 170), (38, 128), (18, 67), (4, 169), (27, 173), (47, 121), (2, 98), (62, 158), (36, 148), (80, 154), (157, 166), (12, 120), (124, 172), (50, 122), (107, 119), (116, 131), (73, 160), (21, 34), (85, 143), (6, 136), (10, 152), (8, 164), (25, 95), (126, 155), (52, 151), (81, 132), (5, 48), (137, 167), (16, 51), (19, 77), (75, 146), (113, 130), (104, 127), (140, 147), (14, 117), (97, 133), (49, 111), (23, 101), (53, 102), (110, 163), (42, 99), (94, 100), (58, 91), (55, 156), (35, 68), (96, 139), (7, 61), (69, 112), (15, 40), (9, 125), (78, 142), (87, 90), (20, 39), (22, 45), (28, 150), (26, 79), (0, 106), (32, 168), (89, 135), (59, 149), (144, 162), (83, 88), (63, 174), (93, 171), (159, 165), (3, 54), (66, 92), (41, 129), (17, 74), (70, 153)}
Згенероване вершинне покриття (C): [0, 1, 2, 3, 4, 5, 6, 7, 8, 9, 10, 11, 12, 13, 14, 15, 16, 17, 18, 19, 20, 21, 22, 23, 24, 25, 26, 27, 28, 29, 32, 33, 34, 35, 36, 37, 38, 39, 40, 41, 42, 43, 44, 45, 46, 47, 48, 49, 50, 51, 52, 53, 54, 55, 56, 57, 58, 59, 60, 61, 62, 63, 64, 65, 66, 67, 68, 69, 70, 71, 72, 73, 74, 75, 76, 77, 78, 79, 80, 81, 82, 83, 84, 85, 86, 87, 88, 89, 90, 91, 92, 93, 94, 95, 96, 97, 98, 99, 100, 101, 102, 103, 104, 105, 106, 107, 108, 109, 110, 111, 112, 113, 114, 115, 116, 117, 118, 119, 120, 121, 122, 123, 124, 125, 126, 127, 128, 129, 130, 131, 132, 133, 134, 135, 136, 137, 139, 140, 141, 142, 143, 144, 145, 146, 147, 148, 149, 150, 151, 152, 153, 154, 155, 156, 157, 158, 159, 160, 161, 162, 163, 164, 165, 166, 167, 168, 169, 170, 171, 172, 173, 174]

--- Генерація вершинного покриття (зі списку суміжності) ---
Знайдене максимальне парування (M): {(68, 155), (26, 158), (25, 169), (88, 127), (12, 98), (100, 101), (120, 168), (6, 130), (32, 103), (42, 50), (38, 55), (29, 116), (123, 141), (15, 89), (82, 143), (73, 149), (56, 151), (97, 106), (136, 137), (62, 142), (39, 140), (51, 114), (31, 163), (83, 146), (66, 139), (60, 153), (67, 104), (129, 152), (19, 27), (58, 174), (91, 107), (0, 160), (69, 76), (18, 119), (44, 156), (53, 134), (63, 108), (13, 128), (133, 172), (22, 57), (17, 52), (21, 86), (84, 154), (23, 28), (49, 166), (126, 132), (81, 118), (144, 165), (8, 33), (37, 48), (2, 35), (78, 85), (36, 79), (59, 145), (64, 159), (4, 90), (113, 125), (102, 115), (94, 111), (9, 171), (1, 41), (14, 75), (70, 147), (124, 148), (30, 138), (10, 135), (5, 93), (65, 162), (74, 110), (112, 167), (43, 122), (24, 54), (11, 99), (16, 34), (7, 95), (72, 105), (46, 71), (45, 170), (20, 61), (117, 131), (80, 164), (109, 157), (47, 96), (92, 150), (77, 161), (40, 121)}
Згенероване вершинне покриття (C): [0, 1, 2, 4, 5, 6, 7, 8, 9, 10, 11, 12, 13, 14, 15, 16, 17, 18, 19, 20, 21, 22, 23, 24, 25, 26, 27, 28, 29, 30, 31, 32, 33, 34, 35, 36, 37, 38, 39, 40, 41, 42, 43, 44, 45, 46, 47, 48, 49, 50, 51, 52, 53, 54, 55, 56, 57, 58, 59, 60, 61, 62, 63, 64, 65, 66, 67, 68, 69, 70, 71, 72, 73, 74, 75, 76, 77, 78, 79, 80, 81, 82, 83, 84, 85, 86, 88, 89, 90, 91, 92, 93, 94, 95, 96, 97, 98, 99, 100, 101, 102, 103, 104, 105, 106, 107, 108, 109, 110, 111, 112, 113, 114, 115, 116, 117, 118, 119, 120, 121, 122, 123, 124, 125, 126, 127, 128, 129, 130, 131, 132, 133, 134, 135, 136, 137, 138, 139, 140, 141, 142, 143, 144, 145, 146, 147, 148, 149, 150, 151, 152, 153, 154, 155, 156, 157, 158, 159, 160, 161, 162, 163, 164, 165, 166, 167, 168, 169, 170, 171, 172, 174]

--- Генерація вершинного покриття (зі списку суміжності) ---
Знайдене максимальне парування (M): {(96, 159), (101, 161), (44, 118), (129, 137), (67, 134), (18, 147), (39, 99), (125, 139), (121, 126), (26, 71), (90, 138), (20, 24), (49, 103), (82, 170), (2, 61), (13, 58), (28, 153), (35, 158), (51, 59), (46, 127), (60, 98), (87, 171), (53, 141), (45, 73), (165, 172), (23, 152), (120, 167), (8, 29), (25, 79), (54, 78), (31, 76), (109, 142), (65, 117), (72, 168), (95, 115), (112, 131), (130, 155), (9, 30), (5, 169), (86, 160), (150, 163), (48, 69), (56, 70), (91, 122), (149, 173), (40, 92), (21, 88), (75, 132), (124, 146), (19, 136), (10, 133), (85, 145), (107, 157), (37, 50), (77, 116), (43, 102), (32, 111), (84, 94), (80, 148), (89, 105), (17, 104), (3, 114), (140, 174), (15, 97), (36, 74), (1, 52), (33, 66), (62, 166), (63, 119), (93, 162), (11, 154), (41, 164), (27, 55), (64, 83), (34, 106), (22, 113), (68, 144), (4, 108), (6, 16), (7, 143), (42, 110), (81, 156), (47, 151), (0, 12), (14, 38), (123, 128)}
Згенероване вершинне покриття (C): [0, 1, 2, 3, 4, 5, 6, 7, 8, 9, 10, 11, 12, 13, 14, 15, 16, 17, 18, 19, 20, 21, 22, 23, 24, 25, 26, 27, 28, 29, 30, 31, 32, 33, 34, 35, 36, 37, 38, 39, 40, 41, 42, 43, 44, 45, 46, 47, 48, 49, 50, 51, 52, 53, 54, 55, 56, 58, 59, 60, 61, 62, 63, 64, 65, 66, 67, 68, 69, 70, 71, 72, 73, 74, 75, 76, 77, 78, 79, 80, 81, 82, 83, 84, 85, 86, 87, 88, 89, 90, 91, 92, 93, 94, 95, 96, 97, 98, 99, 101, 102, 103, 104, 105, 106, 107, 108, 109, 110, 111, 112, 113, 114, 115, 116, 117, 118, 119, 120, 121, 122, 123, 124, 125, 126, 127, 128, 129, 130, 131, 132, 133, 134, 136, 137, 138, 139, 140, 141, 142, 143, 144, 145, 146, 147, 148, 149, 150, 151, 152, 153, 154, 155, 156, 157, 158, 159, 160, 161, 162, 163, 164, 165, 166, 167, 168, 169, 170, 171, 172, 173, 174]

--- Генерація вершинного покриття (зі списку суміжності) ---
Знайдене максимальне парування (M): {(88, 100), (37, 134), (63, 98), (78, 107), (120, 131), (55, 123), (44, 47), (93, 116), (36, 146), (73, 110), (41, 72), (87, 112), (51, 155), (19, 105), (45, 133), (136, 153), (16, 42), (139, 149), (39, 101), (128, 158), (40, 164), (86, 97), (3, 35), (32, 71), (7, 115), (29, 127), (64, 121), (13, 30), (33, 161), (46, 91), (28, 174), (108, 109), (82, 163), (76, 122), (5, 135), (103, 170), (14, 156), (60, 119), (0, 114), (154, 172), (43, 57), (48, 53), (11, 68), (6, 102), (124, 167), (25, 79), (17, 50), (49, 54), (8, 77), (126, 157), (23, 74), (58, 80), (59, 143), (2, 90), (31, 89), (26, 38), (104, 168), (56, 118), (85, 99), (22, 61), (20, 137), (106, 140), (67, 69), (75, 171), (34, 148), (1, 4), (70, 147), (96, 141), (117, 173), (94, 113), (27, 144), (62, 65), (15, 145), (130, 166), (95, 162), (152, 159), (10, 84), (9, 150), (125, 169), (92, 111), (12, 66), (18, 24), (132, 165), (21, 151), (52, 129), (142, 160), (83, 138)}
Згенероване вершинне покриття (C): [0, 1, 2, 3, 4, 5, 6, 7, 8, 9, 10, 11, 12, 13, 14, 15, 16, 17, 18, 19, 20, 21, 22, 23, 24, 25, 26, 27, 28, 29, 30, 31, 32, 33, 34, 35, 36, 37, 38, 39, 40, 41, 42, 43, 44, 45, 46, 47, 48, 49, 50, 51, 52, 53, 54, 55, 56, 57, 58, 59, 60, 61, 62, 63, 64, 65, 66, 67, 68, 69, 70, 71, 72, 73, 74, 75, 76, 77, 78, 79, 80, 82, 83, 84, 85, 86, 87, 88, 89, 90, 91, 92, 93, 94, 95, 96, 97, 98, 99, 100, 101, 102, 103, 104, 105, 106, 107, 108, 109, 110, 111, 112, 113, 114, 115, 116, 117, 118, 119, 120, 121, 122, 123, 124, 125, 126, 127, 128, 129, 130, 131, 132, 133, 134, 135, 136, 137, 138, 139, 140, 141, 142, 143, 144, 145, 146, 147, 148, 149, 150, 151, 152, 153, 154, 155, 156, 157, 158, 159, 160, 161, 162, 163, 164, 165, 166, 167, 168, 169, 170, 171, 172, 173, 174]

--- Генерація вершинного покриття (зі списку суміжності) ---
Знайдене максимальне парування (M): {(112, 155), (72, 82), (52, 113), (47, 144), (48, 109), (30, 73), (142, 162), (125, 146), (42, 75), (4, 167), (13, 24), (64, 80), (99, 120), (2, 59), (6, 50), (3, 33), (22, 46), (15, 135), (18, 131), (27, 118), (5, 69), (16, 127), (88, 161), (97, 108), (114, 124), (61, 143), (151, 152), (41, 94), (7, 126), (17, 39), (53, 132), (116, 170), (60, 119), (54, 85), (129, 173), (25, 79), (71, 140), (171, 172), (63, 145), (76, 117), (111, 148), (78, 90), (43, 77), (9, 103), (92, 128), (100, 141), (29, 35), (150, 154), (26, 164), (21, 40), (14, 89), (1, 137), (105, 158), (0, 84), (36, 49), (23, 67), (66, 102), (32, 45), (31, 153), (95, 165), (96, 139), (28, 38), (57, 74), (107, 157), (19, 44), (11, 159), (37, 123), (163, 174), (104, 115), (110, 149), (56, 93), (34, 166), (83, 168), (81, 106), (8, 12), (55, 160), (20, 169), (62, 65), (68, 133), (10, 130), (121, 156), (86, 134), (58, 136), (51, 87), (122, 138), (98, 147)}
Згенероване вершинне покриття (C): [0, 1, 2, 3, 4, 5, 6, 7, 8, 9, 10, 11, 12, 13, 14, 15, 16, 17, 18, 19, 20, 21, 22, 23, 24, 25, 26, 27, 28, 29, 30, 31, 32, 33, 34, 35, 36, 37, 38, 39, 40, 41, 42, 43, 44, 45, 46, 47, 48, 49, 50, 51, 52, 53, 54, 55, 56, 57, 58, 59, 60, 61, 62, 63, 64, 65, 66, 67, 68, 69, 71, 72, 73, 74, 75, 76, 77, 78, 79, 80, 81, 82, 83, 84, 85, 86, 87, 88, 89, 90, 92, 93, 94, 95, 96, 97, 98, 99, 100, 102, 103, 104, 105, 106, 107, 108, 109, 110, 111, 112, 113, 114, 115, 116, 117, 118, 119, 120, 121, 122, 123, 124, 125, 126, 127, 128, 129, 130, 131, 132, 133, 134, 135, 136, 137, 138, 139, 140, 141, 142, 143, 144, 145, 146, 147, 148, 149, 150, 151, 152, 153, 154, 155, 156, 157, 158, 159, 160, 161, 162, 163, 164, 165, 166, 167, 168, 169, 170, 171, 172, 173, 174]

--- Генерація вершинного покриття (зі списку суміжності) ---
Знайдене максимальне парування (M): {(61, 162), (70, 110), (133, 150), (83, 149), (95, 132), (43, 103), (35, 44), (64, 144), (99, 120), (69, 106), (50, 102), (105, 157), (8, 96), (98, 160), (93, 173), (20, 24), (9, 122), (75, 131), (49, 57), (7, 124), (48, 88), (65, 168), (60, 62), (23, 104), (16, 156), (51, 52), (54, 85), (17, 130), (92, 142), (12, 97), (38, 116), (59, 111), (6, 31), (37, 135), (68, 113), (29, 170), (27, 145), (39, 55), (56, 169), (25, 81), (91, 166), (33, 158), (128, 139), (0, 118), (5, 141), (4, 143), (1, 119), (87, 159), (78, 101), (76, 140), (11, 84), (108, 154), (73, 77), (94, 127), (13, 123), (172, 174), (34, 45), (22, 107), (82, 146), (32, 129), (26, 58), (125, 147), (153, 163), (19, 138), (71, 148), (63, 80), (15, 152), (41, 171), (72, 112), (28, 79), (40, 53), (90, 136), (36, 165), (10, 121), (109, 164), (3, 100), (74, 151), (2, 46), (115, 167), (18, 161), (42, 137), (66, 67), (30, 89), (14, 47), (21, 117)}
Згенероване вершинне покриття (C): [0, 1, 2, 3, 4, 5, 6, 7, 8, 9, 10, 11, 12, 13, 14, 15, 16, 17, 18, 19, 20, 21, 22, 23, 24, 25, 26, 27, 28, 29, 30, 31, 32, 33, 34, 35, 36, 37, 38, 39, 40, 41, 42, 43, 44, 45, 46, 47, 48, 49, 50, 51, 52, 53, 54, 55, 56, 57, 58, 59, 60, 61, 62, 63, 64, 65, 66, 67, 68, 69, 70, 71, 72, 73, 74, 75, 76, 77, 78, 79, 80, 81, 82, 83, 84, 85, 87, 88, 89, 90, 91, 92, 93, 94, 95, 96, 97, 98, 99, 100, 101, 102, 103, 104, 105, 106, 107, 108, 109, 110, 111, 112, 113, 115, 116, 117, 118, 119, 120, 121, 122, 123, 124, 125, 127, 128, 129, 130, 131, 132, 133, 135, 136, 137, 138, 139, 140, 141, 142, 143, 144, 145, 146, 147, 148, 149, 150, 151, 152, 153, 154, 156, 157, 158, 159, 160, 161, 162, 163, 164, 165, 166, 167, 168, 169, 170, 171, 172, 173, 174]

--- Генерація вершинного покриття (зі списку суміжності) ---
Знайдене максимальне парування (M): {(55, 121), (44, 155), (50, 52), (88, 164), (36, 71), (34, 83), (64, 160), (62, 108), (9, 72), (46, 66), (78, 107), (13, 136), (91, 146), (75, 147), (132, 153), (73, 76), (1, 154), (128, 140), (38, 112), (29, 109), (5, 96), (41, 101), (30, 43), (122, 165), (37, 85), (137, 172), (114, 170), (4, 27), (24, 60), (12, 150), (23, 49), (166, 171), (116, 152), (47, 98), (82, 92), (10, 51), (57, 102), (63, 97), (77, 89), (94, 139), (59, 120), (20, 67), (56, 130), (93, 124), (99, 174), (58, 169), (11, 173), (31, 32), (105, 158), (119, 129), (68, 117), (141, 162), (70, 163), (45, 54), (15, 22), (115, 161), (16, 48), (84, 167), (144, 151), (0, 134), (28, 113), (138, 168), (39, 143), (104, 145), (95, 142), (69, 123), (35, 100), (81, 106), (87, 110), (40, 126), (14, 61), (111, 131), (26, 90), (79, 157), (21, 149), (7, 159), (74, 133), (2, 80), (6, 25), (17, 65), (18, 42), (33, 125), (53, 103), (8, 135), (3, 148), (86, 118)}
Згенероване вершинне покриття (C): [0, 1, 2, 3, 4, 5, 6, 7, 8, 9, 10, 11, 12, 13, 14, 15, 16, 17, 18, 20, 21, 22, 23, 24, 25, 26, 27, 28, 29, 30, 31, 32, 33, 34, 35, 36, 37, 38, 39, 40, 41, 42, 43, 44, 45, 46, 47, 48, 49, 50, 51, 52, 53, 54, 55, 56, 57, 58, 59, 60, 61, 62, 63, 64, 65, 66, 67, 68, 69, 70, 71, 72, 73, 74, 75, 76, 77, 78, 79, 80, 81, 82, 83, 84, 85, 86, 87, 88, 89, 90, 91, 92, 93, 94, 95, 96, 97, 98, 99, 100, 101, 102, 103, 104, 105, 106, 107, 108, 109, 110, 111, 112, 113, 114, 115, 116, 117, 118, 119, 120, 121, 122, 123, 124, 125, 126, 128, 129, 130, 131, 132, 133, 134, 135, 136, 137, 138, 139, 140, 141, 142, 143, 144, 145, 146, 147, 148, 149, 150, 151, 152, 153, 154, 155, 157, 158, 159, 160, 161, 162, 163, 164, 165, 166, 167, 168, 169, 170, 171, 172, 173, 174]

--- Генерація вершинного покриття (зі списку суміжності) ---
Знайдене максимальне парування (M): {(61, 171), (30, 128), (119, 169), (5, 92), (15, 124), (32, 103), (125, 130), (78, 143), (38, 64), (22, 110), (24, 147), (25, 91), (88, 168), (81, 162), (112, 116), (63, 166), (31, 51), (79, 131), (18, 133), (17, 174), (37, 67), (44, 115), (47, 77), (34, 144), (14, 156), (4, 155), (86, 172), (42, 148), (1, 140), (55, 56), (2, 157), (69, 85), (13, 117), (80, 158), (43, 84), (10, 90), (7, 137), (39, 135), (76, 108), (68, 113), (89, 145), (26, 107), (49, 118), (35, 73), (6, 122), (8, 141), (23, 74), (11, 54), (146, 163), (57, 170), (0, 29), (134, 173), (83, 164), (19, 106), (114, 142), (95, 101), (53, 104), (50, 151), (48, 62), (136, 138), (41, 105), (98, 102), (33, 82), (93, 160), (111, 129), (9, 97), (27, 126), (28, 70), (16, 123), (99, 139), (21, 58), (96, 109), (94, 165), (87, 149), (153, 167), (100, 161), (46, 71), (154, 159), (36, 60), (45, 72), (52, 120), (127, 132), (3, 20), (40, 66), (65, 150), (75, 152), (12, 59)}
Згенероване вершинне покриття (C): [0, 1, 2, 3, 4, 5, 6, 7, 8, 9, 10, 11, 12, 13, 14, 15, 16, 17, 18, 19, 20, 21, 22, 23, 24, 25, 26, 27, 28, 29, 30, 31, 32, 33, 34, 35, 36, 37, 38, 39, 40, 41, 42, 43, 44, 45, 46, 47, 48, 49, 50, 51, 52, 53, 54, 55, 56, 57, 58, 59, 60, 61, 62, 63, 64, 65, 66, 67, 68, 69, 70, 71, 72, 73, 74, 75, 76, 77, 78, 79, 80, 81, 82, 83, 84, 85, 86, 87, 88, 89, 90, 91, 92, 93, 94, 95, 96, 97, 98, 99, 100, 101, 102, 103, 104, 105, 106, 107, 108, 109, 110, 111, 112, 113, 114, 115, 116, 117, 118, 119, 120, 122, 123, 124, 125, 126, 127, 128, 129, 130, 131, 132, 133, 134, 135, 136, 137, 138, 139, 140, 141, 142, 143, 144, 145, 146, 147, 148, 149, 150, 151, 152, 153, 154, 155, 156, 157, 158, 159, 160, 161, 162, 163, 164, 165, 166, 167, 168, 169, 170, 171, 172, 173, 174]

--- Генерація вершинного покриття (зі списку суміжності) ---
Знайдене максимальне парування (M): {(109, 129), (23, 123), (43, 46), (26, 158), (73, 163), (25, 59), (105, 143), (17, 140), (38, 53), (16, 120), (57, 66), (56, 110), (2, 139), (111, 174), (29, 132), (115, 144), (18, 83), (20, 95), (24, 65), (130, 147), (70, 169), (124, 133), (113, 167), (142, 157), (10, 159), (62, 151), (84, 166), (92, 149), (68, 72), (14, 165), (27, 150), (35, 87), (91, 171), (34, 64), (164, 173), (154, 172), (52, 69), (1, 5), (114, 126), (40, 122), (55, 168), (48, 74), (31, 85), (0, 116), (106, 152), (51, 127), (50, 138), (108, 170), (76, 119), (49, 102), (45, 98), (42, 99), (54, 128), (28, 63), (141, 153), (135, 155), (8, 81), (117, 125), (60, 100), (22, 61), (97, 137), (86, 146), (58, 148), (41, 77), (67, 96), (33, 82), (90, 134), (19, 101), (94, 104), (12, 71), (21, 156), (9, 11), (44, 75), (30, 103), (39, 136), (32, 88), (121, 145), (6, 78), (47, 131), (161, 162), (37, 93), (3, 36), (89, 112), (80, 118), (4, 7), (13, 79)}
Згенероване вершинне покриття (C): [0, 1, 2, 3, 4, 5, 6, 7, 8, 9, 10, 11, 12, 13, 14, 16, 17, 18, 19, 20, 21, 22, 23, 24, 25, 26, 27, 28, 29, 30, 31, 32, 33, 34, 35, 36, 37, 38, 39, 40, 41, 42, 43, 44, 45, 46, 47, 48, 49, 50, 51, 52, 53, 54, 55, 56, 57, 58, 59, 60, 61, 62, 63, 64, 65, 66, 67, 68, 69, 70, 71, 72, 73, 74, 75, 76, 77, 78, 79, 80, 81, 82, 83, 84, 85, 86, 87, 88, 89, 90, 91, 92, 93, 94, 95, 96, 97, 98, 99, 100, 101, 102, 103, 104, 105, 106, 108, 109, 110, 111, 112, 113, 114, 115, 116, 117, 118, 119, 120, 121, 122, 123, 124, 125, 126, 127, 128, 129, 130, 131, 132, 133, 134, 135, 136, 137, 138, 139, 140, 141, 142, 143, 144, 145, 146, 147, 148, 149, 150, 151, 152, 153, 154, 155, 156, 157, 158, 159, 161, 162, 163, 164, 165, 166, 167, 168, 169, 170, 171, 172, 173, 174]

--- Генерація вершинного покриття (зі списку суміжності) ---
Знайдене максимальне парування (M): {(50, 162), (75, 170), (6, 155), (53, 87), (19, 73), (94, 149), (131, 152), (107, 115), (78, 143), (92, 136), (125, 148), (49, 174), (12, 45), (57, 141), (43, 151), (27, 63), (90, 165), (34, 142), (116, 138), (28, 153), (157, 166), (55, 127), (11, 39), (85, 171), (1, 110), (86, 145), (98, 137), (160, 164), (42, 93), (8, 36), (62, 144), (2, 102), (101, 169), (26, 59), (15, 123), (80, 112), (71, 140), (65, 172), (67, 72), (31, 158), (21, 111), (89, 108), (0, 146), (79, 91), (74, 159), (20, 69), (120, 135), (60, 114), (30, 122), (4, 88), (97, 105), (81, 173), (17, 18), (56, 134), (22, 77), (13, 96), (128, 150), (58, 82), (48, 126), (68, 156), (121, 168), (99, 119), (84, 167), (7, 54), (129, 147), (52, 61), (25, 44), (104, 163), (64, 154), (46, 124), (83, 106), (41, 100), (24, 47), (70, 133), (10, 66), (33, 132), (14, 109), (38, 76), (9, 40), (51, 103), (117, 161), (16, 118), (23, 32), (3, 29), (5, 35), (37, 113), (95, 130)}
Згенероване вершинне покриття (C): [0, 1, 2, 3, 4, 5, 6, 7, 8, 9, 10, 11, 12, 13, 14, 15, 16, 17, 18, 19, 20, 21, 22, 23, 24, 25, 26, 27, 28, 29, 30, 31, 32, 33, 34, 35, 36, 37, 38, 39, 40, 41, 42, 43, 44, 45, 46, 47, 48, 49, 50, 51, 52, 53, 54, 55, 56, 57, 58, 59, 60, 61, 62, 63, 64, 65, 66, 67, 68, 69, 70, 71, 72, 73, 74, 75, 76, 77, 78, 79, 80, 81, 82, 83, 84, 85, 86, 87, 88, 89, 90, 91, 92, 93, 94, 95, 96, 97, 98, 99, 100, 101, 102, 103, 104, 105, 106, 107, 108, 109, 110, 111, 112, 113, 114, 115, 116, 117, 118, 119, 120, 121, 122, 123, 124, 125, 126, 127, 128, 129, 130, 131, 132, 133, 134, 135, 136, 137, 138, 140, 141, 142, 143, 144, 145, 146, 147, 148, 149, 150, 151, 152, 153, 154, 155, 156, 157, 158, 159, 160, 161, 162, 163, 164, 165, 166, 167, 168, 169, 170, 171, 172, 173, 174]

--- Генерація вершинного покриття (зі списку суміжності) ---
Знайдене максимальне парування (M): {(53, 69), (59, 64), (121, 167), (5, 83), (128, 172), (125, 155), (0, 78), (108, 148), (51, 171), (22, 74), (137, 159), (8, 75), (23, 36), (58, 152), (70, 114), (136, 144), (3, 17), (84, 100), (85, 132), (52, 174), (16, 99), (39, 94), (49, 50), (21, 98), (40, 56), (61, 106), (37, 115), (110, 129), (122, 158), (145, 169), (6, 93), (43, 66), (80, 149), (60, 91), (45, 48), (47, 63), (31, 131), (147, 150), (92, 135), (4, 86), (95, 170), (13, 130), (96, 164), (14, 119), (57, 154), (26, 111), (7, 162), (18, 107), (44, 71), (35, 68), (42, 138), (73, 134), (11, 104), (41, 105), (24, 34), (12, 142), (126, 127), (124, 139), (15, 113), (90, 116), (143, 161), (2, 67), (117, 173), (1, 141), (65, 89), (46, 140), (151, 156), (103, 146), (27, 62), (81, 97), (10, 55), (79, 109), (32, 88), (77, 120), (38, 165), (101, 166), (33, 123), (30, 133), (19, 87), (54, 118), (28, 163), (76, 157), (9, 168), (29, 112), (102, 160)}
Згенероване вершинне покриття (C): [0, 1, 2, 3, 4, 5, 6, 7, 8, 9, 10, 11, 12, 13, 14, 15, 16, 17, 18, 19, 21, 22, 23, 24, 26, 27, 28, 29, 30, 31, 32, 33, 34, 35, 36, 37, 38, 39, 40, 41, 42, 43, 44, 45, 46, 47, 48, 49, 50, 51, 52, 53, 54, 55, 56, 57, 58, 59, 60, 61, 62, 63, 64, 65, 66, 67, 68, 69, 70, 71, 73, 74, 75, 76, 77, 78, 79, 80, 81, 83, 84, 85, 86, 87, 88, 89, 90, 91, 92, 93, 94, 95, 96, 97, 98, 99, 100, 101, 102, 103, 104, 105, 106, 107, 108, 109, 110, 111, 112, 113, 114, 115, 116, 117, 118, 119, 120, 121, 122, 123, 124, 125, 126, 127, 128, 129, 130, 131, 132, 133, 134, 135, 136, 137, 138, 139, 140, 141, 142, 143, 144, 145, 146, 147, 148, 149, 150, 151, 152, 154, 155, 156, 157, 158, 159, 160, 161, 162, 163, 164, 165, 166, 167, 168, 169, 170, 171, 172, 173, 174]

--- Генерація вершинного покриття (зі списку суміжності) ---
Знайдене максимальне парування (M): {(90, 152), (50, 70), (44, 63), (22, 35), (60, 92), (1, 161), (24, 172), (3, 33), (77, 165), (112, 132), (66, 89), (79, 147), (26, 153), (110, 134), (73, 94), (34, 53), (61, 168), (28, 55), (108, 173), (57, 118), (12, 49), (27, 31), (54, 58), (52, 103), (81, 84), (102, 125), (6, 29), (46, 47), (109, 149), (129, 166), (11, 107), (93, 124), (23, 136), (154, 174), (71, 167), (40, 106), (59, 86), (39, 128), (8, 104), (9, 158), (21, 141), (113, 169), (78, 101), (130, 148), (13, 139), (2, 17), (56, 171), (151, 170), (18, 43), (80, 146), (88, 126), (45, 164), (7, 91), (42, 122), (32, 65), (97, 100), (30, 138), (96, 150), (14, 41), (19, 37), (83, 159), (95, 133), (38, 163), (36, 74), (4, 140), (62, 157), (25, 117), (142, 156), (131, 137), (121, 145), (123, 160), (75, 120), (16, 162), (144, 155), (20, 98), (0, 10), (5, 115), (64, 67), (72, 135), (105, 114), (99, 116), (68, 119), (82, 127), (51, 87), (15, 76), (48, 143)}
Згенероване вершинне покриття (C): [0, 1, 2, 3, 4, 5, 6, 7, 8, 9, 10, 11, 12, 13, 14, 15, 16, 17, 18, 19, 20, 21, 22, 23, 24, 25, 26, 27, 28, 29, 30, 31, 32, 33, 34, 35, 36, 37, 38, 39, 40, 41, 42, 43, 44, 45, 46, 47, 48, 49, 50, 51, 52, 53, 54, 55, 56, 57, 58, 59, 60, 61, 62, 63, 64, 65, 66, 67, 68, 70, 71, 72, 73, 74, 75, 76, 77, 78, 79, 80, 81, 82, 83, 84, 86, 87, 88, 89, 90, 91, 92, 93, 94, 95, 96, 97, 98, 99, 100, 101, 102, 103, 104, 105, 106, 107, 108, 109, 110, 112, 113, 114, 115, 116, 117, 118, 119, 120, 121, 122, 123, 124, 125, 126, 127, 128, 129, 130, 131, 132, 133, 134, 135, 136, 137, 138, 139, 140, 141, 142, 143, 144, 145, 146, 147, 148, 149, 150, 151, 152, 153, 154, 155, 156, 157, 158, 159, 160, 161, 162, 163, 164, 165, 166, 167, 168, 169, 170, 171, 172, 173, 174]

--- Генерація вершинного покриття (зі списку суміжності) ---
Знайдене максимальне парування (M): {(29, 139), (56, 74), (115, 160), (4, 137), (95, 157), (33, 127), (105, 164), (35, 172), (19, 121), (122, 170), (136, 169), (146, 171), (73, 110), (45, 158), (23, 100), (41, 145), (53, 119), (79, 83), (44, 49), (57, 98), (9, 85), (77, 112), (26, 82), (1, 147), (39, 103), (40, 111), (135, 156), (90, 142), (30, 118), (52, 60), (64, 116), (17, 50), (55, 131), (97, 149), (94, 150), (47, 166), (6, 143), (21, 141), (5, 132), (31, 151), (24, 167), (106, 163), (89, 92), (51, 138), (34, 43), (8, 42), (148, 174), (18, 25), (96, 130), (126, 152), (81, 129), (71, 128), (14, 48), (63, 69), (32, 38), (46, 165), (66, 113), (104, 161), (80, 84), (153, 154), (13, 125), (108, 140), (54, 114), (22, 173), (11, 88), (12, 62), (37, 61), (78, 144), (7, 102), (87, 101), (133, 162), (155, 168), (20, 68), (86, 123), (120, 134), (59, 124), (36, 76), (10, 75), (27, 91), (2, 16), (0, 28), (58, 109), (99, 107), (3, 93), (15, 67)}
Згенероване вершинне покриття (C): [0, 1, 2, 3, 4, 5, 6, 7, 8, 9, 10, 11, 12, 13, 14, 15, 16, 17, 18, 19, 20, 21, 22, 23, 24, 25, 26, 27, 28, 29, 30, 31, 32, 33, 34, 35, 36, 37, 38, 39, 40, 41, 42, 43, 44, 45, 46, 47, 48, 49, 50, 51, 52, 53, 54, 55, 56, 57, 58, 59, 60, 61, 62, 63, 64, 66, 67, 68, 69, 71, 73, 74, 75, 76, 77, 78, 79, 80, 81, 82, 83, 84, 85, 86, 87, 88, 89, 90, 91, 92, 93, 94, 95, 96, 97, 98, 99, 100, 101, 102, 103, 104, 105, 106, 107, 108, 109, 110, 111, 112, 113, 114, 115, 116, 118, 119, 120, 121, 122, 123, 124, 125, 126, 127, 128, 129, 130, 131, 132, 133, 134, 135, 136, 137, 138, 139, 140, 141, 142, 143, 144, 145, 146, 147, 148, 149, 150, 151, 152, 153, 154, 155, 156, 157, 158, 160, 161, 162, 163, 164, 165, 166, 167, 168, 169, 170, 171, 172, 173, 174]

--- Генерація вершинного покриття (зі списку суміжності) ---
Знайдене максимальне парування (M): {(55, 121), (70, 174), (127, 171), (108, 112), (110, 139), (45, 147), (8, 73), (52, 79), (41, 143), (25, 89), (97, 138), (28, 60), (17, 151), (32, 133), (66, 80), (103, 129), (4, 160), (36, 57), (50, 56), (34, 69), (54, 154), (63, 166), (13, 122), (113, 124), (136, 146), (1, 156), (100, 126), (68, 118), (84, 102), (23, 159), (42, 148), (35, 142), (33, 99), (16, 165), (29, 40), (49, 116), (75, 135), (7, 9), (132, 150), (44, 92), (39, 71), (3, 51), (5, 48), (10, 172), (128, 155), (86, 149), (123, 168), (111, 157), (47, 93), (83, 107), (20, 87), (58, 153), (95, 117), (62, 169), (31, 53), (109, 119), (88, 96), (59, 72), (78, 94), (64, 104), (24, 141), (21, 90), (114, 137), (65, 162), (11, 106), (6, 30), (38, 163), (2, 115), (134, 152), (19, 85), (125, 158), (0, 81), (91, 101), (12, 46), (37, 173), (77, 120), (15, 145), (43, 161), (18, 22), (140, 167), (14, 27), (76, 130), (82, 164), (74, 144), (67, 105), (26, 131), (61, 98)}
Згенероване вершинне покриття (C): [0, 1, 2, 3, 4, 5, 6, 7, 8, 9, 10, 11, 12, 13, 14, 15, 16, 17, 18, 19, 20, 21, 22, 23, 24, 25, 26, 27, 28, 29, 30, 31, 32, 33, 34, 35, 36, 37, 38, 39, 40, 41, 42, 43, 44, 45, 46, 47, 48, 49, 50, 51, 52, 53, 54, 55, 56, 57, 58, 59, 60, 61, 62, 63, 64, 65, 66, 67, 68, 69, 70, 71, 72, 73, 74, 75, 76, 77, 78, 79, 80, 81, 82, 83, 84, 85, 86, 87, 88, 89, 90, 91, 92, 93, 94, 95, 96, 97, 98, 99, 100, 101, 102, 103, 104, 105, 106, 107, 108, 109, 110, 111, 112, 113, 114, 115, 116, 117, 118, 119, 120, 121, 122, 123, 124, 125, 126, 127, 128, 129, 130, 131, 132, 133, 134, 135, 136, 137, 138, 139, 140, 141, 142, 143, 144, 145, 146, 147, 148, 149, 150, 151, 152, 153, 154, 155, 156, 157, 158, 159, 160, 161, 162, 163, 164, 165, 166, 167, 168, 169, 171, 172, 173, 174]

--- Генерація вершинного покриття (зі списку суміжності) ---
Знайдене максимальне парування (M): {(61, 162), (105, 107), (16, 29), (28, 122), (127, 134), (54, 95), (45, 101), (31, 56), (11, 87), (35, 90), (33, 38), (19, 112), (73, 156), (109, 152), (3, 143), (12, 91), (9, 83), (30, 148), (8, 160), (55, 70), (81, 98), (66, 110), (60, 133), (140, 141), (132, 137), (75, 149), (32, 89), (7, 78), (63, 77), (46, 173), (23, 104), (58, 165), (10, 42), (34, 128), (39, 151), (119, 159), (67, 88), (72, 120), (50, 99), (48, 74), (85, 102), (6, 40), (135, 142), (51, 145), (130, 146), (5, 41), (108, 170), (93, 126), (20, 96), (57, 115), (124, 144), (0, 139), (131, 158), (71, 153), (68, 163), (94, 136), (103, 169), (15, 47), (24, 59), (21, 106), (121, 138), (150, 174), (117, 171), (123, 147), (113, 118), (79, 116), (64, 97), (17, 86), (36, 172), (154, 155), (27, 62), (22, 111), (129, 167), (13, 157), (25, 37), (1, 100), (18, 168), (2, 80), (4, 44), (26, 92), (43, 53), (52, 65), (82, 164), (114, 125), (49, 69), (14, 166)}
Згенероване вершинне покриття (C): [0, 1, 2, 3, 4, 5, 6, 7, 8, 9, 10, 11, 12, 13, 14, 15, 16, 17, 18, 19, 20, 21, 22, 23, 24, 25, 26, 27, 28, 29, 30, 31, 32, 33, 34, 35, 36, 37, 38, 39, 40, 41, 42, 43, 44, 45, 46, 47, 48, 49, 50, 51, 52, 53, 54, 55, 56, 57, 58, 59, 60, 61, 62, 63, 64, 65, 66, 67, 68, 69, 70, 71, 72, 73, 74, 75, 77, 78, 79, 80, 81, 82, 83, 85, 86, 87, 88, 89, 90, 91, 92, 93, 94, 95, 96, 97, 98, 99, 100, 101, 102, 103, 104, 105, 106, 107, 108, 109, 110, 111, 112, 113, 114, 115, 116, 117, 118, 119, 120, 121, 122, 123, 124, 125, 126, 127, 128, 129, 130, 131, 132, 133, 134, 135, 136, 137, 138, 139, 140, 141, 142, 143, 144, 145, 146, 147, 148, 149, 150, 151, 152, 153, 154, 155, 156, 157, 158, 159, 160, 162, 163, 164, 165, 166, 167, 168, 169, 170, 171, 172, 173, 174]

--- Генерація вершинного покриття (зі списку суміжності) ---
Знайдене максимальне парування (M): {(149, 174), (123, 164), (24, 161), (54, 86), (99, 118), (65, 143), (6, 11), (12, 61), (42, 96), (75, 163), (116, 173), (18, 147), (81, 160), (51, 64), (47, 146), (41, 154), (15, 135), (52, 108), (53, 73), (9, 49), (150, 152), (46, 162), (82, 170), (3, 35), (67, 157), (33, 79), (1, 74), (114, 140), (69, 117), (107, 165), (111, 126), (91, 132), (34, 153), (40, 56), (84, 129), (28, 167), (62, 89), (119, 141), (30, 127), (39, 105), (0, 68), (97, 110), (13, 144), (17, 50), (112, 113), (5, 148), (19, 77), (131, 156), (63, 138), (66, 109), (85, 122), (43, 171), (87, 159), (21, 104), (101, 121), (7, 59), (27, 37), (25, 83), (20, 80), (2, 172), (60, 134), (4, 90), (31, 55), (48, 71), (78, 124), (45, 166), (36, 44), (76, 98), (57, 103), (95, 151), (72, 94), (32, 58), (16, 169), (88, 139), (26, 145), (14, 125), (23, 137), (70, 133), (10, 130), (8, 142), (22, 168), (93, 100), (92, 102), (106, 128), (120, 136), (115, 158)}
Згенероване вершинне покриття (C): [0, 1, 2, 3, 4, 5, 6, 7, 8, 9, 10, 11, 12, 13, 14, 15, 16, 17, 18, 19, 20, 21, 22, 23, 24, 25, 26, 27, 28, 30, 31, 32, 33, 34, 35, 36, 37, 39, 40, 41, 42, 43, 44, 45, 46, 47, 48, 49, 50, 51, 52, 53, 54, 55, 56, 57, 58, 59, 60, 61, 62, 63, 64, 65, 66, 67, 68, 69, 70, 71, 72, 73, 74, 75, 76, 77, 78, 79, 80, 81, 82, 83, 84, 85, 86, 87, 88, 89, 90, 91, 92, 93, 94, 95, 96, 97, 98, 99, 100, 101, 102, 103, 104, 105, 106, 107, 108, 109, 110, 111, 112, 113, 114, 115, 116, 117, 118, 119, 120, 121, 122, 123, 124, 125, 126, 127, 128, 129, 130, 131, 132, 133, 134, 135, 136, 137, 138, 139, 140, 141, 142, 143, 144, 145, 146, 147, 148, 149, 150, 151, 152, 153, 154, 156, 157, 158, 159, 160, 161, 162, 163, 164, 165, 166, 167, 168, 169, 170, 171, 172, 173, 174]

--- Генерація вершинного покриття (зі списку суміжності) ---
Знайдене максимальне парування (M): {(52, 159), (104, 142), (62, 72), (58, 129), (3, 150), (48, 63), (28, 149), (75, 90), (6, 66), (61, 155), (23, 116), (120, 122), (26, 69), (16, 141), (1, 152), (96, 170), (39, 81), (128, 147), (46, 59), (38, 119), (53, 73), (13, 156), (0, 110), (94, 153), (18, 115), (160, 162), (27, 56), (77, 133), (76, 131), (106, 166), (60, 144), (43, 146), (118, 158), (33, 154), (68, 157), (99, 117), (12, 24), (21, 36), (79, 126), (105, 145), (47, 54), (50, 172), (111, 121), (65, 163), (29, 143), (31, 85), (165, 174), (32, 123), (82, 124), (17, 98), (8, 95), (40, 136), (30, 113), (97, 151), (64, 102), (100, 125), (107, 148), (11, 22), (57, 101), (130, 134), (10, 25), (14, 169), (103, 137), (112, 140), (138, 168), (84, 87), (35, 109), (44, 139), (20, 114), (74, 167), (41, 45), (78, 91), (55, 89), (2, 7), (37, 93), (9, 86), (5, 42), (80, 164), (88, 171), (70, 135), (127, 132), (19, 71), (49, 51), (161, 173), (83, 92), (15, 67)}
Згенероване вершинне покриття (C): [0, 1, 2, 3, 5, 6, 7, 8, 9, 10, 11, 12, 13, 14, 15, 16, 17, 18, 19, 20, 21, 22, 23, 24, 25, 26, 27, 28, 29, 30, 31, 32, 33, 35, 36, 37, 38, 39, 40, 41, 42, 43, 44, 45, 46, 47, 48, 49, 50, 51, 52, 53, 54, 55, 56, 57, 58, 59, 60, 61, 62, 63, 64, 65, 66, 67, 68, 69, 70, 71, 72, 73, 74, 75, 76, 77, 78, 79, 80, 81, 82, 83, 84, 85, 86, 87, 88, 89, 90, 91, 92, 93, 94, 95, 96, 97, 98, 99, 100, 101, 102, 103, 104, 105, 106, 107, 109, 110, 111, 112, 113, 114, 115, 116, 117, 118, 119, 120, 121, 122, 123, 124, 125, 126, 127, 128, 129, 130, 131, 132, 133, 134, 135, 136, 137, 138, 139, 140, 141, 142, 143, 144, 145, 146, 147, 148, 149, 150, 151, 152, 153, 154, 155, 156, 157, 158, 159, 160, 161, 162, 163, 164, 165, 166, 167, 168, 169, 170, 171, 172, 173, 174]

--- Генерація вершинного покриття (зі списку суміжності) ---
Знайдене максимальне парування (M): {(72, 82), (18, 90), (111, 119), (81, 133), (135, 168), (60, 165), (10, 91), (88, 93), (20, 40), (67, 173), (64, 128), (44, 104), (122, 126), (41, 74), (77, 103), (75, 85), (92, 101), (129, 150), (107, 147), (51, 157), (7, 14), (1, 156), (59, 125), (29, 38), (5, 16), (108, 127), (8, 27), (2, 102), (99, 117), (66, 68), (132, 141), (56, 112), (34, 130), (57, 159), (15, 98), (95, 170), (55, 161), (9, 30), (28, 43), (36, 120), (48, 94), (26, 164), (114, 167), (97, 105), (84, 172), (87, 113), (37, 39), (53, 65), (45, 70), (137, 153), (123, 163), (31, 89), (146, 174), (61, 142), (52, 139), (140, 154), (80, 121), (35, 162), (69, 148), (79, 116), (22, 100), (54, 169), (42, 149), (25, 151), (32, 49), (6, 158), (134, 152), (110, 160), (144, 171), (23, 46), (109, 143), (33, 50), (24, 47), (96, 118), (4, 78), (17, 63), (3, 155), (0, 138), (21, 124), (13, 86), (58, 136), (19, 71), (62, 106), (73, 115), (11, 76)}
Згенероване вершинне покриття (C): [0, 1, 2, 3, 4, 5, 6, 7, 8, 9, 10, 11, 13, 14, 15, 16, 17, 18, 19, 20, 21, 22, 23, 24, 25, 26, 27, 28, 29, 30, 31, 32, 33, 34, 35, 36, 37, 38, 39, 40, 41, 42, 43, 44, 45, 46, 47, 48, 49, 50, 51, 52, 53, 54, 55, 56, 57, 58, 59, 60, 61, 62, 63, 64, 65, 66, 67, 68, 69, 70, 71, 72, 73, 74, 75, 76, 77, 78, 79, 80, 81, 82, 84, 85, 86, 87, 88, 89, 90, 91, 92, 93, 94, 95, 96, 97, 98, 99, 100, 101, 102, 103, 104, 105, 106, 107, 108, 109, 110, 111, 112, 113, 114, 115, 116, 117, 118, 119, 120, 121, 122, 123, 124, 125, 126, 127, 128, 129, 130, 132, 133, 134, 135, 136, 137, 138, 139, 140, 141, 142, 143, 144, 146, 147, 148, 149, 150, 151, 152, 153, 154, 155, 156, 157, 158, 159, 160, 161, 162, 163, 164, 165, 167, 168, 169, 170, 171, 172, 173, 174]

--- Генерація вершинного покриття (зі списку суміжності) ---
Знайдене максимальне парування (M): {(39, 152), (55, 148), (27, 141), (2, 11), (74, 146), (4, 48), (15, 133), (51, 98), (88, 93), (16, 86), (100, 140), (117, 165), (47, 91), (76, 145), (29, 134), (67, 118), (8, 96), (19, 114), (77, 94), (138, 153), (23, 120), (41, 156), (13, 85), (110, 136), (147, 164), (0, 59), (5, 73), (121, 123), (130, 135), (161, 168), (21, 54), (64, 79), (131, 163), (92, 126), (43, 50), (83, 132), (95, 106), (38, 63), (72, 113), (69, 105), (108, 143), (10, 37), (30, 58), (9, 57), (66, 173), (116, 149), (44, 142), (40, 129), (32, 127), (33, 71), (22, 34), (45, 155), (78, 158), (82, 119), (89, 167), (53, 122), (62, 70), (12, 115), (24, 52), (7, 109), (124, 157), (99, 137), (103, 128), (17, 49), (81, 97), (170, 172), (18, 56), (139, 166), (144, 162), (75, 84), (60, 104), (3, 171), (68, 87), (46, 151), (26, 154), (6, 160), (35, 111), (20, 107), (14, 36), (31, 61), (125, 169), (1, 102), (90, 159), (25, 112), (28, 101), (65, 150)}
Згенероване вершинне покриття (C): [0, 1, 2, 3, 4, 5, 6, 7, 8, 9, 10, 11, 12, 13, 14, 15, 16, 17, 18, 19, 20, 21, 22, 23, 24, 25, 26, 27, 28, 29, 30, 31, 32, 33, 34, 35, 36, 37, 38, 39, 40, 41, 43, 44, 45, 46, 47, 48, 49, 50, 51, 52, 53, 54, 55, 56, 57, 58, 59, 60, 61, 62, 63, 64, 65, 66, 67, 68, 69, 70, 71, 72, 73, 74, 75, 76, 77, 78, 79, 81, 82, 83, 84, 85, 86, 87, 88, 89, 90, 91, 92, 93, 94, 95, 96, 97, 98, 99, 100, 101, 102, 103, 104, 105, 106, 107, 108, 109, 110, 111, 112, 113, 114, 115, 116, 117, 118, 119, 120, 121, 122, 123, 124, 125, 126, 127, 128, 129, 130, 131, 132, 133, 134, 135, 136, 137, 138, 139, 140, 141, 142, 143, 144, 145, 146, 147, 148, 149, 150, 151, 152, 153, 154, 155, 156, 157, 158, 159, 160, 161, 162, 163, 164, 165, 166, 167, 168, 169, 170, 171, 172, 173]

--- Генерація вершинного покриття (зі списку суміжності) ---
Знайдене максимальне парування (M): {(94, 174), (35, 161), (128, 154), (37, 134), (89, 171), (50, 127), (117, 156), (21, 39), (138, 142), (24, 65), (15, 16), (54, 72), (18, 85), (10, 111), (11, 55), (3, 26), (5, 87), (63, 95), (40, 102), (22, 151), (75, 78), (97, 163), (29, 56), (67, 159), (104, 132), (88, 90), (66, 105), (57, 129), (23, 106), (1, 133), (34, 48), (19, 93), (13, 144), (28, 114), (110, 131), (20, 140), (41, 62), (43, 59), (115, 164), (17, 25), (69, 169), (36, 166), (76, 147), (81, 143), (46, 152), (51, 120), (103, 167), (68, 124), (2, 8), (80, 162), (79, 139), (71, 153), (14, 82), (123, 126), (130, 141), (4, 99), (73, 116), (109, 112), (70, 108), (31, 64), (122, 157), (58, 121), (86, 146), (84, 158), (113, 173), (74, 83), (42, 149), (32, 150), (38, 145), (7, 148), (45, 49), (91, 101), (12, 119), (60, 168), (92, 118), (27, 137), (52, 136), (53, 165), (9, 77), (100, 170), (30, 160), (6, 135), (44, 107), (33, 125), (47, 96), (155, 172), (61, 98)}
Згенероване вершинне покриття (C): [1, 2, 3, 4, 5, 6, 7, 8, 9, 10, 11, 12, 13, 14, 15, 16, 17, 18, 19, 20, 21, 22, 23, 24, 25, 26, 27, 28, 29, 30, 31, 32, 33, 34, 35, 36, 37, 38, 39, 40, 41, 42, 43, 44, 45, 46, 47, 48, 49, 50, 51, 52, 53, 54, 55, 56, 57, 58, 59, 60, 61, 62, 63, 64, 65, 66, 67, 68, 69, 70, 71, 72, 73, 74, 75, 76, 77, 78, 79, 80, 81, 82, 83, 84, 85, 86, 87, 88, 89, 90, 91, 92, 93, 94, 95, 96, 97, 98, 99, 100, 101, 102, 103, 104, 105, 106, 107, 108, 109, 110, 111, 112, 113, 114, 115, 116, 117, 118, 119, 120, 121, 122, 123, 124, 125, 126, 127, 128, 129, 130, 131, 132, 133, 134, 135, 136, 137, 138, 139, 140, 141, 142, 143, 144, 145, 146, 147, 148, 149, 150, 151, 152, 153, 154, 155, 156, 157, 158, 159, 160, 161, 162, 163, 164, 165, 166, 167, 168, 169, 170, 171, 172, 173, 174]

--- Генерація вершинного покриття (зі списку суміжності) ---
Знайдене максимальне парування (M): {(94, 110), (44, 91), (22, 81), (48, 173), (29, 169), (3, 95), (23, 27), (12, 100), (155, 167), (52, 99), (39, 74), (7, 85), (101, 165), (60, 87), (17, 46), (8, 107), (5, 25), (57, 63), (65, 88), (47, 125), (59, 127), (31, 147), (4, 38), (115, 143), (64, 70), (14, 124), (89, 163), (2, 6), (45, 105), (42, 152), (30, 49), (111, 123), (154, 158), (13, 103), (21, 40), (72, 170), (73, 114), (76, 140), (90, 139), (133, 174), (34, 171), (16, 144), (28, 109), (86, 126), (77, 132), (69, 146), (50, 53), (61, 135), (80, 148), (106, 112), (33, 137), (142, 172), (117, 118), (66, 79), (1, 141), (37, 162), (20, 121), (58, 68), (32, 168), (15, 97), (150, 151), (54, 98), (56, 159), (10, 82), (9, 157), (160, 161), (35, 84), (26, 145), (67, 128), (24, 102), (104, 156), (75, 120), (116, 130), (96, 136), (62, 113), (11, 19), (51, 149), (71, 134), (93, 164), (55, 119), (131, 166), (43, 108), (36, 78), (0, 122), (83, 138), (129, 153)}
Згенероване вершинне покриття (C): [0, 1, 2, 3, 4, 5, 6, 7, 8, 9, 10, 11, 12, 13, 14, 15, 16, 17, 19, 20, 21, 22, 23, 24, 25, 26, 27, 28, 29, 30, 31, 32, 33, 34, 35, 36, 37, 38, 39, 40, 42, 43, 44, 45, 46, 47, 48, 49, 50, 51, 52, 53, 54, 55, 56, 57, 58, 59, 60, 61, 62, 63, 64, 65, 66, 67, 68, 69, 70, 71, 72, 73, 74, 75, 76, 77, 78, 79, 80, 81, 82, 83, 84, 85, 86, 87, 88, 89, 90, 91, 93, 94, 95, 96, 97, 98, 99, 100, 101, 102, 103, 104, 105, 106, 107, 108, 109, 110, 111, 112, 113, 114, 115, 116, 117, 118, 119, 120, 121, 122, 123, 124, 125, 126, 127, 128, 129, 130, 131, 132, 133, 134, 135, 136, 137, 138, 139, 140, 141, 142, 143, 144, 145, 146, 147, 148, 149, 150, 151, 152, 153, 154, 155, 156, 157, 158, 159, 160, 161, 162, 163, 164, 165, 166, 167, 168, 169, 170, 171, 172, 173, 174]

--- Генерація вершинного покриття (зі списку суміжності) ---
Знайдене максимальне парування (M): {(89, 132), (37, 70), (133, 141), (29, 41), (125, 146), (46, 57), (28, 30), (43, 76), (26, 124), (72, 121), (103, 136), (75, 99), (32, 167), (53, 80), (116, 127), (45, 94), (155, 158), (102, 164), (1, 35), (128, 149), (100, 142), (71, 115), (51, 130), (61, 104), (39, 112), (23, 159), (85, 143), (126, 162), (17, 48), (6, 157), (0, 68), (82, 174), (22, 153), (59, 84), (15, 123), (166, 173), (105, 154), (8, 148), (119, 152), (122, 169), (3, 78), (44, 131), (52, 144), (18, 66), (117, 139), (83, 171), (120, 135), (21, 31), (95, 163), (40, 65), (27, 165), (58, 137), (49, 168), (55, 110), (12, 69), (7, 54), (98, 138), (19, 147), (93, 96), (77, 109), (25, 87), (24, 91), (106, 151), (16, 160), (47, 156), (134, 170), (11, 90), (64, 74), (42, 108), (60, 67), (62, 86), (107, 118), (33, 114), (36, 140), (81, 172), (56, 97), (34, 161), (5, 88), (14, 63), (92, 129), (10, 50), (13, 113), (111, 145), (9, 79), (2, 73), (4, 101)}
Згенероване вершинне покриття (C): [0, 1, 2, 3, 4, 5, 6, 7, 8, 9, 10, 11, 12, 13, 14, 15, 16, 17, 18, 19, 21, 22, 23, 24, 25, 26, 27, 28, 29, 30, 31, 32, 33, 34, 35, 36, 37, 39, 40, 41, 42, 43, 44, 45, 46, 47, 48, 49, 50, 51, 52, 53, 54, 55, 56, 57, 58, 59, 60, 61, 62, 63, 64, 65, 66, 67, 68, 69, 70, 71, 72, 73, 74, 75, 76, 77, 78, 79, 80, 81, 82, 83, 84, 85, 86, 87, 88, 89, 90, 91, 92, 93, 94, 95, 96, 97, 98, 99, 100, 101, 102, 103, 104, 105, 106, 107, 108, 109, 110, 111, 112, 113, 114, 115, 116, 117, 118, 119, 120, 121, 122, 123, 124, 125, 126, 127, 128, 129, 130, 131, 132, 133, 134, 135, 136, 137, 138, 139, 140, 141, 142, 143, 144, 145, 146, 147, 148, 149, 151, 152, 153, 154, 155, 156, 157, 158, 159, 160, 161, 162, 163, 164, 165, 166, 167, 168, 169, 170, 171, 172, 173, 174]

--- Генерація вершинного покриття (зі списку суміжності) ---
Знайдене максимальне парування (M): {(72, 73), (113, 154), (6, 146), (30, 110), (33, 109), (87, 144), (156, 161), (8, 64), (37, 79), (83, 140), (132, 142), (23, 134), (18, 147), (24, 163), (2, 96), (119, 153), (20, 95), (58, 152), (126, 158), (130, 165), (5, 124), (93, 136), (54, 99), (22, 103), (26, 137), (25, 148), (116, 122), (81, 164), (51, 59), (75, 78), (32, 82), (141, 172), (1, 21), (34, 174), (118, 167), (47, 61), (77, 135), (114, 117), (13, 62), (49, 125), (10, 35), (28, 169), (42, 168), (9, 46), (16, 94), (40, 88), (12, 145), (53, 63), (17, 43), (0, 91), (19, 104), (57, 97), (31, 151), (11, 38), (39, 139), (80, 128), (70, 90), (68, 138), (29, 67), (48, 98), (4, 92), (121, 131), (100, 166), (66, 143), (60, 102), (84, 133), (56, 150), (74, 76), (3, 107), (108, 160), (69, 171), (55, 89), (44, 123), (36, 85), (45, 106), (155, 170), (65, 157), (50, 105), (7, 15), (115, 149), (112, 162), (101, 159), (52, 120), (71, 127), (86, 173), (14, 111), (27, 41)}
Згенероване вершинне покриття (C): [0, 1, 2, 3, 4, 5, 6, 7, 8, 9, 10, 11, 12, 13, 14, 15, 16, 17, 18, 19, 20, 21, 22, 23, 24, 25, 26, 27, 28, 29, 30, 31, 32, 33, 34, 35, 36, 37, 38, 39, 40, 41, 42, 43, 44, 45, 46, 47, 48, 49, 50, 51, 52, 53, 54, 55, 56, 57, 58, 59, 60, 61, 62, 63, 64, 65, 66, 67, 68, 69, 70, 71, 72, 73, 74, 75, 76, 77, 78, 79, 80, 81, 82, 83, 84, 85, 86, 87, 88, 89, 90, 91, 92, 93, 94, 95, 96, 97, 98, 99, 100, 101, 102, 103, 104, 105, 106, 107, 108, 109, 110, 111, 112, 113, 114, 115, 116, 117, 118, 119, 120, 121, 122, 123, 124, 125, 126, 127, 128, 130, 131, 132, 133, 134, 135, 136, 137, 138, 139, 140, 141, 142, 143, 144, 145, 146, 147, 148, 149, 150, 151, 152, 153, 154, 155, 156, 157, 158, 159, 160, 161, 162, 163, 164, 165, 166, 167, 168, 169, 170, 171, 172, 173, 174]

--- Генерація вершинного покриття (зі списку суміжності) ---
Знайдене максимальне парування (M): {(4, 55), (8, 9), (58, 104), (44, 157), (64, 135), (98, 112), (156, 172), (119, 171), (138, 151), (75, 165), (16, 42), (154, 168), (70, 77), (29, 118), (20, 115), (72, 134), (21, 132), (36, 114), (108, 109), (81, 164), (65, 122), (61, 79), (7, 117), (69, 101), (35, 133), (116, 152), (54, 149), (49, 162), (80, 85), (41, 96), (160, 166), (28, 59), (19, 56), (100, 130), (88, 174), (32, 50), (12, 26), (89, 145), (143, 146), (30, 86), (107, 153), (1, 25), (90, 91), (37, 103), (53, 129), (110, 126), (34, 125), (3, 82), (13, 68), (10, 14), (47, 51), (40, 76), (83, 111), (39, 141), (106, 140), (38, 161), (15, 159), (31, 155), (45, 93), (144, 169), (46, 131), (48, 137), (2, 158), (18, 84), (57, 167), (73, 102), (60, 95), (63, 128), (97, 123), (92, 173), (52, 127), (43, 124), (0, 120), (66, 74), (17, 163), (6, 71), (23, 121), (87, 142), (78, 139), (24, 113), (5, 136), (11, 67), (27, 148), (105, 150), (94, 147), (22, 170)}
Згенероване вершинне покриття (C): [0, 1, 2, 3, 4, 5, 6, 7, 8, 9, 10, 11, 12, 13, 14, 15, 16, 17, 18, 19, 20, 21, 22, 23, 24, 25, 26, 27, 28, 29, 30, 31, 32, 34, 35, 36, 37, 38, 39, 40, 41, 42, 43, 44, 45, 46, 47, 48, 49, 50, 51, 52, 53, 54, 55, 56, 57, 58, 59, 60, 61, 63, 64, 65, 66, 67, 68, 69, 70, 71, 72, 73, 74, 75, 76, 77, 78, 79, 80, 81, 82, 83, 84, 85, 86, 87, 88, 89, 90, 91, 92, 93, 94, 95, 96, 97, 98, 100, 101, 102, 103, 104, 105, 106, 107, 108, 109, 110, 111, 112, 113, 114, 115, 116, 117, 118, 119, 120, 121, 122, 123, 124, 125, 126, 127, 128, 129, 130, 131, 132, 133, 134, 135, 136, 137, 138, 139, 140, 141, 142, 143, 144, 145, 146, 147, 148, 149, 150, 151, 152, 153, 154, 155, 156, 157, 158, 159, 160, 161, 162, 163, 164, 165, 166, 167, 168, 169, 170, 171, 172, 173, 174]

--- Генерація вершинного покриття (зі списку суміжності) ---
Знайдене максимальне парування (M): {(36, 126), (35, 51), (119, 169), (49, 117), (60, 165), (50, 164), (21, 73), (8, 39), (88, 111), (64, 89), (13, 172), (11, 80), (52, 81), (59, 96), (7, 67), (41, 163), (116, 120), (65, 129), (15, 110), (30, 141), (5, 87), (98, 153), (61, 168), (2, 155), (19, 171), (99, 115), (92, 140), (40, 47), (84, 102), (90, 133), (25, 77), (44, 145), (27, 104), (17, 103), (122, 158), (71, 156), (45, 82), (78, 79), (69, 76), (94, 148), (93, 97), (34, 57), (1, 32), (83, 105), (56, 75), (123, 159), (170, 173), (132, 143), (54, 62), (137, 151), (42, 63), (16, 144), (68, 154), (95, 138), (38, 86), (23, 131), (4, 127), (3, 18), (118, 139), (31, 128), (109, 130), (100, 136), (6, 46), (101, 134), (0, 152), (72, 149), (28, 70), (124, 150), (22, 157), (29, 53), (20, 114), (74, 167), (9, 166), (14, 125), (43, 161), (55, 135), (10, 48), (66, 147), (91, 112), (12, 121), (106, 146), (33, 107), (24, 113), (26, 174), (142, 160), (85, 162)}
Згенероване вершинне покриття (C): [0, 1, 2, 3, 4, 5, 6, 7, 8, 9, 10, 11, 12, 13, 14, 15, 16, 17, 18, 19, 20, 21, 22, 23, 24, 25, 26, 27, 28, 29, 30, 31, 32, 33, 34, 35, 36, 38, 39, 40, 41, 42, 43, 44, 45, 46, 47, 48, 49, 50, 51, 52, 53, 54, 55, 56, 57, 59, 60, 61, 62, 63, 64, 65, 66, 67, 68, 69, 70, 71, 72, 73, 74, 75, 76, 77, 78, 79, 80, 81, 82, 83, 84, 85, 86, 87, 88, 89, 90, 91, 92, 93, 94, 95, 96, 97, 98, 99, 100, 101, 102, 103, 104, 105, 106, 107, 109, 110, 111, 112, 113, 114, 115, 116, 117, 118, 119, 120, 121, 122, 123, 124, 125, 126, 127, 128, 129, 130, 131, 132, 133, 134, 135, 136, 137, 138, 139, 140, 141, 142, 143, 144, 145, 146, 147, 148, 149, 150, 151, 152, 153, 154, 155, 156, 157, 158, 159, 160, 161, 162, 163, 164, 165, 166, 167, 168, 169, 170, 171, 172, 173, 174]

--- Генерація вершинного покриття (зі списку суміжності) ---
Знайдене максимальне парування (M): {(57, 91), (50, 61), (114, 173), (22, 172), (97, 120), (49, 144), (52, 170), (65, 109), (139, 156), (29, 98), (6, 41), (56, 94), (3, 88), (32, 78), (80, 106), (23, 118), (51, 164), (64, 146), (9, 12), (4, 34), (13, 30), (1, 147), (10, 95), (71, 81), (5, 62), (93, 104), (20, 138), (31, 37), (128, 162), (84, 159), (66, 123), (83, 148), (121, 150), (27, 115), (47, 127), (75, 110), (119, 143), (63, 163), (38, 54), (7, 167), (11, 155), (48, 149), (46, 161), (58, 126), (68, 108), (26, 111), (76, 133), (74, 145), (14, 103), (19, 99), (140, 154), (131, 169), (55, 85), (77, 152), (72, 101), (24, 171), (116, 135), (17, 141), (0, 134), (16, 130), (33, 39), (73, 166), (125, 158), (96, 100), (60, 113), (112, 160), (42, 53), (67, 137), (35, 102), (15, 44), (59, 142), (18, 168), (8, 87), (40, 174), (117, 122), (92, 157), (43, 90), (79, 86), (45, 136), (105, 132), (107, 129), (36, 151), (2, 82), (28, 165)}
Згенероване вершинне покриття (C): [0, 1, 2, 3, 4, 5, 6, 7, 8, 9, 10, 11, 12, 13, 14, 15, 16, 17, 18, 19, 20, 22, 23, 24, 26, 27, 28, 29, 30, 31, 32, 33, 34, 35, 36, 37, 38, 39, 40, 41, 42, 43, 44, 45, 46, 47, 48, 49, 50, 51, 52, 53, 54, 55, 56, 57, 58, 59, 60, 61, 62, 63, 64, 65, 66, 67, 68, 71, 72, 73, 74, 75, 76, 77, 78, 79, 80, 81, 82, 83, 84, 85, 86, 87, 88, 90, 91, 92, 93, 94, 95, 96, 97, 98, 99, 100, 101, 102, 103, 104, 105, 106, 107, 108, 109, 110, 111, 112, 113, 114, 115, 116, 117, 118, 119, 120, 121, 122, 123, 125, 126, 127, 128, 129, 130, 131, 132, 133, 134, 135, 136, 137, 138, 139, 140, 141, 142, 143, 144, 145, 146, 147, 148, 149, 150, 151, 152, 154, 155, 156, 157, 158, 159, 160, 161, 162, 163, 164, 165, 166, 167, 168, 169, 170, 171, 172, 173, 174]

--- Генерація вершинного покриття (зі списку суміжності) ---
Знайдене максимальне парування (M): {(116, 171), (105, 125), (109, 150), (40, 169), (41, 79), (74, 91), (107, 152), (96, 97), (65, 100), (19, 57), (71, 159), (7, 101), (28, 78), (5, 140), (48, 120), (30, 148), (12, 173), (129, 157), (131, 154), (63, 166), (95, 118), (83, 98), (15, 137), (2, 155), (37, 67), (99, 170), (58, 147), (69, 92), (75, 87), (123, 136), (115, 133), (29, 77), (62, 144), (16, 156), (46, 56), (51, 70), (26, 50), (38, 61), (80, 158), (1, 14), (81, 132), (34, 112), (45, 130), (68, 122), (4, 86), (33, 76), (27, 90), (117, 121), (9, 66), (54, 153), (49, 111), (53, 93), (18, 114), (89, 110), (82, 126), (102, 113), (35, 59), (8, 17), (10, 160), (104, 106), (84, 167), (39, 43), (73, 164), (88, 146), (127, 162), (119, 124), (85, 165), (13, 36), (6, 149), (55, 142), (72, 103), (25, 172), (42, 44), (32, 161), (11, 138), (31, 52), (22, 168), (23, 139), (141, 143), (64, 94), (135, 145), (108, 128), (3, 20), (47, 151), (0, 21), (134, 174), (60, 163)}
Згенероване вершинне покриття (C): [0, 1, 2, 3, 4, 5, 6, 7, 8, 9, 10, 11, 12, 13, 14, 15, 16, 17, 18, 19, 20, 21, 22, 23, 25, 26, 27, 28, 29, 30, 31, 32, 33, 34, 35, 36, 37, 38, 39, 40, 41, 42, 43, 44, 45, 46, 47, 48, 49, 50, 51, 52, 53, 54, 55, 56, 57, 58, 59, 60, 61, 62, 63, 64, 65, 66, 67, 68, 69, 70, 71, 72, 73, 74, 75, 76, 77, 78, 79, 80, 81, 82, 83, 84, 85, 86, 87, 88, 89, 90, 91, 92, 93, 94, 95, 96, 97, 98, 99, 100, 101, 102, 103, 104, 105, 106, 107, 108, 109, 110, 111, 112, 113, 114, 115, 116, 117, 118, 119, 120, 121, 122, 123, 124, 125, 126, 127, 128, 129, 130, 131, 132, 133, 134, 135, 136, 137, 138, 139, 140, 141, 142, 143, 144, 145, 146, 147, 148, 149, 150, 151, 152, 153, 154, 155, 156, 157, 158, 159, 160, 161, 162, 163, 164, 165, 166, 167, 168, 169, 170, 171, 172, 173, 174]

--- Генерація вершинного покриття (зі списку суміжності) ---
Знайдене максимальне парування (M): {(58, 86), (5, 28), (57, 130), (157, 162), (44, 84), (79, 154), (137, 168), (51, 73), (6, 59), (72, 77), (116, 166), (27, 109), (2, 34), (105, 120), (125, 132), (102, 139), (17, 80), (31, 42), (152, 170), (55, 164), (35, 76), (64, 112), (69, 108), (135, 172), (88, 161), (30, 52), (7, 151), (92, 140), (9, 78), (14, 101), (94, 155), (104, 123), (90, 169), (22, 89), (103, 117), (18, 46), (81, 114), (70, 93), (62, 119), (10, 26), (36, 173), (0, 153), (11, 171), (49, 100), (33, 67), (29, 115), (138, 150), (131, 156), (48, 149), (54, 144), (63, 165), (41, 82), (53, 111), (20, 126), (60, 107), (40, 83), (68, 99), (21, 24), (85, 124), (127, 133), (4, 163), (19, 145), (13, 25), (32, 38), (66, 159), (23, 142), (16, 39), (50, 71), (43, 65), (110, 158), (45, 47), (146, 160), (91, 147), (113, 129), (75, 148), (122, 143), (61, 121), (95, 98), (1, 118), (87, 167), (15, 74), (106, 128), (97, 134), (37, 141), (136, 174), (12, 96), (3, 56)}
Згенероване вершинне покриття (C): [0, 1, 2, 3, 4, 5, 6, 7, 9, 10, 11, 12, 13, 14, 15, 16, 17, 18, 19, 20, 21, 22, 23, 24, 25, 26, 27, 28, 29, 30, 31, 32, 33, 34, 35, 36, 37, 38, 39, 40, 41, 42, 43, 44, 45, 46, 47, 48, 49, 50, 51, 52, 53, 54, 55, 56, 57, 58, 59, 60, 61, 62, 63, 64, 65, 66, 67, 68, 69, 70, 71, 72, 73, 74, 75, 76, 77, 78, 79, 80, 81, 82, 83, 84, 85, 86, 87, 88, 89, 90, 91, 92, 93, 94, 95, 96, 97, 98, 99, 100, 101, 102, 103, 104, 105, 106, 107, 108, 109, 110, 111, 112, 113, 114, 115, 116, 117, 118, 119, 120, 121, 122, 123, 124, 125, 126, 127, 128, 129, 130, 131, 132, 133, 134, 135, 136, 137, 138, 139, 140, 141, 142, 143, 144, 145, 146, 147, 148, 149, 150, 151, 152, 153, 154, 155, 156, 157, 158, 159, 160, 161, 162, 163, 164, 165, 166, 167, 168, 169, 170, 171, 172, 173, 174]

--- Генерація вершинного покриття (зі списку суміжності) ---
Знайдене максимальне парування (M): {(27, 105), (57, 66), (132, 142), (98, 140), (129, 155), (55, 123), (69, 131), (44, 56), (93, 125), (41, 154), (75, 165), (1, 99), (102, 121), (11, 101), (39, 46), (117, 167), (24, 58), (109, 172), (40, 63), (2, 91), (118, 174), (19, 171), (0, 112), (7, 108), (151, 152), (79, 87), (82, 138), (38, 162), (10, 136), (4, 47), (17, 160), (59, 120), (107, 169), (96, 126), (72, 104), (6, 122), (53, 127), (88, 94), (85, 95), (45, 68), (30, 168), (84, 90), (12, 92), (52, 73), (23, 37), (21, 49), (50, 149), (83, 100), (65, 103), (97, 144), (124, 146), (36, 143), (22, 43), (8, 35), (13, 25), (26, 86), (51, 170), (67, 78), (135, 148), (153, 163), (62, 173), (42, 158), (9, 54), (18, 20), (81, 115), (111, 159), (5, 150), (34, 113), (48, 130), (110, 114), (71, 141), (89, 119), (64, 74), (70, 133), (16, 61), (32, 145), (106, 137), (15, 147), (33, 116), (128, 161), (3, 29), (134, 156), (31, 164), (76, 77), (14, 157), (80, 166)}
Згенероване вершинне покриття (C): [0, 1, 2, 3, 4, 5, 6, 7, 8, 9, 10, 11, 12, 13, 14, 15, 16, 17, 18, 19, 20, 21, 22, 23, 24, 25, 26, 27, 29, 30, 31, 32, 33, 34, 35, 36, 37, 38, 39, 40, 41, 42, 43, 44, 45, 46, 47, 48, 49, 50, 51, 52, 53, 54, 55, 56, 57, 58, 59, 61, 62, 63, 64, 65, 66, 67, 68, 69, 70, 71, 72, 73, 74, 75, 76, 77, 78, 79, 80, 81, 82, 83, 84, 85, 86, 87, 88, 89, 90, 91, 92, 93, 94, 95, 96, 97, 98, 99, 100, 101, 102, 103, 104, 105, 106, 107, 108, 109, 110, 111, 112, 113, 114, 115, 116, 117, 118, 119, 120, 121, 122, 123, 124, 125, 126, 127, 128, 129, 130, 131, 132, 133, 134, 135, 136, 137, 138, 140, 141, 142, 143, 144, 145, 146, 147, 148, 149, 150, 151, 152, 153, 154, 155, 156, 157, 158, 159, 160, 161, 162, 163, 164, 165, 166, 167, 168, 169, 170, 171, 172, 173, 174]

--- Генерація вершинного покриття (зі списку суміжності) ---
Знайдене максимальне парування (M): {(24, 33), (110, 139), (42, 130), (85, 128), (46, 84), (166, 174), (124, 168), (32, 167), (81, 105), (11, 172), (3, 79), (0, 126), (74, 148), (76, 145), (95, 134), (21, 75), (36, 121), (7, 30), (146, 164), (48, 49), (19, 141), (37, 156), (9, 149), (16, 63), (132, 155), (18, 151), (112, 173), (97, 108), (15, 66), (50, 51), (14, 58), (68, 157), (56, 137), (104, 107), (13, 80), (8, 93), (90, 162), (106, 152), (61, 147), (1, 135), (99, 103), (5, 77), (41, 64), (86, 96), (129, 131), (150, 163), (116, 140), (2, 17), (102, 122), (43, 100), (4, 72), (127, 133), (153, 170), (10, 23), (54, 57), (38, 70), (111, 118), (27, 60), (78, 142), (25, 115), (143, 161), (73, 109), (65, 71), (67, 160), (35, 45), (89, 98), (28, 88), (55, 169), (40, 117), (47, 165), (6, 69), (120, 125), (53, 83), (26, 44), (87, 94), (20, 34), (101, 138), (22, 113), (59, 62), (123, 171), (31, 91), (29, 39), (119, 158), (92, 159), (82, 136), (12, 114)}
Згенероване вершинне покриття (C): [0, 1, 2, 3, 4, 5, 6, 7, 8, 9, 10, 11, 12, 13, 14, 15, 16, 17, 18, 19, 20, 21, 22, 23, 24, 25, 26, 27, 28, 29, 30, 31, 32, 33, 34, 35, 36, 37, 38, 39, 40, 41, 42, 43, 44, 45, 46, 47, 48, 49, 50, 51, 53, 54, 55, 56, 57, 58, 59, 60, 61, 62, 63, 64, 65, 66, 67, 68, 69, 70, 71, 72, 73, 74, 75, 76, 77, 78, 79, 80, 81, 82, 83, 84, 85, 86, 87, 88, 89, 90, 91, 92, 93, 94, 95, 96, 97, 98, 99, 100, 101, 102, 103, 104, 105, 106, 107, 108, 109, 110, 111, 112, 113, 114, 115, 116, 117, 118, 119, 120, 121, 122, 123, 124, 125, 126, 127, 128, 129, 130, 131, 132, 133, 134, 135, 136, 137, 138, 139, 140, 141, 142, 143, 145, 146, 147, 148, 149, 150, 151, 152, 153, 155, 156, 157, 158, 159, 160, 161, 162, 163, 164, 165, 166, 167, 168, 169, 170, 171, 172, 173, 174]

--- Генерація вершинного покриття (зі списку суміжності) ---
Знайдене максимальне парування (M): {(80, 120), (26, 149), (34, 65), (42, 130), (70, 146), (22, 35), (144, 159), (32, 76), (77, 172), (52, 152), (1, 24), (151, 173), (44, 47), (73, 156), (11, 117), (8, 75), (83, 87), (50, 84), (18, 131), (9, 49), (2, 43), (62, 94), (133, 145), (119, 164), (29, 54), (86, 170), (97, 115), (53, 112), (36, 114), (33, 161), (63, 95), (21, 25), (23, 141), (39, 103), (0, 66), (46, 127), (7, 108), (143, 160), (38, 132), (107, 158), (81, 93), (71, 92), (147, 166), (137, 174), (15, 123), (110, 168), (89, 124), (99, 101), (56, 139), (60, 148), (96, 153), (10, 165), (37, 64), (3, 135), (61, 67), (27, 138), (111, 171), (100, 134), (6, 90), (113, 125), (4, 163), (19, 154), (88, 162), (116, 126), (45, 157), (16, 121), (17, 150), (20, 57), (5, 102), (40, 69), (106, 169), (31, 41), (55, 105), (74, 140), (14, 98), (78, 128), (28, 72), (79, 129), (48, 59), (51, 85), (122, 136), (58, 109), (13, 104), (91, 142), (68, 82)}
Згенероване вершинне покриття (C): [0, 1, 2, 3, 4, 5, 6, 7, 8, 9, 10, 11, 13, 14, 15, 16, 17, 18, 19, 20, 21, 22, 23, 24, 25, 26, 27, 28, 29, 31, 32, 33, 34, 35, 36, 37, 38, 39, 40, 41, 42, 43, 44, 45, 46, 47, 48, 49, 50, 51, 52, 53, 54, 55, 56, 57, 58, 59, 60, 61, 62, 63, 64, 65, 66, 67, 68, 69, 70, 71, 72, 73, 74, 75, 76, 77, 78, 79, 80, 81, 82, 83, 84, 85, 86, 87, 88, 89, 90, 91, 92, 93, 94, 95, 96, 97, 98, 99, 100, 101, 102, 103, 104, 105, 106, 107, 108, 109, 110, 111, 112, 113, 114, 115, 116, 117, 119, 120, 121, 122, 123, 124, 125, 126, 127, 128, 129, 130, 131, 132, 133, 134, 135, 136, 137, 138, 139, 140, 141, 142, 143, 144, 145, 146, 147, 148, 149, 150, 151, 152, 153, 154, 156, 157, 158, 159, 160, 161, 162, 163, 164, 165, 166, 168, 169, 170, 171, 172, 173, 174]

--- Генерація вершинного покриття (зі списку суміжності) ---
Знайдене максимальне парування (M): {(32, 37), (15, 140), (103, 143), (52, 113), (93, 132), (0, 60), (11, 124), (14, 86), (22, 117), (108, 114), (70, 75), (134, 151), (2, 4), (40, 107), (97, 168), (25, 36), (82, 152), (30, 68), (71, 170), (49, 167), (24, 67), (131, 147), (35, 76), (101, 149), (56, 126), (3, 10), (43, 55), (84, 157), (120, 156), (44, 136), (87, 116), (62, 144), (34, 73), (5, 128), (94, 139), (38, 171), (80, 85), (89, 106), (18, 146), (1, 160), (13, 137), (50, 165), (47, 65), (45, 77), (91, 129), (29, 90), (121, 164), (12, 28), (72, 161), (58, 153), (7, 169), (48, 142), (9, 105), (8, 26), (27, 158), (17, 102), (162, 166), (163, 174), (33, 46), (31, 155), (19, 138), (118, 141), (54, 59), (42, 51), (88, 112), (79, 109), (78, 98), (20, 123), (64, 74), (69, 125), (16, 61), (83, 99), (122, 145), (6, 135), (23, 66), (41, 111), (63, 96), (39, 159), (81, 110), (172, 173), (100, 154), (57, 119), (92, 150), (21, 53), (104, 133), (95, 130)}
Згенероване вершинне покриття (C): [0, 1, 2, 3, 4, 5, 6, 7, 8, 9, 10, 11, 12, 13, 14, 15, 16, 17, 18, 19, 20, 21, 22, 23, 24, 25, 26, 27, 28, 29, 30, 31, 32, 33, 34, 35, 36, 37, 38, 39, 40, 41, 42, 43, 44, 45, 46, 47, 48, 49, 50, 51, 52, 53, 54, 55, 56, 57, 58, 59, 60, 61, 62, 63, 64, 65, 66, 67, 68, 69, 70, 71, 72, 73, 74, 75, 76, 77, 78, 79, 80, 81, 82, 83, 84, 85, 86, 87, 88, 89, 90, 91, 92, 93, 94, 95, 96, 97, 98, 99, 100, 101, 102, 103, 104, 105, 106, 107, 108, 109, 110, 111, 112, 113, 114, 116, 117, 118, 119, 120, 121, 122, 123, 124, 125, 126, 128, 129, 130, 131, 132, 133, 134, 135, 136, 137, 138, 139, 140, 141, 142, 143, 144, 145, 146, 147, 149, 150, 151, 152, 153, 154, 155, 156, 157, 158, 159, 160, 161, 162, 163, 164, 165, 166, 167, 168, 169, 170, 171, 172, 173, 174]

--- Генерація вершинного покриття (зі списку суміжності) ---
Знайдене максимальне парування (M): {(62, 72), (81, 85), (42, 112), (56, 83), (161, 166), (55, 157), (17, 30), (122, 131), (20, 111), (135, 168), (11, 44), (164, 167), (36, 128), (2, 41), (24, 163), (73, 156), (32, 69), (22, 46), (60, 94), (58, 106), (10, 102), (37, 65), (125, 132), (19, 141), (43, 71), (33, 70), (104, 121), (105, 159), (53, 84), (31, 154), (67, 150), (13, 142), (49, 162), (123, 138), (52, 96), (133, 170), (8, 93), (39, 126), (47, 54), (27, 51), (78, 145), (158, 171), (108, 152), (45, 59), (4, 79), (14, 25), (89, 101), (34, 61), (38, 86), (74, 115), (97, 144), (90, 114), (1, 66), (140, 172), (6, 147), (21, 26), (12, 23), (57, 174), (7, 173), (48, 64), (28, 95), (119, 124), (82, 139), (103, 137), (146, 160), (18, 29), (75, 118), (92, 134), (0, 63), (35, 127), (87, 165), (117, 120), (148, 153), (3, 98), (109, 116), (100, 113), (107, 136), (76, 130), (40, 110), (5, 88), (129, 151), (16, 155), (50, 68), (9, 15), (99, 143), (91, 169)}
Згенероване вершинне покриття (C): [0, 1, 2, 3, 4, 5, 6, 7, 8, 9, 10, 11, 12, 13, 14, 15, 16, 17, 18, 19, 20, 21, 22, 23, 24, 25, 26, 27, 28, 29, 30, 31, 32, 33, 34, 35, 36, 37, 38, 39, 40, 41, 42, 43, 44, 45, 46, 47, 48, 49, 50, 51, 52, 53, 54, 55, 56, 57, 58, 59, 60, 61, 62, 63, 64, 65, 66, 67, 68, 69, 70, 71, 72, 73, 74, 75, 76, 78, 79, 81, 82, 83, 84, 85, 86, 87, 88, 89, 90, 91, 92, 93, 94, 95, 96, 97, 98, 99, 100, 101, 102, 103, 104, 105, 106, 107, 108, 109, 110, 111, 112, 113, 114, 115, 116, 117, 118, 119, 120, 121, 122, 123, 124, 125, 126, 127, 128, 129, 130, 131, 132, 133, 134, 135, 136, 137, 138, 139, 140, 141, 142, 143, 144, 145, 146, 147, 148, 150, 151, 152, 153, 154, 155, 156, 157, 158, 159, 160, 161, 162, 163, 164, 165, 166, 167, 168, 169, 170, 171, 172, 173, 174]

--- Генерація вершинного покриття (зі списку суміжності) ---
Знайдене максимальне парування (M): {(4, 73), (136, 167), (40, 123), (3, 49), (6, 66), (75, 108), (88, 111), (42, 68), (56, 85), (63, 100), (1, 8), (67, 173), (58, 170), (50, 166), (97, 131), (79, 101), (45, 78), (27, 72), (48, 113), (84, 118), (7, 124), (36, 114), (61, 122), (2, 155), (128, 142), (133, 138), (31, 154), (80, 156), (25, 77), (121, 148), (35, 87), (17, 103), (65, 152), (33, 99), (18, 144), (110, 129), (0, 41), (12, 134), (22, 153), (26, 169), (43, 130), (47, 164), (46, 159), (5, 139), (70, 150), (14, 160), (44, 149), (96, 98), (171, 174), (51, 120), (32, 125), (107, 137), (91, 104), (15, 20), (24, 105), (69, 82), (39, 59), (9, 89), (71, 146), (163, 165), (95, 158), (90, 143), (102, 172), (83, 168), (92, 116), (23, 135), (64, 145), (13, 54), (86, 157), (11, 81), (52, 109), (16, 162), (10, 57), (37, 93), (74, 151), (34, 115), (60, 106), (38, 140), (30, 53), (127, 132), (19, 126), (117, 161), (29, 112), (94, 147), (76, 141), (21, 62)}
Згенероване вершинне покриття (C): [0, 1, 2, 3, 4, 5, 6, 7, 8, 9, 10, 11, 12, 13, 14, 15, 16, 17, 18, 19, 20, 21, 22, 23, 24, 25, 26, 27, 29, 30, 31, 32, 33, 34, 35, 36, 37, 38, 39, 40, 41, 42, 43, 44, 45, 46, 47, 48, 49, 50, 51, 52, 53, 54, 56, 57, 58, 59, 60, 61, 62, 63, 64, 65, 66, 67, 68, 69, 70, 71, 72, 73, 74, 75, 76, 77, 78, 79, 80, 81, 82, 83, 84, 85, 86, 87, 88, 89, 90, 91, 92, 93, 94, 95, 96, 97, 98, 99, 100, 101, 102, 103, 104, 105, 106, 107, 108, 109, 110, 111, 112, 113, 114, 115, 116, 117, 118, 120, 121, 122, 123, 124, 125, 126, 127, 128, 129, 130, 131, 132, 133, 134, 135, 136, 137, 138, 139, 140, 141, 142, 143, 144, 145, 146, 147, 148, 149, 150, 151, 152, 153, 154, 155, 156, 157, 158, 159, 160, 161, 162, 163, 164, 165, 166, 167, 168, 169, 170, 171, 172, 173, 174]

--- Генерація вершинного покриття (зі списку суміжності) ---
Знайдене максимальне парування (M): {(88, 164), (55, 157), (42, 139), (32, 131), (9, 99), (48, 120), (115, 128), (40, 134), (124, 170), (8, 41), (56, 69), (78, 136), (46, 125), (12, 166), (74, 150), (26, 73), (18, 133), (43, 98), (10, 168), (11, 167), (27, 129), (117, 151), (36, 77), (19, 70), (94, 146), (89, 104), (96, 140), (126, 153), (84, 86), (15, 105), (21, 109), (52, 87), (158, 169), (37, 172), (39, 80), (6, 22), (54, 160), (38, 173), (59, 95), (1, 16), (47, 111), (81, 143), (0, 155), (3, 62), (57, 161), (63, 101), (25, 65), (30, 33), (71, 135), (85, 152), (34, 61), (5, 116), (17, 118), (23, 67), (51, 113), (4, 145), (110, 156), (107, 148), (2, 138), (14, 112), (130, 171), (72, 174), (58, 114), (44, 103), (35, 100), (7, 93), (53, 154), (50, 82), (90, 127), (108, 142), (97, 132), (49, 92), (60, 122), (64, 147), (76, 121), (119, 165), (28, 163), (68, 144), (13, 141), (106, 137), (123, 162), (24, 159), (31, 91), (20, 45), (66, 149), (29, 75)}
Згенероване вершинне покриття (C): [0, 1, 2, 3, 4, 5, 6, 7, 8, 9, 10, 11, 12, 13, 14, 15, 16, 17, 18, 19, 20, 21, 22, 23, 24, 25, 26, 27, 28, 29, 30, 31, 32, 33, 34, 35, 36, 37, 38, 39, 40, 41, 42, 43, 44, 45, 46, 47, 48, 49, 50, 51, 52, 53, 54, 55, 56, 57, 58, 59, 60, 61, 62, 63, 64, 65, 66, 67, 68, 69, 70, 71, 72, 73, 74, 75, 76, 77, 78, 80, 81, 82, 84, 85, 86, 87, 88, 89, 90, 91, 92, 93, 94, 95, 96, 97, 98, 99, 100, 101, 103, 104, 105, 106, 107, 108, 109, 110, 111, 112, 113, 114, 115, 116, 117, 118, 119, 120, 121, 122, 123, 124, 125, 126, 127, 128, 129, 130, 131, 132, 133, 134, 135, 136, 137, 138, 139, 140, 141, 142, 143, 144, 145, 146, 147, 148, 149, 150, 151, 152, 153, 154, 155, 156, 157, 158, 159, 160, 161, 162, 163, 164, 165, 166, 167, 168, 169, 170, 171, 172, 173, 174]

--- Генерація вершинного покриття (зі списку суміжності) ---
Знайдене максимальне парування (M): {(50, 61), (35, 51), (65, 116), (73, 99), (111, 156), (14, 31), (15, 60), (4, 57), (48, 93), (79, 108), (30, 75), (115, 119), (106, 125), (90, 92), (64, 137), (102, 121), (2, 52), (28, 135), (59, 162), (100, 126), (0, 167), (29, 38), (78, 159), (40, 120), (23, 49), (67, 122), (81, 84), (1, 149), (53, 132), (55, 138), (68, 157), (63, 88), (21, 146), (26, 105), (104, 107), (42, 95), (33, 37), (9, 128), (19, 22), (72, 131), (62, 130), (25, 154), (86, 87), (12, 83), (58, 89), (7, 169), (45, 98), (134, 164), (110, 172), (17, 109), (71, 144), (39, 139), (76, 103), (3, 82), (127, 133), (44, 80), (101, 141), (24, 43), (32, 56), (18, 118), (10, 153), (11, 152), (97, 148), (77, 145), (8, 140), (96, 143), (46, 69), (13, 20), (168, 174), (6, 142), (47, 85), (16, 171), (34, 161), (66, 74), (91, 158), (54, 173), (114, 123), (27, 155), (129, 151), (160, 163), (41, 166), (70, 117), (36, 124), (113, 170), (5, 136), (94, 147)}
Згенероване вершинне покриття (C): [0, 1, 2, 3, 4, 5, 6, 7, 8, 9, 10, 11, 12, 13, 14, 15, 16, 17, 18, 19, 20, 21, 22, 23, 24, 25, 26, 27, 28, 29, 30, 31, 32, 33, 34, 35, 36, 37, 38, 39, 40, 41, 42, 43, 44, 45, 46, 47, 48, 49, 50, 51, 52, 53, 54, 55, 56, 57, 58, 59, 60, 61, 62, 63, 64, 65, 66, 67, 68, 69, 70, 71, 72, 73, 74, 75, 76, 77, 78, 79, 80, 81, 82, 83, 84, 85, 86, 87, 88, 89, 90, 91, 92, 93, 94, 95, 96, 97, 98, 99, 100, 101, 102, 103, 104, 105, 106, 107, 108, 109, 110, 111, 113, 114, 115, 116, 117, 118, 119, 120, 121, 122, 123, 124, 125, 126, 127, 128, 129, 130, 131, 132, 133, 134, 135, 136, 137, 138, 139, 140, 141, 142, 143, 144, 145, 146, 147, 148, 149, 151, 152, 153, 154, 155, 156, 157, 158, 159, 160, 161, 162, 163, 164, 166, 167, 168, 169, 170, 171, 172, 173, 174]

--- Генерація вершинного покриття (зі списку суміжності) ---
Знайдене максимальне парування (M): {(38, 142), (52, 104), (9, 170), (33, 100), (64, 133), (110, 139), (22, 81), (12, 98), (26, 69), (24, 44), (1, 106), (107, 124), (71, 168), (46, 114), (65, 72), (95, 116), (111, 167), (60, 103), (27, 54), (35, 156), (2, 89), (31, 88), (76, 120), (28, 135), (63, 102), (66, 137), (92, 165), (23, 56), (75, 94), (55, 136), (17, 119), (112, 173), (97, 99), (15, 121), (62, 117), (16, 138), (115, 150), (19, 109), (18, 174), (7, 48), (42, 79), (153, 166), (73, 130), (14, 53), (37, 128), (57, 161), (77, 84), (78, 83), (113, 123), (11, 20), (5, 162), (101, 157), (6, 108), (32, 127), (45, 91), (143, 159), (125, 145), (68, 147), (21, 90), (25, 51), (141, 155), (34, 148), (105, 144), (3, 50), (29, 96), (13, 164), (41, 134), (61, 82), (70, 85), (8, 140), (118, 152), (10, 146), (93, 171), (151, 158), (86, 132), (163, 169), (47, 67), (59, 87), (36, 149), (0, 74), (49, 131), (43, 154), (4, 80), (39, 40), (30, 126), (122, 129)}
Згенероване вершинне покриття (C): [0, 1, 2, 3, 4, 5, 6, 7, 8, 9, 10, 11, 12, 13, 14, 15, 16, 17, 18, 19, 20, 21, 22, 23, 24, 25, 26, 27, 28, 29, 30, 31, 32, 33, 34, 35, 36, 37, 38, 39, 40, 41, 42, 43, 44, 45, 46, 47, 48, 49, 50, 51, 52, 53, 54, 55, 56, 57, 59, 60, 61, 62, 63, 64, 65, 66, 67, 68, 69, 70, 71, 72, 73, 74, 75, 76, 77, 78, 79, 80, 81, 82, 83, 84, 85, 86, 87, 88, 89, 90, 91, 92, 93, 94, 95, 96, 97, 98, 99, 100, 101, 102, 103, 104, 105, 106, 107, 108, 109, 110, 111, 112, 113, 114, 115, 116, 117, 118, 119, 120, 121, 122, 123, 124, 125, 126, 127, 128, 129, 130, 131, 132, 133, 134, 135, 136, 137, 138, 139, 140, 141, 142, 143, 144, 145, 146, 147, 148, 149, 150, 151, 152, 153, 154, 155, 156, 157, 158, 159, 161, 162, 163, 164, 165, 166, 167, 168, 169, 170, 171, 173, 174]

--- Генерація вершинного покриття (зі списку суміжності) ---
Знайдене максимальне парування (M): {(66, 149), (67, 123), (7, 136), (87, 135), (49, 160), (27, 68), (110, 148), (90, 124), (19, 146), (63, 116), (83, 94), (5, 101), (151, 155), (13, 81), (4, 112), (59, 130), (125, 139), (71, 168), (60, 76), (43, 142), (47, 84), (10, 129), (102, 157), (33, 70), (17, 55), (1, 46), (82, 99), (25, 111), (120, 147), (57, 127), (30, 91), (8, 36), (115, 141), (56, 119), (3, 58), (22, 126), (65, 106), (79, 105), (35, 53), (23, 152), (77, 162), (42, 95), (48, 92), (117, 164), (40, 51), (78, 108), (31, 69), (114, 158), (18, 32), (26, 173), (16, 172), (45, 107), (93, 156), (54, 174), (28, 100), (85, 170), (86, 89), (21, 97), (61, 96), (14, 167), (132, 159), (103, 153), (104, 161), (50, 80), (44, 137), (11, 88), (39, 134), (38, 154), (75, 118), (24, 109), (98, 131), (20, 41), (0, 72), (6, 133), (12, 128), (165, 166), (62, 150), (73, 122), (15, 138), (163, 171), (140, 169), (34, 145), (2, 64), (74, 144), (9, 143), (29, 121), (37, 113)}
Згенероване вершинне покриття (C): [0, 1, 2, 3, 4, 5, 6, 7, 8, 9, 10, 11, 12, 13, 14, 15, 16, 17, 18, 19, 20, 21, 22, 23, 24, 25, 26, 27, 28, 29, 30, 31, 32, 33, 34, 35, 36, 37, 38, 39, 40, 41, 42, 43, 44, 45, 46, 47, 48, 49, 50, 51, 53, 54, 55, 56, 57, 58, 59, 60, 61, 62, 63, 64, 65, 66, 67, 68, 69, 70, 71, 72, 73, 74, 75, 76, 77, 78, 79, 80, 81, 82, 83, 84, 85, 86, 87, 88, 89, 90, 91, 92, 93, 94, 95, 96, 97, 98, 99, 100, 101, 102, 103, 104, 105, 106, 107, 108, 109, 110, 111, 112, 113, 114, 115, 116, 117, 118, 119, 120, 121, 122, 123, 124, 125, 126, 127, 128, 129, 130, 131, 132, 133, 134, 135, 136, 137, 138, 139, 140, 141, 142, 143, 144, 145, 146, 147, 148, 149, 150, 151, 152, 153, 154, 155, 156, 157, 158, 159, 160, 161, 162, 163, 164, 165, 166, 167, 168, 169, 170, 171, 172, 173, 174]

--- Генерація вершинного покриття (зі списку суміжності) ---
Знайдене максимальне парування (M): {(26, 140), (75, 170), (15, 94), (8, 73), (14, 150), (17, 30), (23, 162), (126, 165), (129, 164), (53, 71), (6, 148), (25, 52), (63, 155), (149, 151), (38, 128), (124, 154), (106, 118), (116, 168), (90, 158), (5, 135), (40, 47), (86, 108), (44, 72), (36, 43), (50, 115), (163, 166), (139, 144), (2, 102), (110, 138), (22, 89), (98, 121), (92, 96), (112, 159), (24, 174), (100, 157), (80, 87), (79, 119), (32, 141), (61, 101), (7, 130), (0, 91), (31, 78), (66, 127), (12, 37), (152, 169), (81, 136), (3, 46), (62, 77), (48, 142), (65, 103), (67, 76), (97, 171), (1, 11), (27, 167), (20, 82), (4, 19), (41, 68), (35, 125), (42, 85), (29, 60), (93, 160), (74, 156), (120, 123), (9, 54), (59, 122), (49, 99), (16, 105), (56, 104), (57, 133), (45, 113), (83, 161), (21, 131), (146, 153), (51, 55), (69, 134), (18, 95), (147, 172), (39, 111), (88, 132), (10, 84), (137, 143), (58, 173), (33, 107), (34, 145), (13, 70)}
Згенероване вершинне покриття (C): [0, 1, 2, 3, 4, 5, 6, 7, 8, 9, 10, 11, 12, 13, 14, 15, 16, 17, 18, 19, 20, 21, 22, 23, 24, 25, 26, 27, 29, 30, 31, 32, 33, 34, 35, 36, 37, 38, 39, 40, 41, 42, 43, 44, 45, 46, 47, 48, 49, 50, 51, 52, 53, 54, 55, 56, 57, 58, 59, 60, 61, 62, 63, 65, 66, 67, 68, 69, 70, 71, 72, 73, 74, 75, 76, 77, 78, 79, 80, 81, 82, 83, 84, 85, 86, 87, 88, 89, 90, 91, 92, 93, 94, 95, 96, 97, 98, 99, 100, 101, 102, 103, 104, 105, 106, 107, 108, 110, 111, 112, 113, 115, 116, 118, 119, 120, 121, 122, 123, 124, 125, 126, 127, 128, 129, 130, 131, 132, 133, 134, 135, 136, 137, 138, 139, 140, 141, 142, 143, 144, 145, 146, 147, 148, 149, 150, 151, 152, 153, 154, 155, 156, 157, 158, 159, 160, 161, 162, 163, 164, 165, 166, 167, 168, 169, 170, 171, 172, 173, 174]

--- Генерація вершинного покриття (зі списку суміжності) ---
Знайдене максимальне парування (M): {(13, 143), (164, 174), (34, 83), (44, 127), (85, 128), (100, 101), (9, 145), (97, 120), (80, 168), (24, 172), (102, 137), (129, 130), (66, 126), (29, 171), (67, 109), (51, 155), (132, 144), (78, 173), (73, 140), (82, 170), (21, 96), (141, 161), (18, 60), (53, 112), (8, 162), (1, 165), (39, 94), (71, 108), (103, 106), (58, 138), (27, 104), (122, 149), (48, 154), (12, 15), (111, 146), (92, 142), (23, 152), (14, 30), (38, 116), (77, 107), (98, 139), (87, 136), (40, 79), (43, 123), (50, 156), (91, 166), (35, 57), (69, 89), (7, 169), (0, 20), (36, 49), (56, 125), (88, 160), (45, 70), (31, 135), (4, 26), (32, 72), (55, 110), (47, 115), (11, 150), (6, 74), (52, 59), (95, 158), (84, 167), (10, 16), (54, 114), (68, 76), (19, 37), (3, 105), (63, 153), (61, 119), (17, 134), (25, 62), (64, 163), (2, 124), (28, 33), (42, 151), (81, 90), (41, 118), (117, 159), (65, 75), (22, 113), (121, 147), (133, 157), (93, 148), (5, 99)}
Згенероване вершинне покриття (C): [0, 1, 2, 3, 4, 5, 6, 7, 8, 9, 10, 11, 12, 13, 14, 15, 16, 17, 18, 19, 20, 21, 22, 23, 24, 25, 26, 27, 28, 29, 30, 31, 32, 33, 34, 35, 36, 37, 38, 39, 40, 41, 42, 43, 44, 45, 47, 48, 49, 50, 51, 52, 53, 54, 55, 56, 57, 58, 59, 60, 61, 62, 63, 64, 65, 66, 67, 68, 69, 70, 71, 72, 73, 74, 75, 76, 77, 78, 79, 80, 81, 82, 83, 84, 85, 87, 88, 89, 90, 91, 92, 93, 94, 95, 96, 97, 98, 99, 100, 101, 102, 103, 104, 105, 106, 107, 108, 109, 110, 111, 112, 113, 114, 115, 116, 117, 118, 119, 120, 121, 122, 123, 124, 125, 126, 127, 128, 129, 130, 132, 133, 134, 135, 136, 137, 138, 139, 140, 141, 142, 143, 144, 145, 146, 147, 148, 149, 150, 151, 152, 153, 154, 155, 156, 157, 158, 159, 160, 161, 162, 163, 164, 165, 166, 167, 168, 169, 170, 171, 172, 173, 174]

--- Генерація вершинного покриття (зі списку суміжності) ---
Знайдене максимальне парування (M): {(35, 143), (10, 98), (147, 158), (152, 154), (25, 114), (28, 76), (42, 139), (115, 135), (8, 167), (91, 137), (65, 127), (26, 53), (94, 142), (130, 138), (18, 122), (32, 96), (90, 92), (24, 101), (19, 169), (79, 156), (17, 71), (16, 170), (20, 161), (57, 72), (13, 14), (149, 155), (89, 113), (132, 148), (70, 109), (6, 136), (108, 166), (29, 86), (74, 118), (21, 27), (104, 107), (38, 116), (68, 129), (9, 144), (31, 174), (163, 168), (123, 159), (69, 78), (95, 97), (64, 100), (15, 134), (54, 126), (56, 77), (103, 112), (44, 124), (99, 133), (59, 106), (110, 117), (34, 61), (5, 52), (111, 125), (11, 102), (30, 51), (80, 82), (0, 4), (36, 88), (1, 66), (23, 60), (33, 128), (67, 160), (105, 162), (22, 173), (140, 165), (43, 58), (7, 157), (55, 87), (12, 46), (37, 45), (3, 171), (50, 121), (41, 63), (81, 172), (2, 62), (93, 146), (83, 145), (120, 164), (84, 119), (40, 73), (39, 49), (47, 151), (85, 153), (131, 150)}
Згенероване вершинне покриття (C): [0, 1, 2, 3, 4, 5, 6, 7, 8, 9, 10, 11, 12, 13, 14, 15, 16, 17, 18, 19, 20, 21, 22, 23, 24, 25, 26, 27, 28, 29, 30, 31, 32, 33, 34, 35, 36, 37, 38, 39, 40, 41, 42, 43, 44, 45, 46, 47, 49, 50, 51, 52, 53, 54, 55, 56, 57, 58, 59, 60, 61, 62, 63, 64, 65, 66, 67, 68, 69, 70, 71, 72, 73, 74, 76, 77, 78, 79, 80, 81, 82, 83, 84, 85, 86, 87, 88, 89, 90, 91, 92, 93, 94, 95, 96, 97, 98, 99, 100, 101, 102, 103, 104, 105, 106, 107, 108, 109, 110, 111, 112, 113, 114, 115, 116, 117, 118, 119, 120, 121, 122, 123, 124, 125, 126, 127, 128, 129, 130, 131, 132, 133, 134, 135, 136, 137, 138, 139, 140, 142, 143, 144, 145, 146, 147, 148, 149, 150, 151, 152, 153, 154, 155, 156, 157, 158, 159, 160, 161, 162, 163, 164, 165, 166, 167, 168, 169, 170, 171, 172, 173, 174]

--- Генерація вершинного покриття (зі списку суміжності) ---
Знайдене максимальне парування (M): {(50, 107), (129, 171), (108, 112), (79, 170), (150, 166), (23, 36), (20, 104), (58, 152), (32, 142), (35, 83), (90, 101), (17, 71), (28, 89), (66, 137), (9, 149), (53, 57), (123, 143), (86, 124), (81, 155), (120, 138), (49, 133), (65, 67), (52, 131), (14, 92), (1, 12), (56, 64), (102, 125), (145, 169), (130, 162), (111, 121), (73, 146), (42, 70), (55, 97), (30, 95), (0, 164), (38, 157), (41, 119), (126, 132), (26, 173), (87, 113), (110, 172), (59, 115), (15, 84), (103, 151), (37, 75), (63, 158), (139, 159), (44, 117), (43, 127), (153, 161), (4, 99), (33, 80), (118, 148), (29, 122), (62, 134), (7, 18), (16, 167), (21, 163), (72, 174), (39, 116), (10, 144), (48, 128), (85, 147), (13, 27), (24, 45), (3, 34), (94, 106), (60, 168), (68, 160), (25, 165), (47, 76), (91, 140), (8, 78), (22, 40), (88, 141), (19, 96), (11, 156), (6, 135), (105, 114), (69, 136), (2, 46), (82, 100), (61, 77), (54, 93), (31, 109), (5, 154), (74, 98)}
Згенероване вершинне покриття (C): [0, 1, 2, 3, 4, 5, 6, 7, 8, 9, 10, 11, 12, 13, 14, 15, 16, 17, 18, 19, 20, 21, 22, 23, 24, 25, 26, 27, 28, 29, 30, 31, 32, 33, 34, 35, 36, 37, 38, 39, 40, 41, 42, 43, 44, 45, 46, 47, 48, 49, 50, 52, 53, 54, 55, 56, 57, 58, 59, 60, 61, 62, 63, 64, 65, 66, 67, 68, 69, 70, 71, 72, 73, 74, 75, 76, 77, 78, 79, 80, 81, 82, 83, 84, 85, 86, 87, 88, 89, 90, 91, 92, 93, 94, 95, 96, 97, 98, 99, 100, 101, 102, 103, 104, 105, 106, 107, 108, 109, 110, 111, 112, 113, 114, 115, 116, 117, 118, 119, 120, 121, 122, 123, 124, 125, 126, 127, 128, 129, 130, 131, 132, 133, 134, 135, 136, 137, 138, 139, 140, 141, 142, 143, 144, 145, 146, 147, 148, 149, 150, 151, 152, 153, 154, 155, 156, 157, 158, 159, 160, 161, 162, 163, 164, 165, 166, 167, 168, 169, 170, 171, 172, 173, 174]

--- Генерація вершинного покриття (зі списку суміжності) ---
Знайдене максимальне парування (M): {(1, 31), (16, 166), (28, 94), (69, 168), (60, 165), (47, 64), (8, 167), (29, 107), (48, 120), (83, 151), (122, 133), (25, 82), (24, 92), (33, 159), (71, 115), (49, 112), (45, 160), (51, 139), (20, 170), (140, 150), (42, 109), (54, 138), (70, 134), (2, 164), (40, 93), (84, 102), (38, 169), (114, 124), (53, 123), (96, 103), (62, 135), (10, 106), (3, 67), (26, 41), (100, 146), (21, 91), (39, 126), (119, 125), (17, 50), (36, 63), (22, 73), (68, 104), (76, 172), (61, 65), (18, 121), (37, 110), (88, 158), (116, 174), (5, 77), (12, 101), (56, 98), (46, 81), (95, 156), (78, 85), (75, 141), (4, 154), (59, 108), (19, 35), (58, 66), (0, 113), (13, 43), (87, 99), (30, 129), (14, 105), (32, 86), (11, 152), (23, 117), (6, 131), (128, 145), (89, 144), (27, 153), (90, 136), (74, 149), (57, 142), (80, 171), (79, 157), (52, 118), (127, 130), (161, 162), (148, 155), (15, 147), (7, 143), (55, 137), (34, 44), (111, 163), (97, 173)}
Згенероване вершинне покриття (C): [0, 1, 2, 3, 4, 5, 6, 7, 8, 10, 11, 12, 13, 14, 15, 16, 17, 18, 19, 20, 21, 22, 23, 24, 25, 26, 27, 28, 29, 30, 31, 32, 33, 34, 35, 36, 37, 38, 39, 40, 41, 42, 43, 44, 45, 46, 47, 48, 49, 50, 51, 52, 53, 54, 55, 56, 57, 58, 59, 60, 61, 62, 63, 64, 65, 66, 67, 68, 69, 70, 71, 73, 74, 75, 76, 77, 78, 79, 80, 81, 82, 83, 84, 85, 86, 87, 88, 89, 90, 91, 92, 93, 94, 95, 96, 97, 98, 99, 100, 101, 102, 103, 104, 105, 106, 107, 108, 109, 110, 111, 112, 113, 114, 115, 116, 117, 118, 119, 120, 121, 122, 123, 124, 125, 126, 127, 128, 129, 130, 131, 133, 134, 135, 136, 137, 138, 139, 140, 141, 142, 143, 144, 145, 146, 147, 148, 149, 150, 151, 152, 153, 154, 155, 156, 157, 158, 159, 160, 161, 162, 163, 164, 165, 166, 167, 168, 169, 170, 171, 172, 173, 174]

--- Генерація вершинного покриття (зі списку суміжності) ---
Знайдене максимальне парування (M): {(112, 164), (124, 129), (64, 96), (147, 167), (53, 169), (69, 95), (4, 39), (72, 121), (58, 168), (91, 128), (136, 160), (77, 83), (16, 113), (38, 46), (41, 81), (49, 73), (23, 173), (86, 122), (94, 105), (10, 29), (106, 143), (36, 130), (51, 75), (70, 162), (47, 114), (1, 92), (22, 133), (97, 99), (14, 101), (55, 102), (42, 84), (32, 146), (34, 110), (50, 170), (88, 154), (25, 159), (141, 165), (7, 174), (8, 148), (18, 137), (60, 66), (40, 161), (48, 149), (135, 144), (37, 103), (76, 85), (45, 61), (71, 80), (57, 163), (138, 145), (2, 28), (21, 127), (19, 172), (139, 152), (59, 65), (35, 43), (12, 142), (78, 151), (27, 87), (13, 134), (17, 150), (5, 157), (68, 140), (26, 33), (3, 132), (0, 63), (117, 120), (109, 116), (93, 107), (74, 158), (131, 155), (15, 90), (24, 56), (108, 126), (119, 156), (20, 98), (31, 171), (6, 62), (100, 115), (123, 153), (52, 111), (44, 125), (11, 67), (82, 118), (54, 166), (9, 79), (30, 89)}
Згенероване вершинне покриття (C): [0, 1, 2, 3, 4, 5, 6, 7, 8, 9, 10, 11, 12, 13, 14, 15, 16, 17, 18, 19, 20, 21, 22, 23, 24, 25, 26, 27, 28, 29, 30, 31, 32, 33, 34, 35, 36, 37, 38, 39, 40, 41, 42, 43, 44, 45, 46, 47, 48, 49, 50, 51, 52, 53, 54, 55, 56, 57, 58, 59, 60, 61, 62, 63, 64, 65, 66, 67, 68, 69, 70, 71, 72, 73, 74, 75, 76, 77, 78, 79, 80, 81, 82, 83, 84, 85, 86, 87, 88, 89, 90, 91, 92, 93, 94, 95, 96, 97, 98, 99, 100, 101, 102, 103, 105, 106, 107, 108, 109, 110, 111, 112, 113, 114, 115, 116, 117, 118, 119, 120, 121, 122, 123, 124, 125, 126, 127, 128, 129, 130, 131, 132, 133, 134, 135, 136, 137, 138, 139, 140, 141, 142, 143, 144, 145, 146, 147, 148, 149, 150, 151, 152, 153, 154, 155, 156, 157, 158, 159, 160, 161, 162, 163, 164, 165, 166, 167, 168, 169, 170, 171, 172, 173, 174]

--- Генерація вершинного покриття (зі списку суміжності) ---
Знайдене максимальне парування (M): {(33, 164), (64, 169), (68, 130), (85, 91), (126, 156), (43, 149), (32, 167), (113, 165), (3, 15), (9, 129), (89, 100), (104, 137), (93, 109), (2, 171), (99, 122), (6, 116), (75, 94), (12, 56), (1, 19), (36, 105), (8, 98), (73, 142), (119, 148), (20, 90), (40, 47), (23, 150), (80, 147), (52, 140), (13, 78), (25, 77), (30, 54), (74, 127), (24, 135), (108, 159), (110, 131), (84, 106), (18, 103), (49, 63), (27, 154), (71, 133), (96, 162), (22, 121), (37, 174), (5, 50), (57, 88), (0, 45), (58, 144), (132, 145), (41, 155), (26, 29), (21, 143), (11, 120), (53, 86), (123, 172), (70, 81), (115, 168), (118, 139), (134, 157), (7, 125), (31, 55), (69, 112), (51, 161), (95, 158), (44, 128), (28, 141), (60, 102), (66, 97), (72, 76), (67, 153), (16, 59), (61, 146), (83, 152), (39, 136), (10, 48), (107, 173), (35, 111), (79, 166), (34, 42), (138, 163), (151, 160), (65, 114), (62, 170), (17, 92), (38, 124), (4, 101), (46, 82)}
Згенероване вершинне покриття (C): [0, 1, 2, 3, 4, 5, 6, 7, 8, 9, 10, 11, 12, 13, 15, 16, 17, 18, 19, 20, 21, 22, 23, 24, 25, 26, 27, 28, 29, 30, 31, 32, 33, 34, 35, 36, 37, 38, 39, 40, 41, 42, 43, 44, 45, 46, 47, 48, 49, 50, 51, 52, 53, 54, 55, 56, 57, 58, 59, 60, 61, 62, 63, 64, 65, 66, 67, 68, 69, 70, 71, 72, 73, 74, 75, 76, 77, 78, 79, 80, 81, 82, 83, 84, 85, 86, 88, 89, 90, 91, 92, 93, 94, 95, 96, 97, 98, 99, 100, 101, 102, 103, 104, 105, 106, 107, 108, 109, 110, 111, 112, 113, 114, 115, 116, 118, 119, 120, 121, 122, 123, 124, 125, 126, 127, 128, 129, 130, 131, 132, 133, 134, 135, 136, 137, 138, 139, 140, 141, 142, 143, 144, 145, 146, 147, 148, 149, 150, 151, 152, 153, 154, 155, 156, 157, 158, 159, 160, 161, 162, 163, 164, 165, 166, 167, 168, 169, 170, 171, 172, 173, 174]

--- Генерація вершинного покриття (зі списку суміжності) ---
Знайдене максимальне парування (M): {(34, 74), (91, 126), (73, 172), (32, 76), (20, 56), (1, 33), (27, 116), (38, 128), (60, 158), (29, 70), (53, 119), (97, 131), (4, 59), (30, 41), (54, 136), (71, 152), (2, 61), (83, 144), (35, 167), (11, 112), (12, 141), (103, 106), (0, 66), (55, 102), (18, 62), (113, 135), (25, 150), (8, 164), (163, 166), (68, 157), (14, 67), (129, 173), (39, 160), (52, 78), (143, 162), (7, 64), (87, 118), (65, 90), (36, 63), (145, 153), (9, 110), (48, 101), (95, 170), (45, 105), (24, 146), (16, 108), (130, 139), (100, 107), (148, 156), (88, 96), (140, 161), (37, 121), (84, 165), (132, 168), (51, 124), (86, 155), (50, 80), (28, 77), (125, 147), (72, 174), (81, 122), (134, 159), (99, 137), (22, 109), (17, 40), (117, 127), (120, 123), (92, 171), (89, 114), (6, 149), (10, 46), (42, 115), (19, 21), (31, 169), (57, 142), (75, 111), (23, 82), (47, 94), (85, 151), (44, 98), (69, 93), (5, 154), (43, 138), (13, 79), (104, 133)}
Згенероване вершинне покриття (C): [0, 1, 2, 4, 5, 6, 7, 8, 9, 10, 11, 12, 13, 14, 16, 17, 18, 19, 20, 21, 22, 23, 24, 25, 27, 28, 29, 30, 31, 32, 33, 34, 35, 36, 37, 38, 39, 40, 41, 42, 43, 44, 45, 46, 47, 48, 50, 51, 52, 53, 54, 55, 56, 57, 59, 60, 61, 62, 63, 64, 65, 66, 67, 68, 69, 70, 71, 72, 73, 74, 75, 76, 77, 78, 79, 80, 81, 82, 83, 84, 85, 86, 87, 88, 89, 90, 91, 92, 93, 94, 95, 96, 97, 98, 99, 100, 101, 102, 103, 104, 105, 106, 107, 108, 109, 110, 111, 112, 113, 114, 115, 116, 117, 118, 119, 120, 121, 122, 123, 124, 125, 126, 127, 128, 129, 130, 131, 132, 133, 134, 135, 136, 137, 138, 139, 140, 141, 142, 143, 144, 145, 146, 147, 148, 149, 150, 151, 152, 153, 154, 155, 156, 157, 158, 159, 160, 161, 162, 163, 164, 165, 166, 167, 168, 169, 170, 171, 172, 173, 174]

--- Генерація вершинного покриття (зі списку суміжності) ---
Знайдене максимальне парування (M): {(24, 97), (9, 63), (37, 79), (103, 127), (78, 171), (42, 160), (18, 147), (136, 151), (11, 71), (91, 155), (14, 152), (112, 123), (80, 124), (113, 158), (5, 60), (28, 135), (6, 61), (27, 56), (72, 143), (64, 75), (20, 145), (26, 57), (126, 153), (52, 94), (25, 77), (100, 137), (129, 173), (82, 110), (117, 162), (46, 120), (98, 121), (44, 138), (33, 83), (17, 32), (132, 150), (12, 81), (7, 167), (16, 69), (125, 159), (55, 115), (144, 172), (105, 174), (114, 149), (156, 164), (84, 154), (38, 166), (1, 119), (41, 146), (36, 168), (68, 108), (51, 67), (118, 130), (50, 87), (47, 161), (88, 89), (107, 157), (0, 31), (102, 170), (62, 134), (19, 99), (109, 139), (58, 66), (29, 30), (21, 35), (8, 65), (4, 92), (3, 96), (85, 101), (43, 49), (59, 131), (15, 106), (73, 111), (74, 76), (45, 104), (54, 70), (53, 165), (22, 40), (140, 142), (13, 86), (39, 95), (90, 122), (48, 116), (2, 128), (34, 163), (93, 148), (10, 141), (23, 169)}
Згенероване вершинне покриття (C): [0, 1, 2, 3, 4, 5, 6, 7, 8, 9, 10, 11, 12, 13, 14, 15, 16, 17, 18, 19, 20, 21, 22, 23, 24, 25, 26, 27, 28, 29, 30, 31, 32, 33, 34, 35, 36, 37, 38, 39, 40, 41, 42, 43, 44, 45, 46, 47, 48, 49, 50, 51, 52, 53, 54, 55, 56, 57, 58, 59, 60, 61, 62, 63, 64, 65, 66, 67, 68, 69, 70, 71, 72, 73, 74, 75, 76, 77, 78, 79, 80, 81, 82, 83, 84, 85, 86, 87, 88, 89, 90, 91, 92, 93, 94, 95, 96, 97, 98, 99, 100, 101, 102, 103, 104, 105, 106, 107, 108, 109, 110, 111, 112, 113, 114, 115, 116, 117, 118, 119, 120, 121, 122, 123, 124, 125, 126, 127, 128, 129, 130, 131, 132, 134, 135, 136, 137, 138, 139, 140, 141, 142, 143, 144, 145, 146, 147, 148, 149, 150, 151, 152, 153, 154, 155, 156, 157, 158, 159, 160, 161, 162, 163, 164, 165, 166, 167, 168, 169, 170, 171, 172, 173, 174]

Середній час виконання: 0.0010302734 секунд
