
--- Генерація вершинного покриття (зі списку суміжності) ---
Знайдене максимальне парування (M): {(39, 76), (42, 103), (60, 120), (81, 94), (4, 6), (68, 100), (71, 93), (45, 74), (98, 113), (83, 122), (0, 2), (25, 59), (30, 73), (78, 95), (22, 99), (8, 85), (70, 97), (61, 88), (62, 123), (15, 75), (3, 107), (7, 65), (55, 114), (13, 87), (31, 117), (11, 90), (24, 29), (91, 116), (32, 36), (18, 28), (79, 105), (43, 109), (1, 51), (50, 124), (19, 69), (49, 58), (57, 77), (89, 115), (26, 80), (46, 86), (14, 63), (64, 67), (5, 112), (21, 72), (27, 118), (35, 40), (108, 110), (44, 52), (10, 53), (20, 33), (101, 119), (9, 12), (56, 96), (84, 106), (38, 48), (37, 92), (54, 111), (34, 41), (16, 66), (82, 121), (47, 102), (17, 104)}
Згенероване вершинне покриття (C): [0, 1, 2, 3, 4, 5, 6, 7, 8, 9, 10, 11, 12, 13, 14, 15, 16, 17, 18, 19, 20, 21, 22, 24, 25, 26, 27, 28, 29, 30, 31, 32, 33, 34, 35, 36, 37, 38, 39, 40, 41, 42, 43, 44, 45, 46, 47, 48, 49, 50, 51, 52, 53, 54, 55, 56, 57, 58, 59, 60, 61, 62, 63, 64, 65, 66, 67, 68, 69, 70, 71, 72, 73, 74, 75, 76, 77, 78, 79, 80, 81, 82, 83, 84, 85, 86, 87, 88, 89, 90, 91, 92, 93, 94, 95, 96, 97, 98, 99, 100, 101, 102, 103, 104, 105, 106, 107, 108, 109, 110, 111, 112, 113, 114, 115, 116, 117, 118, 119, 120, 121, 122, 123, 124]

--- Генерація вершинного покриття (зі списку суміжності) ---
Знайдене максимальне парування (M): {(15, 79), (13, 97), (82, 93), (30, 122), (4, 76), (14, 25), (2, 60), (18, 111), (23, 104), (114, 124), (7, 117), (42, 84), (56, 107), (35, 72), (9, 29), (46, 78), (36, 43), (41, 91), (45, 55), (102, 113), (59, 118), (66, 99), (77, 123), (89, 119), (50, 112), (19, 48), (8, 54), (65, 100), (6, 32), (38, 95), (5, 64), (22, 74), (26, 44), (47, 70), (21, 27), (85, 121), (62, 110), (53, 101), (37, 90), (16, 116), (61, 87), (92, 96), (67, 103), (3, 88), (68, 71), (20, 52), (0, 83), (10, 81), (58, 106), (12, 51), (69, 115), (105, 108), (39, 86), (28, 120), (24, 98), (49, 109), (11, 73), (17, 34), (1, 80), (31, 63), (33, 94), (40, 75)}
Згенероване вершинне покриття (C): [0, 1, 2, 3, 4, 5, 6, 7, 8, 9, 10, 11, 12, 13, 14, 15, 16, 17, 18, 19, 20, 21, 22, 23, 24, 25, 26, 27, 28, 29, 30, 31, 32, 33, 34, 35, 36, 37, 38, 39, 40, 41, 42, 43, 44, 45, 46, 47, 48, 49, 50, 51, 52, 53, 54, 55, 56, 58, 59, 60, 61, 62, 63, 64, 65, 66, 67, 68, 69, 70, 71, 72, 73, 74, 75, 76, 77, 78, 79, 80, 81, 82, 83, 84, 85, 86, 87, 88, 89, 90, 91, 92, 93, 94, 95, 96, 97, 98, 99, 100, 101, 102, 103, 104, 105, 106, 107, 108, 109, 110, 111, 112, 113, 114, 115, 116, 117, 118, 119, 120, 121, 122, 123, 124]

--- Генерація вершинного покриття (зі списку суміжності) ---
Знайдене максимальне парування (M): {(60, 105), (42, 45), (13, 97), (18, 87), (76, 104), (12, 74), (8, 116), (32, 119), (22, 96), (6, 109), (24, 66), (71, 114), (0, 14), (39, 48), (44, 75), (29, 117), (41, 88), (5, 40), (1, 15), (56, 58), (17, 54), (7, 83), (26, 90), (33, 47), (52, 115), (11, 111), (43, 100), (16, 34), (49, 86), (73, 98), (69, 82), (23, 27), (65, 121), (21, 106), (4, 35), (81, 120), (46, 68), (38, 64), (50, 99), (72, 123), (3, 103), (25, 85), (63, 124), (53, 70), (55, 67), (91, 118), (9, 61), (30, 59), (108, 122), (57, 110), (78, 84), (20, 94), (101, 107), (10, 62), (31, 36), (28, 77), (37, 92), (19, 89), (80, 102), (2, 79)}
Згенероване вершинне покриття (C): [0, 1, 2, 3, 4, 5, 6, 7, 8, 9, 10, 11, 12, 13, 14, 15, 16, 17, 18, 19, 20, 21, 22, 23, 24, 25, 26, 27, 28, 29, 30, 31, 32, 33, 34, 35, 36, 37, 38, 39, 40, 41, 42, 43, 44, 45, 46, 47, 48, 49, 50, 52, 53, 54, 55, 56, 57, 58, 59, 60, 61, 62, 63, 64, 65, 66, 67, 68, 69, 70, 71, 72, 73, 74, 75, 76, 77, 78, 79, 80, 81, 82, 83, 84, 85, 86, 87, 88, 89, 90, 91, 92, 94, 96, 97, 98, 99, 100, 101, 102, 103, 104, 105, 106, 107, 108, 109, 110, 111, 114, 115, 116, 117, 118, 119, 120, 121, 122, 123, 124]

--- Генерація вершинного покриття (зі списку суміжності) ---
Знайдене максимальне парування (M): {(27, 47), (2, 94), (67, 68), (18, 87), (52, 107), (50, 122), (42, 48), (45, 74), (90, 100), (78, 80), (25, 114), (51, 62), (13, 112), (21, 37), (23, 34), (57, 69), (60, 98), (111, 113), (76, 85), (83, 106), (10, 33), (30, 39), (88, 93), (16, 28), (9, 44), (8, 109), (4, 124), (19, 118), (12, 82), (99, 117), (58, 73), (103, 105), (43, 63), (46, 56), (64, 110), (22, 40), (7, 55), (3, 97), (26, 123), (104, 119), (11, 77), (20, 49), (59, 96), (14, 115), (66, 92), (31, 70), (41, 102), (81, 89), (79, 95), (108, 116), (36, 75), (53, 91), (72, 101), (1, 120), (38, 54), (15, 61), (65, 71), (5, 35), (29, 121), (0, 24), (32, 86)}
Згенероване вершинне покриття (C): [0, 1, 2, 3, 4, 5, 7, 8, 9, 10, 11, 12, 13, 14, 15, 16, 18, 19, 20, 21, 22, 23, 24, 25, 26, 27, 28, 29, 30, 31, 32, 33, 34, 35, 36, 37, 38, 39, 40, 41, 42, 43, 44, 45, 46, 47, 48, 49, 50, 51, 52, 53, 54, 55, 56, 57, 58, 59, 60, 61, 62, 63, 64, 65, 66, 67, 68, 69, 70, 71, 72, 73, 74, 75, 76, 77, 78, 79, 80, 81, 82, 83, 85, 86, 87, 88, 89, 90, 91, 92, 93, 94, 95, 96, 97, 98, 99, 100, 101, 102, 103, 104, 105, 106, 107, 108, 109, 110, 111, 112, 113, 114, 115, 116, 117, 118, 119, 120, 121, 122, 123, 124]

--- Генерація вершинного покриття (зі списку суміжності) ---
Знайдене максимальне парування (M): {(2, 88), (45, 117), (41, 104), (55, 78), (15, 100), (84, 105), (86, 96), (31, 99), (17, 21), (13, 121), (24, 60), (0, 14), (39, 48), (103, 118), (30, 85), (23, 49), (43, 82), (56, 58), (12, 116), (109, 122), (62, 77), (89, 119), (40, 80), (18, 92), (46, 102), (28, 66), (44, 123), (8, 69), (9, 10), (47, 79), (106, 110), (97, 101), (26, 53), (29, 52), (51, 73), (3, 94), (36, 42), (68, 74), (20, 61), (19, 35), (32, 87), (50, 108), (11, 95), (6, 16), (5, 115), (38, 75), (83, 114), (37, 71), (7, 91), (63, 93), (34, 81), (27, 124), (90, 113), (4, 22), (1, 65), (33, 70), (54, 111), (25, 72), (64, 112), (57, 76), (59, 107), (67, 120)}
Згенероване вершинне покриття (C): [0, 1, 2, 3, 4, 5, 6, 7, 8, 9, 10, 11, 12, 13, 14, 15, 16, 17, 18, 19, 20, 21, 22, 23, 24, 25, 26, 27, 28, 29, 30, 31, 32, 33, 34, 35, 36, 37, 38, 39, 40, 41, 42, 43, 44, 45, 46, 47, 48, 49, 50, 51, 52, 53, 54, 55, 56, 57, 58, 59, 60, 61, 62, 63, 64, 65, 66, 67, 68, 69, 70, 71, 72, 73, 74, 75, 76, 77, 78, 79, 80, 81, 82, 83, 84, 85, 86, 87, 88, 89, 90, 91, 92, 93, 94, 95, 96, 97, 99, 100, 101, 102, 103, 104, 105, 106, 107, 108, 109, 110, 111, 112, 113, 114, 115, 116, 117, 118, 119, 120, 121, 122, 123, 124]

--- Генерація вершинного покриття (зі списку суміжності) ---
Знайдене максимальне парування (M): {(19, 104), (69, 120), (56, 77), (3, 65), (41, 116), (53, 87), (5, 74), (1, 55), (26, 54), (4, 82), (28, 76), (106, 117), (27, 98), (29, 123), (46, 84), (79, 81), (96, 97), (2, 90), (92, 112), (0, 99), (17, 89), (70, 118), (10, 51), (13, 108), (43, 48), (24, 47), (21, 33), (34, 88), (20, 40), (49, 110), (45, 103), (32, 75), (37, 38), (16, 122), (9, 86), (93, 94), (62, 64), (39, 68), (42, 101), (63, 72), (61, 111), (23, 60), (67, 121), (80, 124), (58, 66), (15, 95), (30, 59), (7, 36), (50, 71), (57, 113), (22, 85), (35, 119), (6, 107), (73, 109), (31, 100), (52, 83), (18, 115), (12, 105), (14, 44), (8, 25), (91, 102), (78, 114)}
Згенероване вершинне покриття (C): [0, 1, 2, 3, 4, 5, 6, 7, 8, 9, 10, 12, 13, 14, 15, 16, 17, 18, 19, 20, 21, 22, 23, 24, 25, 26, 27, 28, 29, 30, 31, 32, 33, 34, 35, 36, 37, 38, 39, 40, 41, 42, 43, 44, 45, 46, 47, 48, 49, 50, 51, 52, 53, 54, 55, 56, 57, 58, 59, 60, 61, 62, 63, 64, 65, 66, 67, 68, 69, 70, 71, 72, 73, 74, 75, 76, 77, 78, 79, 80, 81, 82, 83, 84, 85, 86, 87, 88, 89, 90, 91, 92, 93, 94, 95, 96, 97, 98, 99, 100, 101, 102, 103, 104, 105, 106, 107, 108, 109, 110, 111, 112, 113, 114, 115, 116, 117, 118, 119, 120, 121, 122, 123, 124]

--- Генерація вершинного покриття (зі списку суміжності) ---
Знайдене максимальне парування (M): {(9, 100), (2, 91), (36, 62), (43, 110), (16, 93), (55, 69), (27, 123), (64, 87), (99, 115), (67, 89), (86, 96), (24, 118), (48, 109), (21, 40), (17, 76), (1, 122), (82, 120), (28, 94), (95, 114), (10, 79), (0, 26), (85, 88), (22, 105), (45, 52), (53, 77), (73, 83), (6, 32), (66, 111), (30, 63), (39, 90), (44, 50), (49, 101), (98, 124), (42, 71), (12, 33), (57, 59), (18, 107), (25, 119), (7, 46), (13, 65), (8, 84), (70, 113), (20, 61), (3, 103), (11, 34), (19, 108), (15, 92), (23, 75), (74, 117), (38, 97), (4, 68), (47, 78), (35, 58), (51, 121), (29, 106), (80, 81), (112, 116), (54, 56), (37, 104), (14, 41), (5, 102), (31, 60)}
Згенероване вершинне покриття (C): [0, 1, 2, 3, 4, 5, 6, 7, 8, 9, 10, 11, 12, 13, 14, 15, 16, 17, 18, 19, 20, 21, 22, 23, 24, 25, 26, 27, 28, 29, 30, 31, 32, 33, 34, 35, 36, 37, 38, 39, 40, 41, 42, 43, 44, 45, 46, 47, 48, 49, 50, 51, 52, 53, 54, 55, 56, 57, 58, 59, 60, 61, 62, 63, 64, 65, 66, 67, 68, 69, 70, 71, 73, 74, 75, 76, 77, 78, 79, 80, 81, 82, 83, 84, 85, 86, 87, 88, 89, 90, 91, 92, 93, 94, 95, 96, 97, 98, 99, 100, 101, 102, 103, 104, 105, 106, 107, 108, 109, 110, 111, 112, 113, 114, 115, 116, 117, 118, 119, 120, 121, 122, 123, 124]

--- Генерація вершинного покриття (зі списку суміжності) ---
Знайдене максимальне парування (M): {(102, 117), (36, 53), (13, 94), (8, 43), (22, 124), (3, 123), (57, 103), (99, 115), (52, 101), (63, 95), (46, 109), (41, 119), (20, 108), (27, 89), (18, 114), (7, 56), (1, 64), (86, 111), (45, 107), (92, 100), (78, 116), (30, 42), (28, 54), (15, 82), (2, 32), (31, 74), (23, 76), (58, 67), (72, 90), (96, 118), (38, 104), (60, 70), (35, 105), (0, 68), (14, 24), (10, 11), (50, 81), (71, 122), (5, 39), (69, 106), (65, 87), (26, 80), (9, 98), (17, 44), (73, 85), (55, 79), (33, 113), (47, 75), (93, 121), (25, 48), (84, 97), (37, 83), (12, 29), (6, 49), (16, 51), (19, 77), (40, 112), (21, 59), (62, 66), (88, 91), (34, 120), (4, 110)}
Згенероване вершинне покриття (C): [0, 1, 2, 3, 4, 5, 6, 7, 8, 9, 10, 11, 12, 13, 14, 15, 16, 17, 18, 19, 20, 21, 22, 23, 24, 25, 26, 27, 28, 29, 30, 31, 32, 33, 34, 35, 36, 37, 38, 39, 40, 41, 42, 43, 44, 45, 46, 47, 48, 49, 50, 51, 52, 53, 54, 55, 56, 57, 58, 59, 60, 62, 63, 64, 65, 66, 67, 68, 69, 70, 71, 72, 73, 74, 75, 76, 77, 78, 79, 80, 81, 82, 83, 84, 85, 86, 87, 88, 89, 90, 91, 92, 93, 94, 95, 96, 97, 98, 99, 100, 101, 102, 103, 104, 105, 106, 107, 108, 109, 110, 111, 112, 113, 114, 115, 116, 117, 118, 119, 120, 121, 122, 123, 124]

--- Генерація вершинного покриття (зі списку суміжності) ---
Знайдене максимальне парування (M): {(64, 66), (32, 37), (27, 53), (61, 113), (46, 91), (50, 122), (65, 104), (44, 103), (29, 87), (25, 102), (43, 49), (42, 57), (35, 106), (17, 67), (31, 84), (58, 71), (54, 95), (73, 108), (23, 34), (7, 56), (41, 76), (0, 78), (59, 97), (62, 120), (45, 110), (88, 93), (85, 112), (48, 90), (24, 38), (28, 63), (39, 96), (81, 105), (6, 99), (3, 21), (86, 92), (16, 55), (5, 79), (47, 94), (30, 72), (40, 52), (82, 119), (15, 68), (114, 123), (14, 100), (12, 51), (26, 74), (13, 22), (80, 109), (111, 118), (11, 101), (2, 98), (75, 116), (60, 121), (36, 69), (20, 33), (1, 4), (115, 124), (8, 77), (9, 18), (10, 19), (89, 117), (70, 107)}
Згенероване вершинне покриття (C): [0, 1, 2, 3, 4, 5, 6, 7, 8, 9, 10, 11, 12, 13, 14, 15, 16, 17, 18, 19, 20, 21, 22, 23, 24, 25, 26, 27, 28, 29, 30, 31, 32, 33, 34, 35, 36, 37, 38, 39, 40, 41, 42, 43, 44, 45, 46, 47, 48, 49, 50, 51, 52, 53, 54, 55, 56, 57, 58, 59, 60, 61, 62, 63, 64, 65, 66, 67, 68, 69, 70, 71, 72, 73, 74, 75, 76, 77, 78, 79, 80, 81, 82, 84, 85, 86, 87, 88, 89, 90, 91, 92, 93, 94, 95, 96, 97, 98, 99, 100, 101, 102, 103, 104, 105, 106, 107, 108, 109, 110, 111, 112, 113, 114, 115, 116, 117, 118, 119, 120, 121, 122, 123, 124]

--- Генерація вершинного покриття (зі списку суміжності) ---
Знайдене максимальне парування (M): {(64, 66), (51, 99), (47, 114), (37, 119), (0, 45), (15, 88), (79, 97), (35, 39), (10, 110), (69, 74), (30, 70), (34, 89), (11, 60), (46, 118), (5, 25), (83, 91), (20, 105), (56, 104), (22, 41), (27, 31), (106, 117), (50, 100), (16, 86), (14, 58), (92, 121), (8, 103), (43, 109), (59, 75), (36, 67), (38, 101), (71, 98), (26, 102), (13, 120), (12, 33), (49, 52), (32, 72), (21, 123), (3, 94), (23, 42), (9, 77), (7, 116), (18, 107), (76, 84), (57, 80), (85, 96), (1, 81), (19, 44), (55, 61), (28, 111), (63, 78), (17, 108), (53, 73), (68, 95), (4, 65), (54, 90), (87, 93), (6, 113), (62, 115), (40, 48), (24, 122), (2, 82), (29, 124)}
Згенероване вершинне покриття (C): [0, 1, 2, 3, 4, 5, 6, 7, 8, 9, 10, 11, 12, 13, 14, 15, 16, 17, 18, 19, 20, 21, 22, 23, 24, 25, 26, 27, 28, 29, 30, 31, 32, 33, 34, 35, 36, 37, 38, 39, 40, 41, 42, 43, 44, 45, 46, 47, 48, 49, 50, 51, 52, 53, 54, 55, 56, 57, 58, 59, 60, 61, 62, 63, 64, 65, 66, 67, 68, 69, 70, 71, 72, 73, 74, 75, 76, 77, 78, 79, 80, 81, 82, 83, 84, 85, 86, 87, 88, 89, 90, 91, 92, 93, 94, 95, 96, 97, 98, 99, 100, 101, 102, 103, 104, 105, 106, 107, 108, 109, 110, 111, 113, 114, 115, 116, 117, 118, 119, 120, 121, 122, 123, 124]

--- Генерація вершинного покриття (зі списку суміжності) ---
Знайдене максимальне парування (M): {(4, 55), (25, 29), (6, 76), (52, 113), (99, 115), (26, 100), (21, 31), (22, 81), (46, 54), (39, 42), (45, 92), (35, 57), (78, 86), (18, 56), (106, 124), (3, 95), (17, 33), (19, 30), (84, 120), (32, 97), (91, 110), (60, 96), (40, 65), (15, 72), (34, 64), (1, 94), (102, 116), (50, 112), (59, 121), (68, 93), (36, 70), (23, 67), (37, 69), (27, 119), (62, 101), (43, 63), (16, 107), (61, 75), (48, 117), (103, 111), (9, 80), (41, 87), (83, 90), (53, 58), (2, 13), (20, 122), (51, 88), (24, 74), (49, 82), (12, 66), (0, 98), (7, 79), (10, 108), (105, 123), (77, 85), (104, 109), (11, 73), (71, 118), (8, 28), (14, 44), (89, 114), (5, 47)}
Згенероване вершинне покриття (C): [0, 1, 2, 3, 4, 5, 6, 7, 8, 9, 10, 11, 12, 13, 14, 15, 16, 17, 18, 19, 20, 21, 22, 23, 24, 25, 26, 27, 28, 29, 30, 31, 32, 33, 34, 35, 36, 37, 39, 40, 41, 42, 43, 44, 45, 46, 47, 48, 49, 50, 51, 52, 53, 54, 55, 56, 57, 58, 59, 60, 61, 62, 63, 64, 65, 66, 67, 68, 69, 70, 71, 72, 73, 74, 75, 76, 77, 78, 79, 80, 81, 82, 83, 84, 85, 86, 87, 88, 89, 90, 91, 92, 93, 94, 95, 96, 97, 98, 99, 100, 101, 102, 103, 104, 105, 106, 107, 108, 109, 110, 111, 112, 113, 114, 115, 116, 117, 118, 119, 120, 121, 122, 123, 124]

--- Генерація вершинного покриття (зі списку суміжності) ---
Знайдене максимальне парування (M): {(85, 110), (92, 119), (94, 116), (13, 45), (5, 71), (29, 38), (6, 103), (39, 100), (11, 124), (21, 40), (18, 111), (25, 120), (3, 95), (62, 65), (44, 84), (54, 70), (47, 58), (61, 109), (75, 108), (31, 77), (79, 90), (59, 121), (43, 106), (15, 35), (14, 122), (16, 34), (52, 57), (30, 66), (32, 63), (67, 88), (80, 91), (24, 123), (2, 7), (23, 42), (8, 20), (87, 115), (0, 28), (60, 97), (33, 86), (83, 105), (74, 102), (73, 82), (17, 53), (93, 118), (69, 72), (48, 98), (10, 50), (55, 76), (99, 113), (22, 27), (9, 64), (101, 107), (56, 81), (19, 114), (68, 104), (49, 112), (1, 117), (36, 96), (51, 78), (37, 89), (12, 41), (4, 46)}
Згенероване вершинне покриття (C): [0, 1, 2, 3, 4, 5, 6, 7, 8, 9, 10, 11, 12, 13, 14, 15, 16, 17, 18, 19, 20, 21, 22, 23, 24, 25, 27, 28, 29, 30, 31, 32, 33, 34, 35, 36, 37, 38, 39, 40, 41, 42, 43, 44, 45, 46, 47, 48, 49, 50, 51, 52, 53, 54, 55, 56, 57, 58, 59, 60, 61, 62, 63, 64, 65, 66, 67, 68, 69, 70, 71, 72, 73, 74, 75, 76, 77, 78, 79, 80, 81, 82, 83, 84, 85, 86, 87, 88, 89, 90, 91, 92, 93, 94, 95, 96, 97, 98, 99, 100, 101, 102, 103, 104, 105, 106, 107, 108, 109, 110, 111, 112, 113, 114, 115, 116, 117, 118, 119, 120, 121, 122, 123, 124]

--- Генерація вершинного покриття (зі списку суміжності) ---
Знайдене максимальне парування (M): {(30, 98), (59, 116), (27, 56), (4, 73), (18, 29), (43, 52), (9, 66), (58, 74), (0, 115), (55, 87), (5, 77), (24, 63), (13, 121), (19, 76), (78, 95), (83, 85), (16, 123), (11, 69), (61, 97), (1, 82), (67, 107), (88, 93), (75, 108), (14, 119), (15, 35), (79, 99), (7, 101), (20, 92), (8, 124), (22, 86), (45, 91), (70, 90), (46, 62), (41, 84), (21, 48), (36, 42), (117, 122), (34, 51), (28, 44), (57, 80), (10, 32), (100, 118), (47, 54), (37, 114), (2, 25), (50, 111), (65, 102), (17, 68), (33, 110), (23, 81), (26, 104), (60, 72), (53, 94), (6, 40), (71, 109), (49, 112), (103, 113), (31, 106), (12, 96), (3, 38), (39, 64), (89, 120)}
Згенероване вершинне покриття (C): [0, 1, 2, 3, 4, 5, 6, 7, 8, 9, 10, 11, 12, 13, 14, 15, 16, 17, 18, 19, 20, 21, 22, 23, 24, 25, 26, 27, 28, 29, 30, 31, 32, 33, 34, 35, 36, 37, 38, 39, 40, 41, 42, 43, 44, 45, 46, 47, 48, 49, 50, 51, 52, 53, 54, 55, 56, 57, 58, 59, 60, 61, 62, 63, 64, 65, 66, 67, 68, 69, 70, 71, 72, 73, 74, 75, 76, 77, 78, 79, 80, 81, 82, 83, 84, 85, 86, 87, 88, 89, 90, 91, 92, 93, 94, 95, 96, 97, 98, 99, 100, 101, 102, 103, 104, 106, 107, 108, 109, 110, 111, 112, 113, 114, 115, 116, 117, 118, 119, 120, 121, 122, 123, 124]

--- Генерація вершинного покриття (зі списку суміжності) ---
Знайдене максимальне парування (M): {(8, 98), (96, 101), (111, 123), (79, 94), (32, 46), (75, 109), (45, 80), (9, 60), (34, 89), (0, 115), (4, 18), (16, 50), (65, 119), (23, 86), (106, 108), (35, 121), (95, 114), (92, 103), (21, 61), (6, 66), (36, 110), (49, 71), (55, 120), (13, 29), (10, 42), (91, 116), (41, 51), (19, 57), (27, 64), (28, 124), (59, 69), (56, 88), (25, 58), (7, 113), (17, 20), (5, 85), (39, 117), (31, 104), (30, 81), (78, 100), (97, 107), (68, 77), (87, 118), (48, 74), (1, 26), (47, 112), (62, 76), (15, 22), (33, 40), (52, 105), (43, 102), (53, 82), (63, 93), (37, 83), (54, 99), (67, 90), (3, 84), (11, 73), (12, 38), (24, 70), (14, 44), (72, 122)}
Згенероване вершинне покриття (C): [0, 1, 3, 4, 5, 6, 7, 8, 9, 10, 11, 12, 13, 14, 15, 16, 17, 18, 19, 20, 21, 22, 23, 24, 25, 26, 27, 28, 29, 30, 31, 32, 33, 34, 35, 36, 37, 38, 39, 40, 41, 42, 43, 44, 45, 46, 47, 48, 49, 50, 51, 52, 53, 54, 55, 56, 57, 58, 59, 60, 61, 62, 63, 64, 65, 66, 67, 68, 69, 70, 71, 72, 73, 74, 75, 76, 77, 78, 79, 80, 81, 82, 83, 84, 85, 86, 87, 88, 89, 90, 91, 92, 93, 94, 95, 96, 97, 98, 99, 100, 101, 102, 103, 104, 105, 106, 107, 108, 109, 110, 111, 112, 113, 114, 115, 116, 117, 118, 119, 120, 121, 122, 123, 124]

--- Генерація вершинного покриття (зі списку суміжності) ---
Знайдене максимальне парування (M): {(14, 114), (81, 82), (17, 107), (60, 111), (50, 110), (36, 68), (19, 116), (3, 10), (51, 59), (2, 48), (27, 71), (11, 115), (13, 57), (44, 72), (8, 85), (0, 23), (45, 113), (97, 120), (5, 49), (26, 29), (90, 93), (64, 80), (25, 43), (108, 117), (96, 124), (18, 34), (6, 9), (41, 66), (12, 24), (38, 46), (1, 63), (47, 91), (32, 69), (22, 109), (40, 122), (42, 86), (70, 102), (75, 92), (87, 121), (56, 118), (28, 105), (73, 76), (99, 101), (16, 88), (54, 78), (7, 30), (55, 79), (20, 33), (103, 104), (35, 61), (84, 106), (74, 77), (98, 123), (53, 100), (39, 58), (52, 83), (4, 37), (31, 112), (15, 67), (94, 95), (65, 89), (21, 62)}
Згенероване вершинне покриття (C): [0, 1, 2, 3, 4, 5, 6, 7, 8, 9, 10, 11, 12, 13, 14, 15, 16, 17, 18, 19, 20, 21, 22, 23, 24, 25, 26, 27, 28, 29, 30, 31, 32, 33, 34, 35, 36, 37, 38, 39, 40, 41, 42, 43, 44, 45, 46, 47, 48, 49, 50, 51, 52, 53, 54, 55, 56, 57, 58, 59, 60, 61, 62, 63, 64, 65, 66, 67, 68, 69, 70, 71, 72, 73, 74, 75, 76, 77, 78, 79, 80, 81, 82, 83, 84, 85, 86, 87, 88, 89, 90, 91, 92, 93, 94, 95, 96, 97, 98, 99, 100, 101, 102, 103, 104, 105, 106, 107, 108, 109, 110, 111, 112, 113, 114, 115, 116, 117, 118, 120, 121, 122, 123, 124]

--- Генерація вершинного покриття (зі списку суміжності) ---
Знайдене максимальне парування (M): {(56, 65), (12, 123), (59, 116), (53, 72), (4, 58), (30, 107), (37, 67), (51, 114), (74, 122), (47, 77), (27, 62), (28, 73), (60, 68), (11, 121), (40, 108), (90, 124), (82, 120), (78, 101), (38, 117), (24, 75), (6, 63), (34, 49), (45, 110), (10, 88), (69, 113), (19, 39), (52, 106), (3, 55), (29, 83), (0, 44), (43, 54), (57, 105), (32, 118), (35, 50), (22, 86), (5, 79), (17, 87), (31, 104), (14, 36), (46, 71), (42, 92), (84, 119), (9, 95), (23, 112), (76, 93), (8, 102), (13, 25), (16, 33), (20, 21), (81, 98), (1, 41), (70, 89), (97, 103), (18, 48), (64, 100), (26, 61), (80, 96), (7, 115), (91, 99), (109, 111), (2, 15), (66, 94)}
Згенероване вершинне покриття (C): [0, 1, 2, 3, 4, 5, 6, 7, 8, 9, 10, 11, 12, 13, 14, 15, 16, 17, 18, 19, 20, 21, 22, 23, 24, 25, 26, 27, 28, 29, 30, 31, 32, 33, 34, 35, 36, 37, 38, 39, 40, 41, 42, 43, 44, 45, 46, 47, 48, 49, 50, 51, 52, 53, 54, 55, 56, 57, 58, 59, 60, 61, 62, 63, 64, 65, 66, 67, 68, 69, 70, 71, 72, 73, 74, 75, 76, 77, 78, 79, 80, 81, 82, 83, 84, 86, 87, 88, 89, 90, 91, 92, 93, 94, 95, 96, 97, 98, 99, 100, 101, 102, 103, 104, 105, 106, 107, 108, 109, 110, 111, 112, 113, 114, 115, 116, 117, 118, 119, 120, 121, 122, 123, 124]

--- Генерація вершинного покриття (зі списку суміжності) ---
Знайдене максимальне парування (M): {(18, 78), (10, 40), (19, 107), (15, 88), (60, 114), (12, 13), (77, 84), (41, 119), (20, 93), (38, 50), (22, 29), (5, 25), (23, 101), (74, 76), (45, 49), (36, 43), (26, 75), (110, 111), (16, 80), (14, 52), (91, 104), (17, 39), (0, 99), (32, 85), (27, 113), (53, 71), (51, 95), (92, 121), (48, 90), (64, 86), (35, 102), (7, 31), (63, 106), (8, 69), (2, 62), (34, 97), (79, 82), (21, 103), (54, 109), (30, 81), (58, 100), (66, 83), (28, 47), (1, 87), (4, 108), (89, 118), (56, 57), (65, 105), (59, 123), (37, 68), (116, 120), (3, 11), (44, 46), (67, 72), (61, 117), (33, 122), (42, 70), (115, 124), (24, 73), (55, 112), (6, 9), (96, 98)}
Згенероване вершинне покриття (C): [0, 1, 2, 3, 4, 5, 6, 7, 8, 9, 10, 11, 12, 13, 14, 15, 16, 17, 18, 19, 20, 21, 22, 23, 24, 25, 26, 27, 28, 29, 30, 31, 32, 33, 34, 35, 36, 37, 38, 39, 40, 41, 42, 43, 44, 45, 46, 47, 48, 49, 50, 51, 52, 53, 54, 55, 56, 57, 58, 59, 60, 61, 62, 63, 64, 65, 66, 67, 68, 69, 70, 71, 72, 73, 74, 75, 76, 77, 78, 79, 80, 81, 82, 83, 84, 85, 86, 87, 88, 89, 90, 91, 92, 93, 95, 96, 97, 98, 99, 100, 101, 102, 103, 104, 105, 106, 107, 108, 109, 110, 111, 112, 113, 114, 115, 116, 117, 118, 119, 120, 121, 122, 123, 124]

--- Генерація вершинного покриття (зі списку суміжності) ---
Знайдене максимальне парування (M): {(51, 99), (53, 66), (59, 70), (42, 112), (32, 49), (14, 65), (7, 35), (90, 106), (73, 93), (113, 117), (9, 69), (25, 123), (61, 79), (0, 11), (89, 110), (46, 78), (76, 85), (36, 107), (1, 24), (50, 109), (31, 71), (33, 96), (19, 115), (27, 122), (64, 80), (52, 92), (86, 118), (12, 21), (41, 63), (28, 124), (44, 120), (6, 38), (47, 82), (29, 98), (15, 111), (100, 103), (22, 104), (8, 26), (84, 116), (74, 81), (4, 102), (39, 68), (20, 119), (2, 77), (18, 67), (34, 57), (5, 54), (3, 121), (37, 62), (13, 43), (40, 94), (10, 114), (95, 97), (72, 101), (16, 48), (55, 88), (17, 83), (60, 87), (45, 105), (23, 56), (58, 108), (75, 91)}
Згенероване вершинне покриття (C): [0, 1, 2, 3, 4, 5, 6, 7, 8, 9, 10, 11, 12, 13, 14, 15, 16, 17, 18, 19, 20, 21, 22, 23, 24, 25, 26, 27, 28, 29, 31, 32, 33, 34, 35, 36, 37, 38, 39, 40, 41, 42, 43, 44, 45, 46, 47, 48, 49, 50, 51, 52, 53, 54, 55, 56, 57, 58, 59, 60, 61, 62, 63, 64, 65, 66, 67, 68, 69, 70, 71, 72, 73, 74, 75, 76, 77, 78, 79, 80, 81, 82, 83, 84, 85, 86, 87, 88, 89, 90, 91, 92, 93, 94, 95, 96, 97, 98, 99, 100, 101, 102, 103, 104, 105, 106, 107, 108, 109, 110, 111, 112, 113, 114, 115, 116, 117, 118, 119, 120, 121, 122, 123, 124]

--- Генерація вершинного покриття (зі списку суміжності) ---
Знайдене максимальне парування (M): {(69, 117), (16, 87), (80, 114), (24, 27), (64, 75), (3, 123), (20, 78), (44, 51), (33, 112), (103, 106), (34, 86), (95, 102), (61, 82), (18, 59), (47, 49), (37, 48), (57, 81), (43, 94), (23, 119), (17, 109), (5, 113), (92, 115), (101, 108), (8, 121), (30, 66), (79, 111), (32, 63), (2, 53), (38, 46), (11, 56), (71, 110), (62, 107), (91, 97), (9, 25), (4, 41), (65, 93), (21, 60), (52, 99), (100, 118), (1, 26), (96, 105), (0, 40), (55, 67), (6, 10), (54, 72), (42, 116), (29, 88), (39, 98), (7, 36), (22, 85), (35, 58), (76, 120), (28, 74), (70, 83), (89, 90), (14, 84), (31, 45), (13, 122), (104, 124), (19, 77), (68, 73), (12, 50)}
Згенероване вершинне покриття (C): [0, 1, 2, 3, 4, 5, 6, 7, 8, 9, 10, 11, 12, 13, 14, 16, 17, 18, 19, 20, 21, 22, 23, 24, 25, 26, 27, 28, 29, 30, 31, 32, 33, 34, 35, 36, 37, 38, 39, 40, 41, 42, 43, 44, 45, 46, 47, 48, 49, 50, 51, 52, 53, 54, 55, 56, 57, 58, 59, 60, 61, 62, 63, 64, 65, 66, 67, 68, 69, 70, 71, 72, 73, 74, 75, 76, 77, 78, 79, 80, 81, 82, 83, 84, 85, 86, 87, 88, 89, 90, 91, 92, 93, 94, 95, 96, 97, 98, 99, 100, 101, 102, 103, 104, 105, 106, 107, 108, 109, 110, 111, 112, 113, 114, 115, 116, 117, 118, 119, 120, 121, 122, 123, 124]

--- Генерація вершинного покриття (зі списку суміжності) ---
Знайдене максимальне парування (M): {(41, 43), (0, 106), (48, 94), (15, 36), (58, 71), (44, 66), (5, 80), (31, 47), (20, 118), (42, 84), (40, 117), (21, 116), (7, 65), (102, 110), (46, 81), (11, 35), (73, 77), (92, 109), (13, 90), (91, 119), (56, 70), (60, 113), (17, 51), (27, 122), (19, 54), (10, 45), (8, 63), (2, 105), (61, 124), (3, 76), (14, 82), (6, 29), (4, 72), (103, 108), (75, 123), (114, 120), (64, 107), (111, 112), (33, 83), (93, 97), (24, 25), (9, 52), (34, 69), (59, 68), (62, 79), (26, 98), (37, 74), (22, 85), (67, 87), (86, 88), (18, 39), (104, 115), (12, 32), (28, 89), (38, 57), (78, 99), (49, 121), (55, 100), (1, 16), (50, 95), (23, 53), (30, 101)}
Згенероване вершинне покриття (C): [0, 1, 2, 3, 4, 5, 6, 7, 8, 9, 10, 11, 12, 13, 14, 15, 16, 17, 18, 19, 20, 21, 22, 23, 24, 25, 26, 27, 28, 29, 30, 31, 32, 33, 34, 35, 36, 37, 38, 39, 40, 41, 42, 43, 44, 45, 46, 47, 48, 49, 50, 51, 52, 53, 54, 55, 56, 57, 58, 59, 60, 61, 62, 63, 64, 65, 66, 67, 68, 69, 70, 71, 72, 73, 74, 75, 76, 77, 78, 79, 80, 81, 82, 83, 84, 85, 86, 87, 88, 89, 90, 91, 92, 93, 94, 95, 97, 98, 99, 100, 101, 102, 103, 104, 105, 106, 107, 108, 109, 110, 111, 112, 113, 114, 115, 116, 117, 118, 119, 120, 121, 122, 123, 124]

--- Генерація вершинного покриття (зі списку суміжності) ---
Знайдене максимальне парування (M): {(44, 100), (42, 112), (54, 77), (15, 97), (12, 19), (2, 103), (0, 109), (7, 90), (69, 74), (14, 25), (70, 82), (101, 118), (64, 105), (6, 45), (68, 124), (78, 95), (87, 107), (17, 33), (51, 83), (8, 30), (31, 53), (32, 91), (21, 58), (3, 46), (10, 27), (86, 123), (93, 110), (18, 80), (52, 106), (9, 50), (24, 99), (40, 89), (4, 72), (98, 115), (61, 104), (79, 117), (57, 114), (47, 85), (36, 94), (35, 65), (41, 81), (1, 20), (38, 73), (22, 55), (71, 76), (37, 59), (28, 62), (108, 116), (43, 111), (5, 11), (26, 34), (13, 113), (48, 49), (63, 102), (88, 119), (23, 84), (66, 67), (39, 122), (60, 96), (29, 121), (56, 120)}
Згенероване вершинне покриття (C): [0, 1, 2, 3, 4, 5, 6, 7, 8, 9, 10, 11, 12, 13, 14, 15, 17, 18, 19, 20, 21, 22, 23, 24, 25, 26, 27, 28, 29, 30, 31, 32, 33, 34, 35, 36, 37, 38, 39, 40, 41, 42, 43, 44, 45, 46, 47, 48, 49, 50, 51, 52, 53, 54, 55, 56, 57, 58, 59, 60, 61, 62, 63, 64, 65, 66, 67, 68, 69, 70, 71, 72, 73, 74, 76, 77, 78, 79, 80, 81, 82, 83, 84, 85, 86, 87, 88, 89, 90, 91, 93, 94, 95, 96, 97, 98, 99, 100, 101, 102, 103, 104, 105, 106, 107, 108, 109, 110, 111, 112, 113, 114, 115, 116, 117, 118, 119, 120, 121, 122, 123, 124]

--- Генерація вершинного покриття (зі списку суміжності) ---
Знайдене максимальне парування (M): {(22, 63), (25, 90), (37, 116), (52, 110), (48, 91), (12, 65), (70, 119), (36, 71), (79, 106), (35, 115), (8, 122), (11, 60), (53, 93), (46, 57), (49, 114), (3, 92), (14, 86), (80, 98), (81, 121), (15, 69), (13, 78), (20, 123), (50, 100), (54, 58), (64, 68), (28, 103), (33, 38), (19, 109), (18, 89), (66, 102), (1, 42), (6, 87), (16, 104), (73, 95), (2, 108), (62, 107), (5, 24), (27, 30), (4, 32), (26, 117), (7, 61), (10, 23), (44, 83), (0, 31), (45, 118), (43, 96), (85, 105), (99, 101), (51, 112), (67, 124), (41, 111), (82, 94), (56, 72), (9, 113), (21, 59), (84, 97), (76, 120), (29, 39), (74, 77), (34, 47), (75, 88), (17, 40)}
Згенероване вершинне покриття (C): [0, 1, 2, 3, 4, 5, 6, 7, 8, 9, 10, 11, 12, 13, 14, 15, 16, 17, 18, 19, 20, 21, 22, 23, 24, 25, 26, 27, 28, 29, 30, 31, 32, 33, 34, 35, 36, 37, 38, 39, 40, 41, 42, 43, 44, 45, 46, 47, 48, 49, 50, 51, 52, 53, 54, 56, 57, 58, 59, 60, 61, 62, 63, 64, 65, 66, 67, 68, 69, 70, 71, 72, 73, 74, 75, 76, 77, 78, 79, 80, 81, 82, 83, 84, 85, 86, 87, 88, 89, 90, 91, 92, 93, 94, 95, 96, 97, 98, 99, 100, 101, 102, 103, 104, 105, 106, 107, 108, 109, 110, 111, 112, 113, 114, 115, 116, 117, 118, 119, 120, 121, 122, 123, 124]

--- Генерація вершинного покриття (зі списку суміжності) ---
Знайдене максимальне парування (M): {(88, 94), (43, 101), (72, 76), (67, 114), (102, 120), (65, 104), (27, 62), (22, 32), (11, 66), (79, 112), (78, 86), (77, 96), (16, 56), (6, 118), (29, 59), (68, 75), (63, 119), (23, 113), (92, 106), (31, 123), (21, 64), (47, 107), (110, 117), (98, 103), (84, 89), (12, 82), (83, 124), (50, 69), (81, 108), (48, 105), (1, 121), (17, 87), (26, 53), (45, 100), (15, 71), (34, 54), (30, 35), (37, 111), (10, 90), (24, 25), (55, 122), (51, 97), (33, 95), (91, 109), (3, 115), (7, 18), (9, 61), (2, 49), (4, 74), (13, 46), (14, 20), (57, 116), (44, 73), (52, 80), (0, 70), (39, 58), (42, 85), (36, 93), (19, 28), (38, 60), (5, 41), (8, 40)}
Згенероване вершинне покриття (C): [0, 1, 2, 3, 4, 5, 6, 7, 8, 9, 10, 11, 12, 13, 14, 15, 16, 17, 18, 19, 20, 21, 22, 23, 24, 25, 26, 27, 28, 29, 30, 31, 32, 33, 34, 35, 36, 37, 38, 39, 40, 41, 42, 43, 44, 45, 46, 47, 48, 49, 50, 51, 52, 53, 54, 55, 56, 57, 58, 59, 60, 61, 62, 63, 64, 65, 66, 67, 68, 69, 70, 71, 72, 73, 74, 75, 76, 77, 78, 79, 80, 81, 82, 83, 84, 85, 86, 87, 88, 89, 90, 91, 92, 93, 94, 95, 96, 97, 98, 100, 101, 102, 103, 104, 105, 106, 107, 108, 109, 110, 111, 112, 113, 114, 115, 116, 117, 118, 119, 120, 121, 122, 123, 124]

--- Генерація вершинного покриття (зі списку суміжності) ---
Знайдене максимальне парування (M): {(43, 98), (16, 81), (13, 88), (12, 123), (99, 106), (65, 110), (66, 109), (45, 80), (6, 33), (10, 61), (101, 115), (50, 76), (79, 112), (90, 121), (26, 63), (7, 114), (4, 36), (20, 105), (2, 69), (11, 94), (31, 120), (1, 85), (22, 77), (8, 57), (58, 67), (55, 89), (0, 56), (38, 52), (39, 108), (23, 91), (49, 116), (44, 71), (84, 107), (34, 100), (97, 119), (5, 103), (18, 122), (32, 35), (30, 102), (83, 117), (24, 37), (72, 86), (27, 54), (96, 111), (14, 75), (59, 74), (47, 78), (25, 118), (87, 93), (48, 113), (29, 51), (42, 70), (9, 15), (46, 64), (17, 28), (68, 73), (95, 124), (3, 41), (92, 104), (21, 62), (19, 40)}
Згенероване вершинне покриття (C): [0, 1, 2, 3, 4, 5, 6, 7, 8, 9, 10, 11, 12, 13, 14, 15, 16, 17, 18, 19, 20, 21, 22, 23, 24, 25, 26, 27, 28, 29, 30, 31, 32, 33, 34, 35, 36, 37, 38, 39, 40, 41, 42, 43, 44, 45, 46, 47, 48, 49, 50, 51, 52, 54, 55, 56, 57, 58, 59, 61, 62, 63, 64, 65, 66, 67, 68, 69, 70, 71, 72, 73, 74, 75, 76, 77, 78, 79, 80, 81, 83, 84, 85, 86, 87, 88, 89, 90, 91, 92, 93, 94, 95, 96, 97, 98, 99, 100, 101, 102, 103, 104, 105, 106, 107, 108, 109, 110, 111, 112, 113, 114, 115, 116, 117, 118, 119, 120, 121, 122, 123, 124]

--- Генерація вершинного покриття (зі списку суміжності) ---
Знайдене максимальне парування (M): {(6, 12), (15, 79), (50, 52), (71, 87), (63, 77), (26, 88), (7, 84), (62, 93), (51, 123), (34, 37), (19, 95), (86, 99), (35, 66), (114, 118), (55, 105), (67, 104), (9, 90), (22, 111), (70, 106), (60, 101), (41, 91), (58, 113), (32, 39), (1, 94), (14, 119), (17, 57), (4, 5), (96, 109), (18, 89), (47, 73), (28, 75), (10, 124), (16, 61), (20, 43), (40, 46), (72, 117), (33, 74), (2, 13), (3, 45), (11, 25), (120, 121), (83, 102), (42, 98), (38, 85), (30, 108), (23, 69), (27, 112), (65, 80), (0, 107), (21, 81), (31, 82), (56, 78), (24, 49), (59, 68), (29, 36), (64, 97), (44, 122), (103, 116), (53, 54), (8, 92), (110, 115), (48, 76)}
Згенероване вершинне покриття (C): [0, 1, 2, 3, 4, 5, 6, 7, 8, 9, 10, 11, 12, 13, 14, 15, 16, 17, 18, 19, 20, 21, 22, 23, 24, 25, 26, 27, 28, 29, 30, 31, 32, 33, 34, 35, 36, 37, 38, 39, 40, 41, 42, 43, 44, 45, 46, 47, 48, 49, 50, 51, 52, 53, 54, 55, 56, 57, 58, 59, 60, 61, 62, 63, 64, 65, 66, 67, 68, 69, 70, 71, 72, 73, 74, 75, 76, 77, 78, 79, 80, 81, 82, 83, 84, 85, 86, 87, 88, 89, 90, 91, 92, 93, 94, 95, 96, 97, 98, 99, 101, 102, 103, 104, 105, 106, 107, 108, 109, 110, 111, 112, 113, 114, 115, 116, 117, 118, 119, 120, 121, 122, 123, 124]

--- Генерація вершинного покриття (зі списку суміжності) ---
Знайдене максимальне парування (M): {(32, 46), (3, 62), (75, 115), (28, 58), (37, 67), (25, 111), (38, 41), (7, 96), (5, 74), (78, 98), (54, 104), (13, 66), (71, 114), (47, 86), (59, 91), (8, 30), (9, 87), (23, 116), (26, 72), (49, 80), (97, 123), (6, 11), (33, 93), (14, 61), (85, 106), (42, 108), (12, 21), (88, 117), (63, 100), (52, 69), (0, 4), (18, 113), (36, 94), (82, 122), (55, 101), (39, 65), (44, 77), (45, 109), (1, 20), (76, 81), (83, 102), (31, 70), (15, 22), (2, 34), (27, 57), (24, 43), (51, 118), (50, 68), (79, 110), (90, 107), (40, 103), (56, 99), (35, 64), (10, 16), (89, 105), (29, 48), (84, 112), (17, 95), (19, 92), (73, 124), (53, 121)}
Згенероване вершинне покриття (C): [0, 1, 2, 3, 4, 5, 6, 7, 8, 9, 10, 11, 12, 13, 14, 15, 16, 17, 18, 19, 20, 21, 22, 23, 24, 25, 26, 27, 28, 29, 30, 31, 32, 33, 34, 35, 36, 37, 38, 39, 40, 41, 42, 43, 44, 45, 46, 47, 48, 49, 50, 51, 52, 53, 54, 55, 56, 57, 58, 59, 61, 62, 63, 64, 65, 66, 67, 68, 69, 70, 71, 72, 73, 74, 75, 76, 77, 78, 79, 80, 81, 82, 83, 84, 85, 86, 87, 88, 89, 90, 91, 92, 93, 94, 95, 96, 97, 98, 99, 100, 101, 102, 103, 104, 105, 106, 107, 108, 109, 110, 111, 112, 113, 114, 115, 116, 117, 118, 121, 122, 123, 124]

--- Генерація вершинного покриття (зі списку суміжності) ---
Знайдене максимальне парування (M): {(60, 108), (20, 124), (40, 72), (0, 42), (23, 65), (7, 87), (51, 114), (12, 22), (55, 81), (19, 122), (11, 66), (61, 76), (6, 100), (112, 118), (13, 121), (89, 95), (31, 105), (44, 78), (46, 84), (8, 36), (80, 113), (88, 96), (14, 110), (2, 90), (56, 64), (77, 86), (82, 104), (25, 52), (16, 107), (47, 85), (97, 101), (69, 91), (27, 79), (67, 103), (115, 119), (26, 68), (4, 41), (17, 32), (3, 109), (5, 106), (62, 73), (37, 53), (10, 99), (48, 83), (38, 94), (34, 75), (18, 24), (30, 120), (35, 43), (70, 71), (98, 111), (1, 102), (28, 74), (33, 58), (29, 39), (9, 15), (49, 57), (45, 93), (50, 92), (63, 123), (54, 59), (21, 117)}
Згенероване вершинне покриття (C): [0, 1, 2, 3, 4, 5, 6, 7, 8, 9, 10, 11, 12, 13, 14, 15, 16, 17, 18, 19, 20, 21, 22, 23, 24, 25, 26, 27, 28, 29, 30, 31, 32, 33, 34, 35, 36, 37, 38, 39, 40, 41, 42, 43, 44, 45, 46, 47, 48, 49, 50, 51, 52, 53, 54, 55, 56, 57, 58, 59, 60, 61, 62, 63, 64, 65, 66, 67, 68, 69, 70, 71, 72, 73, 74, 75, 76, 77, 78, 79, 80, 81, 82, 83, 84, 85, 86, 87, 88, 89, 90, 91, 92, 93, 94, 95, 96, 97, 98, 99, 100, 101, 102, 103, 104, 105, 106, 107, 108, 109, 110, 111, 112, 113, 114, 115, 117, 118, 119, 120, 121, 122, 123, 124]

--- Генерація вершинного покриття (зі списку суміжності) ---
Знайдене максимальне парування (M): {(93, 108), (24, 88), (63, 80), (62, 78), (14, 123), (50, 116), (59, 64), (30, 58), (28, 119), (75, 112), (11, 115), (15, 51), (17, 70), (67, 86), (77, 90), (1, 6), (106, 111), (12, 98), (83, 85), (4, 91), (49, 117), (9, 84), (23, 113), (7, 68), (3, 52), (10, 103), (35, 96), (42, 56), (54, 82), (0, 114), (44, 120), (29, 34), (39, 41), (43, 57), (72, 105), (95, 104), (46, 65), (61, 81), (22, 110), (38, 73), (37, 47), (26, 71), (21, 121), (33, 92), (36, 48), (8, 99), (32, 87), (19, 102), (40, 76), (66, 101), (5, 45), (16, 94), (2, 107), (18, 97), (27, 124), (20, 100), (25, 69), (31, 118), (55, 109), (13, 79), (53, 60)}
Згенероване вершинне покриття (C): [0, 1, 2, 3, 4, 5, 6, 7, 8, 9, 10, 11, 12, 13, 14, 15, 16, 17, 18, 19, 20, 21, 22, 23, 24, 25, 26, 27, 28, 29, 30, 31, 32, 33, 34, 35, 36, 37, 38, 39, 40, 41, 42, 43, 44, 45, 46, 47, 48, 49, 50, 51, 52, 53, 54, 55, 56, 57, 58, 59, 60, 61, 62, 63, 64, 65, 66, 67, 68, 69, 70, 71, 72, 73, 75, 76, 77, 78, 79, 80, 81, 82, 83, 84, 85, 86, 87, 88, 90, 91, 92, 93, 94, 95, 96, 97, 98, 99, 100, 101, 102, 103, 104, 105, 106, 107, 108, 109, 110, 111, 112, 113, 114, 115, 116, 117, 118, 119, 120, 121, 123, 124]

--- Генерація вершинного покриття (зі списку суміжності) ---
Знайдене максимальне парування (M): {(70, 110), (4, 64), (10, 98), (24, 36), (80, 123), (30, 116), (37, 73), (41, 122), (35, 109), (68, 115), (44, 60), (63, 104), (90, 118), (95, 108), (49, 111), (87, 101), (34, 86), (27, 74), (21, 107), (0, 17), (52, 79), (50, 97), (40, 71), (3, 55), (1, 103), (54, 82), (42, 114), (20, 25), (84, 89), (32, 48), (15, 38), (12, 94), (43, 72), (2, 7), (19, 81), (23, 39), (5, 88), (18, 119), (9, 31), (26, 77), (11, 92), (120, 121), (57, 83), (6, 16), (13, 22), (45, 66), (28, 56), (76, 105), (29, 85), (67, 75), (59, 65), (61, 62), (8, 117), (47, 78), (46, 113), (33, 58), (51, 69), (106, 112), (14, 96), (100, 102), (53, 124), (93, 99)}
Згенероване вершинне покриття (C): [0, 1, 2, 3, 4, 5, 6, 7, 8, 9, 10, 11, 12, 13, 14, 15, 16, 17, 18, 19, 20, 21, 22, 23, 24, 25, 26, 27, 28, 29, 30, 31, 32, 33, 34, 35, 36, 37, 38, 39, 40, 41, 42, 43, 44, 45, 46, 47, 48, 49, 50, 51, 52, 53, 54, 55, 56, 57, 58, 59, 60, 61, 62, 63, 64, 65, 66, 67, 68, 69, 70, 71, 72, 73, 74, 75, 76, 77, 78, 79, 80, 81, 82, 83, 84, 85, 86, 87, 88, 89, 90, 92, 93, 94, 95, 96, 97, 98, 99, 100, 101, 102, 103, 104, 105, 106, 107, 108, 109, 110, 111, 112, 113, 114, 115, 116, 117, 118, 119, 120, 121, 122, 123, 124]

--- Генерація вершинного покриття (зі списку суміжності) ---
Знайдене максимальне парування (M): {(70, 116), (80, 102), (2, 97), (63, 123), (88, 100), (33, 118), (38, 41), (17, 73), (23, 92), (68, 112), (39, 51), (34, 43), (21, 53), (37, 42), (1, 18), (5, 101), (10, 22), (76, 86), (11, 35), (45, 55), (56, 64), (81, 87), (91, 122), (0, 47), (85, 95), (65, 106), (26, 99), (75, 117), (15, 108), (54, 94), (79, 120), (6, 111), (31, 107), (72, 114), (13, 16), (32, 84), (50, 93), (83, 96), (9, 104), (8, 105), (90, 98), (36, 60), (67, 69), (58, 66), (28, 59), (57, 110), (46, 49), (4, 19), (20, 27), (62, 103), (71, 109), (113, 121), (52, 74), (61, 89), (14, 29), (48, 119), (3, 44), (25, 78), (24, 82), (7, 124), (77, 115), (30, 40)}
Згенероване вершинне покриття (C): [0, 1, 2, 3, 4, 5, 6, 7, 8, 9, 10, 11, 13, 14, 15, 16, 17, 18, 19, 20, 21, 22, 23, 24, 25, 26, 27, 28, 29, 30, 31, 32, 33, 34, 35, 36, 37, 38, 39, 40, 41, 42, 43, 44, 45, 46, 47, 48, 49, 50, 51, 52, 53, 54, 55, 56, 57, 58, 59, 60, 61, 62, 63, 64, 65, 66, 67, 68, 69, 70, 71, 72, 73, 74, 75, 76, 77, 78, 79, 80, 81, 82, 83, 84, 85, 86, 87, 88, 89, 90, 91, 92, 93, 94, 95, 96, 97, 98, 99, 100, 101, 102, 103, 104, 105, 106, 107, 108, 109, 110, 111, 112, 113, 114, 115, 116, 117, 118, 119, 120, 121, 122, 123, 124]

--- Генерація вершинного покриття (зі списку суміжності) ---
Знайдене максимальне парування (M): {(11, 42), (8, 52), (39, 88), (43, 55), (2, 112), (63, 98), (56, 86), (27, 74), (1, 61), (72, 106), (35, 60), (41, 85), (64, 111), (49, 65), (26, 69), (31, 59), (91, 104), (23, 110), (37, 54), (102, 107), (14, 58), (10, 51), (22, 80), (18, 121), (29, 101), (33, 62), (66, 123), (50, 87), (0, 13), (20, 113), (95, 116), (92, 99), (45, 48), (30, 96), (100, 115), (76, 81), (89, 118), (7, 70), (16, 24), (94, 120), (28, 71), (73, 97), (4, 77), (6, 40), (84, 103), (15, 46), (21, 32), (19, 68), (34, 93), (90, 119), (75, 82), (25, 124), (114, 122), (17, 83), (53, 109), (3, 44), (67, 108), (12, 47), (5, 38), (78, 117), (9, 36), (57, 79)}
Згенероване вершинне покриття (C): [0, 1, 2, 3, 4, 5, 6, 7, 8, 9, 10, 11, 12, 13, 14, 15, 16, 17, 18, 19, 20, 21, 22, 23, 24, 25, 26, 27, 28, 29, 30, 31, 32, 33, 34, 35, 36, 37, 38, 39, 40, 41, 42, 43, 44, 45, 46, 47, 48, 49, 50, 51, 52, 53, 54, 55, 56, 57, 58, 59, 60, 61, 62, 63, 64, 65, 66, 67, 68, 69, 70, 71, 72, 73, 74, 75, 76, 77, 78, 79, 80, 81, 82, 83, 84, 85, 86, 87, 88, 89, 90, 91, 92, 93, 94, 95, 96, 97, 98, 99, 100, 101, 102, 103, 104, 106, 107, 108, 109, 110, 111, 112, 113, 114, 115, 116, 117, 118, 119, 120, 121, 122, 123, 124]

--- Генерація вершинного покриття (зі списку суміжності) ---
Знайдене максимальне парування (M): {(93, 102), (24, 94), (27, 111), (53, 69), (57, 103), (60, 65), (75, 118), (37, 73), (17, 67), (25, 108), (31, 35), (56, 86), (43, 64), (72, 106), (23, 95), (112, 124), (82, 120), (22, 38), (9, 81), (26, 121), (13, 115), (100, 104), (21, 61), (97, 123), (42, 96), (6, 70), (19, 39), (14, 119), (10, 51), (107, 109), (15, 99), (3, 18), (63, 91), (34, 79), (59, 78), (29, 101), (7, 98), (16, 113), (44, 62), (40, 46), (49, 55), (47, 88), (8, 90), (5, 45), (1, 87), (4, 114), (12, 66), (105, 117), (54, 84), (28, 71), (48, 110), (2, 116), (0, 58), (20, 33), (68, 122), (41, 77), (30, 80), (52, 83), (32, 74), (85, 92), (76, 89), (36, 50)}
Згенероване вершинне покриття (C): [0, 1, 2, 3, 4, 5, 6, 7, 8, 9, 10, 12, 13, 14, 15, 16, 17, 18, 19, 20, 21, 22, 23, 24, 25, 26, 27, 28, 29, 30, 31, 32, 33, 34, 35, 36, 37, 38, 39, 40, 41, 42, 43, 44, 45, 46, 47, 48, 49, 50, 51, 52, 53, 54, 55, 56, 57, 58, 59, 60, 61, 62, 63, 64, 65, 66, 67, 68, 69, 70, 71, 72, 73, 74, 75, 76, 77, 78, 79, 80, 81, 82, 83, 84, 85, 86, 87, 88, 89, 90, 91, 92, 93, 94, 95, 96, 97, 98, 99, 100, 101, 102, 103, 104, 105, 106, 107, 108, 109, 110, 111, 112, 113, 114, 115, 116, 117, 118, 119, 120, 121, 122, 123, 124]

--- Генерація вершинного покриття (зі списку суміжності) ---
Знайдене максимальне парування (M): {(11, 91), (90, 94), (64, 75), (9, 54), (118, 119), (32, 55), (10, 61), (103, 106), (4, 24), (1, 122), (25, 123), (2, 60), (63, 113), (66, 72), (56, 107), (44, 87), (36, 110), (57, 78), (38, 71), (96, 97), (37, 51), (73, 74), (22, 77), (13, 111), (20, 92), (18, 98), (6, 102), (31, 101), (59, 81), (5, 82), (84, 104), (58, 88), (8, 23), (68, 79), (33, 80), (15, 62), (42, 86), (14, 100), (12, 48), (7, 67), (47, 112), (34, 121), (43, 99), (76, 105), (83, 120), (52, 53), (85, 114), (17, 65), (41, 117), (27, 124), (16, 109), (40, 45), (39, 49), (26, 116), (29, 115), (3, 35), (46, 70), (69, 93), (19, 28), (30, 89), (0, 21), (50, 95)}
Згенероване вершинне покриття (C): [0, 1, 2, 3, 4, 5, 6, 7, 8, 9, 10, 11, 12, 13, 14, 15, 16, 17, 18, 19, 20, 21, 22, 23, 24, 25, 26, 27, 28, 29, 30, 31, 32, 33, 34, 35, 36, 37, 38, 39, 40, 41, 42, 43, 44, 45, 46, 47, 48, 49, 50, 51, 52, 53, 54, 55, 56, 57, 58, 59, 60, 61, 62, 63, 64, 65, 66, 67, 68, 69, 70, 71, 72, 73, 74, 75, 76, 77, 78, 79, 80, 81, 82, 83, 84, 85, 86, 87, 88, 89, 90, 91, 92, 93, 94, 95, 96, 97, 98, 99, 100, 101, 102, 103, 104, 105, 106, 107, 109, 110, 111, 112, 113, 114, 115, 116, 117, 118, 119, 120, 121, 122, 123, 124]

--- Генерація вершинного покриття (зі списку суміжності) ---
Знайдене максимальне парування (M): {(65, 98), (47, 114), (67, 123), (43, 101), (53, 69), (34, 117), (32, 37), (11, 97), (71, 96), (73, 87), (13, 100), (40, 90), (8, 119), (21, 25), (62, 93), (18, 108), (45, 92), (27, 80), (104, 111), (28, 79), (49, 120), (35, 57), (66, 75), (24, 124), (15, 115), (22, 105), (0, 20), (89, 113), (70, 106), (9, 38), (14, 55), (48, 81), (10, 42), (4, 121), (54, 85), (60, 64), (46, 59), (39, 50), (36, 91), (86, 107), (76, 78), (30, 84), (33, 77), (19, 29), (31, 61), (2, 74), (23, 118), (102, 109), (88, 95), (1, 83), (51, 112), (58, 63), (99, 116), (52, 68), (5, 17), (7, 103), (72, 110), (6, 122), (3, 41), (12, 56), (44, 94), (26, 82)}
Згенероване вершинне покриття (C): [0, 1, 2, 3, 4, 5, 6, 7, 8, 9, 10, 11, 12, 13, 14, 15, 17, 18, 19, 20, 21, 22, 23, 24, 25, 26, 27, 28, 29, 30, 31, 32, 33, 34, 35, 36, 37, 38, 39, 40, 41, 42, 43, 44, 45, 46, 47, 48, 49, 50, 51, 52, 53, 54, 55, 56, 57, 58, 59, 60, 61, 62, 63, 64, 65, 66, 67, 68, 69, 70, 71, 72, 73, 74, 75, 76, 77, 78, 79, 80, 81, 82, 83, 84, 85, 86, 87, 88, 89, 90, 91, 92, 93, 94, 95, 96, 97, 98, 99, 100, 101, 102, 103, 104, 105, 106, 107, 108, 109, 110, 111, 112, 113, 114, 115, 116, 117, 118, 119, 120, 121, 122, 123, 124]

--- Генерація вершинного покриття (зі списку суміжності) ---
Знайдене максимальне парування (M): {(24, 94), (30, 58), (44, 103), (41, 52), (36, 77), (6, 39), (50, 70), (91, 102), (71, 108), (51, 62), (5, 7), (2, 57), (19, 73), (3, 28), (0, 66), (11, 75), (49, 53), (42, 78), (40, 56), (64, 111), (109, 123), (22, 114), (13, 20), (10, 33), (14, 46), (4, 118), (35, 90), (74, 100), (18, 92), (21, 27), (32, 112), (43, 124), (79, 117), (9, 65), (25, 55), (17, 72), (113, 122), (12, 97), (106, 107), (86, 110), (104, 119), (45, 54), (1, 87), (37, 59), (29, 76), (88, 101), (60, 115), (61, 120), (26, 95), (99, 116), (34, 84), (38, 48), (80, 81), (23, 96), (82, 121), (8, 89), (83, 98), (16, 69), (15, 67), (31, 63), (47, 105), (68, 85)}
Згенероване вершинне покриття (C): [0, 1, 2, 3, 4, 5, 6, 7, 8, 9, 10, 11, 12, 13, 14, 15, 16, 17, 18, 19, 20, 21, 22, 23, 24, 25, 26, 27, 28, 29, 30, 31, 32, 33, 34, 35, 36, 37, 38, 39, 40, 41, 42, 43, 44, 45, 46, 47, 48, 49, 50, 51, 52, 53, 54, 55, 56, 57, 58, 59, 60, 61, 62, 63, 64, 65, 66, 67, 68, 69, 70, 71, 72, 73, 74, 75, 76, 77, 78, 79, 80, 81, 82, 83, 84, 85, 86, 87, 88, 89, 90, 91, 92, 94, 95, 96, 97, 98, 99, 100, 101, 102, 103, 104, 105, 106, 107, 108, 109, 110, 111, 112, 113, 114, 115, 116, 117, 118, 119, 120, 121, 122, 123, 124]

--- Генерація вершинного покриття (зі списку суміжності) ---
Знайдене максимальне парування (M): {(70, 116), (17, 52), (27, 50), (94, 107), (43, 101), (0, 45), (6, 88), (29, 96), (36, 77), (4, 76), (49, 102), (55, 81), (48, 106), (38, 105), (42, 72), (7, 111), (15, 57), (32, 82), (60, 95), (58, 110), (35, 84), (37, 51), (20, 71), (69, 122), (1, 39), (14, 61), (18, 89), (64, 74), (25, 98), (79, 99), (11, 108), (5, 73), (44, 117), (13, 53), (12, 91), (8, 78), (67, 97), (22, 46), (56, 100), (47, 103), (2, 16), (109, 114), (75, 92), (23, 54), (34, 112), (30, 93), (63, 87), (21, 26), (19, 59), (85, 123), (31, 33), (65, 120), (113, 118), (3, 90), (68, 119), (41, 80), (62, 115), (104, 124), (9, 24), (10, 83), (28, 40), (86, 121)}
Згенероване вершинне покриття (C): [0, 1, 2, 3, 4, 5, 6, 7, 8, 9, 10, 11, 12, 13, 14, 15, 16, 17, 18, 19, 20, 21, 22, 23, 24, 25, 26, 27, 28, 29, 30, 31, 32, 33, 34, 35, 36, 37, 38, 39, 40, 41, 42, 43, 44, 45, 46, 47, 48, 49, 50, 51, 52, 53, 54, 55, 56, 57, 58, 59, 60, 61, 62, 63, 64, 65, 67, 68, 69, 70, 71, 72, 73, 74, 75, 76, 77, 78, 79, 80, 81, 82, 83, 84, 85, 86, 87, 88, 89, 90, 91, 92, 93, 94, 95, 96, 97, 98, 99, 100, 101, 102, 103, 104, 105, 106, 107, 108, 109, 110, 111, 112, 113, 114, 115, 116, 117, 118, 119, 120, 121, 122, 123, 124]

--- Генерація вершинного покриття (зі списку суміжності) ---
Знайдене максимальне парування (M): {(42, 100), (2, 27), (4, 113), (64, 69), (1, 31), (96, 104), (11, 45), (33, 112), (19, 58), (22, 23), (21, 95), (25, 53), (8, 73), (59, 79), (109, 110), (13, 124), (74, 91), (28, 36), (18, 68), (12, 119), (60, 107), (6, 87), (76, 106), (44, 50), (16, 40), (51, 122), (35, 105), (24, 108), (77, 86), (30, 57), (49, 101), (83, 121), (70, 81), (65, 115), (43, 54), (29, 46), (17, 20), (103, 114), (52, 84), (26, 62), (48, 123), (37, 102), (7, 67), (32, 90), (0, 89), (41, 47), (5, 118), (116, 120), (9, 61), (82, 97), (14, 75), (56, 72), (39, 92), (10, 117), (78, 93), (15, 55), (3, 38), (80, 99), (94, 98), (34, 111), (66, 85), (63, 71)}
Згенероване вершинне покриття (C): [0, 1, 2, 3, 4, 5, 6, 7, 8, 9, 10, 11, 12, 13, 14, 15, 16, 17, 18, 19, 20, 21, 22, 23, 24, 25, 26, 27, 28, 29, 30, 31, 32, 33, 34, 35, 36, 37, 38, 39, 40, 41, 42, 43, 44, 45, 46, 47, 48, 49, 50, 51, 52, 53, 54, 55, 56, 57, 58, 59, 60, 61, 62, 63, 64, 65, 66, 67, 68, 69, 70, 71, 72, 73, 74, 75, 76, 77, 78, 79, 80, 81, 82, 83, 84, 85, 86, 87, 89, 90, 91, 92, 93, 94, 95, 96, 97, 98, 99, 100, 101, 102, 103, 104, 105, 106, 107, 108, 109, 110, 111, 112, 113, 114, 115, 116, 117, 118, 119, 120, 121, 122, 123, 124]

--- Генерація вершинного покриття (зі списку суміжності) ---
Знайдене максимальне парування (M): {(8, 43), (6, 15), (60, 111), (16, 90), (3, 62), (56, 71), (67, 68), (53, 84), (36, 59), (24, 45), (81, 97), (101, 109), (27, 77), (69, 74), (41, 64), (55, 87), (32, 119), (48, 54), (12, 89), (73, 105), (33, 75), (13, 115), (14, 98), (5, 95), (52, 94), (120, 122), (102, 104), (76, 91), (42, 96), (63, 70), (50, 112), (37, 124), (11, 44), (17, 121), (22, 25), (4, 26), (21, 39), (31, 110), (35, 65), (2, 10), (40, 61), (28, 93), (72, 123), (34, 57), (100, 118), (29, 82), (7, 88), (1, 19), (9, 58), (103, 107), (38, 51), (30, 80), (23, 99), (20, 106), (114, 116), (85, 86), (49, 66), (0, 18), (47, 108), (78, 117), (46, 79), (92, 113)}
Згенероване вершинне покриття (C): [0, 1, 2, 3, 4, 5, 6, 7, 8, 9, 10, 11, 12, 13, 14, 15, 16, 17, 18, 19, 20, 21, 22, 23, 24, 25, 26, 27, 28, 29, 30, 31, 32, 33, 34, 35, 36, 37, 38, 39, 40, 41, 42, 43, 44, 45, 46, 47, 48, 49, 50, 51, 52, 53, 54, 55, 56, 57, 58, 59, 60, 61, 62, 63, 64, 65, 66, 67, 68, 69, 70, 71, 72, 73, 74, 75, 76, 77, 78, 79, 80, 81, 82, 84, 85, 86, 87, 88, 89, 90, 91, 92, 93, 94, 95, 96, 97, 98, 99, 100, 101, 102, 103, 104, 105, 106, 107, 108, 109, 110, 111, 112, 113, 114, 115, 116, 117, 118, 119, 120, 121, 122, 123, 124]

--- Генерація вершинного покриття (зі списку суміжності) ---
Знайдене максимальне парування (M): {(83, 110), (63, 80), (94, 113), (4, 58), (18, 81), (37, 61), (82, 87), (72, 88), (84, 96), (101, 106), (93, 123), (9, 121), (5, 16), (17, 21), (78, 98), (103, 115), (74, 86), (22, 99), (67, 95), (57, 66), (20, 105), (32, 64), (41, 85), (28, 91), (1, 76), (30, 33), (26, 75), (49, 77), (46, 102), (0, 53), (60, 73), (42, 65), (11, 68), (97, 104), (117, 119), (23, 45), (89, 100), (40, 122), (8, 35), (43, 90), (3, 112), (14, 118), (92, 114), (19, 47), (13, 31), (6, 25), (62, 79), (51, 54), (44, 52), (38, 39), (10, 59), (15, 107), (24, 55), (7, 48), (29, 109), (2, 70), (71, 124), (34, 50), (12, 108), (56, 120), (69, 111)}
Згенероване вершинне покриття (C): [0, 1, 2, 3, 4, 5, 6, 7, 8, 9, 10, 11, 12, 13, 14, 15, 16, 17, 18, 19, 20, 21, 22, 23, 24, 25, 26, 28, 29, 30, 31, 32, 33, 34, 35, 37, 38, 39, 40, 41, 42, 43, 44, 45, 46, 47, 48, 49, 50, 51, 52, 53, 54, 55, 56, 57, 58, 59, 60, 61, 62, 63, 64, 65, 66, 67, 68, 69, 70, 71, 72, 73, 74, 75, 76, 77, 78, 79, 80, 81, 82, 83, 84, 85, 86, 87, 88, 89, 90, 91, 92, 93, 94, 95, 96, 97, 98, 99, 100, 101, 102, 103, 104, 105, 106, 107, 108, 109, 110, 111, 112, 113, 114, 115, 117, 118, 119, 120, 121, 122, 123, 124]

--- Генерація вершинного покриття (зі списку суміжності) ---
Знайдене максимальне парування (M): {(45, 117), (63, 74), (38, 81), (91, 123), (32, 49), (33, 48), (116, 119), (20, 96), (43, 55), (28, 70), (40, 47), (26, 118), (71, 120), (31, 41), (2, 5), (39, 124), (8, 27), (24, 78), (85, 94), (50, 100), (16, 77), (17, 54), (23, 122), (13, 35), (42, 108), (25, 104), (58, 67), (11, 88), (82, 98), (7, 101), (3, 79), (68, 114), (0, 62), (15, 56), (18, 52), (12, 106), (44, 80), (69, 97), (19, 87), (1, 72), (30, 90), (59, 102), (10, 29), (22, 61), (60, 112), (65, 89), (57, 95), (51, 115), (75, 110), (6, 37), (9, 64), (103, 107), (46, 113), (21, 93), (4, 92), (66, 73), (36, 99), (109, 111), (76, 83), (14, 105), (86, 121)}
Згенероване вершинне покриття (C): [0, 1, 2, 3, 4, 5, 6, 7, 8, 9, 10, 11, 12, 13, 14, 15, 16, 17, 18, 19, 20, 21, 22, 23, 24, 25, 26, 27, 28, 29, 30, 31, 32, 33, 35, 36, 37, 38, 39, 40, 41, 42, 43, 44, 45, 46, 47, 48, 49, 50, 51, 52, 54, 55, 56, 57, 58, 59, 60, 61, 62, 63, 64, 65, 66, 67, 68, 69, 70, 71, 72, 73, 74, 75, 76, 77, 78, 79, 80, 81, 82, 83, 85, 86, 87, 88, 89, 90, 91, 92, 93, 94, 95, 96, 97, 98, 99, 100, 101, 102, 103, 104, 105, 106, 107, 108, 109, 110, 111, 112, 113, 114, 115, 116, 117, 118, 119, 120, 121, 122, 123, 124]

--- Генерація вершинного покриття (зі списку суміжності) ---
Знайдене максимальне парування (M): {(11, 36), (28, 113), (25, 93), (52, 107), (16, 32), (51, 114), (3, 10), (4, 70), (61, 64), (35, 109), (72, 97), (79, 124), (82, 117), (19, 24), (22, 105), (5, 101), (75, 96), (8, 94), (44, 84), (69, 116), (18, 83), (42, 50), (0, 111), (68, 102), (53, 89), (81, 99), (87, 91), (23, 88), (1, 112), (27, 76), (29, 49), (46, 65), (71, 122), (14, 33), (86, 110), (12, 106), (103, 123), (37, 41), (34, 115), (38, 67), (58, 100), (20, 55), (21, 66), (78, 118), (54, 60), (2, 77), (17, 120), (80, 121), (13, 43), (26, 40), (90, 104), (59, 74), (30, 62), (6, 98), (9, 85), (56, 108), (45, 47), (92, 95), (39, 119), (31, 57), (7, 63)}
Згенероване вершинне покриття (C): [0, 1, 2, 3, 4, 5, 6, 7, 8, 9, 10, 11, 12, 13, 14, 16, 17, 18, 19, 20, 21, 22, 23, 24, 25, 26, 27, 28, 29, 30, 31, 32, 33, 34, 35, 36, 37, 38, 39, 40, 41, 42, 43, 44, 45, 46, 47, 49, 50, 51, 52, 53, 54, 55, 56, 57, 58, 59, 60, 61, 62, 63, 64, 65, 66, 67, 68, 69, 70, 71, 72, 74, 75, 76, 77, 78, 79, 80, 81, 82, 83, 84, 85, 86, 87, 88, 89, 90, 91, 92, 93, 94, 95, 96, 97, 98, 99, 100, 101, 102, 103, 104, 105, 106, 107, 108, 109, 110, 111, 112, 113, 114, 115, 116, 117, 118, 119, 120, 121, 122, 123, 124]

--- Генерація вершинного покриття (зі списку суміжності) ---
Знайдене максимальне парування (M): {(28, 46), (15, 88), (44, 48), (74, 116), (43, 113), (81, 97), (24, 109), (73, 93), (0, 124), (56, 101), (61, 85), (16, 62), (66, 78), (39, 57), (21, 53), (4, 106), (67, 104), (23, 110), (26, 72), (49, 80), (42, 102), (70, 112), (7, 19), (98, 103), (11, 50), (75, 120), (60, 64), (41, 63), (22, 86), (76, 121), (3, 30), (25, 58), (8, 14), (13, 65), (36, 91), (83, 90), (92, 99), (34, 51), (87, 118), (6, 10), (32, 96), (68, 89), (55, 119), (1, 29), (17, 108), (105, 111), (2, 95), (52, 114), (18, 33), (47, 69), (84, 94), (77, 82), (107, 123), (79, 122), (20, 45), (38, 115), (37, 40), (31, 54), (5, 35), (9, 27), (100, 117), (12, 59)}
Згенероване вершинне покриття (C): [0, 1, 2, 3, 4, 5, 6, 7, 8, 9, 10, 11, 12, 13, 14, 15, 16, 17, 18, 19, 20, 21, 22, 23, 24, 25, 26, 27, 28, 29, 30, 31, 32, 33, 34, 35, 36, 37, 38, 39, 40, 41, 42, 43, 44, 45, 46, 47, 48, 49, 50, 51, 52, 53, 54, 55, 56, 57, 58, 59, 60, 61, 62, 63, 64, 65, 66, 67, 68, 69, 70, 72, 73, 74, 75, 76, 77, 78, 79, 80, 81, 82, 83, 84, 85, 86, 87, 88, 89, 90, 91, 92, 93, 94, 95, 96, 97, 98, 99, 100, 101, 102, 103, 104, 105, 106, 107, 108, 109, 110, 111, 112, 113, 114, 115, 116, 117, 118, 119, 120, 121, 122, 123, 124]

--- Генерація вершинного покриття (зі списку суміжності) ---
Знайдене максимальне парування (M): {(0, 30), (89, 123), (76, 95), (25, 99), (5, 120), (35, 36), (79, 97), (21, 83), (28, 64), (60, 68), (33, 51), (52, 119), (29, 41), (31, 38), (15, 115), (32, 70), (57, 66), (23, 43), (7, 59), (109, 113), (62, 65), (26, 75), (67, 122), (9, 47), (85, 100), (53, 71), (39, 78), (19, 48), (10, 45), (94, 124), (18, 86), (6, 87), (88, 114), (1, 54), (20, 92), (84, 101), (3, 24), (103, 117), (22, 34), (17, 90), (49, 73), (12, 112), (74, 96), (61, 108), (50, 111), (14, 63), (4, 56), (42, 107), (44, 104), (16, 91), (58, 72), (46, 98), (11, 116), (37, 77), (80, 81), (8, 13), (40, 69), (55, 106), (2, 82), (27, 102), (93, 105), (110, 121)}
Згенероване вершинне покриття (C): [0, 1, 2, 3, 4, 5, 6, 7, 8, 9, 10, 11, 12, 13, 14, 15, 16, 17, 18, 19, 20, 21, 22, 23, 24, 25, 26, 27, 28, 29, 30, 31, 32, 33, 34, 35, 36, 37, 38, 39, 40, 41, 42, 43, 44, 45, 46, 47, 48, 49, 50, 51, 52, 53, 54, 55, 56, 57, 58, 59, 60, 61, 62, 63, 64, 65, 66, 67, 68, 69, 70, 71, 72, 73, 74, 75, 76, 77, 78, 79, 80, 81, 82, 83, 84, 85, 86, 87, 88, 89, 90, 91, 92, 93, 94, 95, 96, 97, 98, 99, 100, 101, 102, 103, 104, 105, 106, 107, 108, 109, 110, 111, 112, 113, 114, 115, 116, 117, 119, 120, 121, 122, 123, 124]

--- Генерація вершинного покриття (зі списку суміжності) ---
Знайдене максимальне парування (M): {(73, 78), (30, 107), (32, 46), (51, 111), (83, 122), (85, 116), (0, 57), (2, 112), (63, 104), (14, 41), (37, 94), (16, 56), (40, 53), (36, 95), (29, 117), (9, 90), (1, 76), (17, 97), (54, 61), (62, 71), (119, 123), (72, 81), (33, 102), (10, 100), (35, 38), (8, 109), (19, 115), (92, 124), (88, 105), (22, 80), (5, 64), (43, 118), (3, 82), (4, 84), (31, 98), (48, 114), (13, 68), (26, 65), (77, 101), (11, 74), (12, 45), (23, 103), (50, 99), (87, 121), (25, 27), (70, 120), (18, 79), (28, 59), (44, 113), (6, 86), (47, 75), (42, 58), (24, 55), (39, 110), (20, 106), (91, 96), (49, 66), (52, 89), (21, 108), (7, 60), (15, 67), (69, 93)}
Згенероване вершинне покриття (C): [0, 1, 2, 3, 4, 5, 6, 7, 8, 9, 10, 11, 12, 13, 14, 15, 16, 17, 18, 19, 20, 21, 22, 23, 24, 25, 26, 27, 28, 29, 30, 31, 32, 33, 35, 36, 37, 38, 39, 40, 41, 42, 43, 44, 45, 46, 47, 48, 49, 50, 51, 52, 53, 54, 55, 56, 57, 58, 59, 60, 61, 62, 63, 64, 65, 66, 67, 68, 69, 70, 71, 72, 73, 74, 75, 76, 77, 78, 79, 80, 81, 82, 83, 84, 85, 86, 87, 88, 89, 90, 91, 92, 93, 94, 95, 96, 97, 98, 99, 100, 101, 102, 103, 104, 105, 106, 107, 108, 109, 110, 111, 112, 113, 114, 115, 116, 117, 118, 119, 120, 121, 122, 123, 124]

--- Генерація вершинного покриття (зі списку суміжності) ---
Знайдене максимальне парування (M): {(89, 123), (57, 88), (2, 36), (56, 71), (66, 106), (0, 109), (41, 122), (17, 73), (68, 115), (15, 51), (18, 96), (48, 118), (3, 95), (7, 59), (19, 30), (16, 65), (23, 61), (74, 103), (62, 77), (13, 29), (6, 84), (90, 102), (5, 67), (54, 94), (14, 82), (8, 11), (38, 107), (21, 27), (26, 50), (58, 85), (39, 93), (45, 91), (4, 35), (49, 113), (1, 124), (10, 78), (31, 52), (20, 116), (28, 32), (53, 64), (42, 98), (69, 112), (100, 121), (9, 101), (70, 117), (105, 111), (12, 63), (43, 44), (25, 97), (75, 110), (33, 55), (24, 46), (76, 120), (81, 104), (22, 79), (37, 92), (72, 119), (83, 86), (47, 99), (40, 60), (80, 108), (34, 114)}
Згенероване вершинне покриття (C): [0, 1, 2, 3, 4, 5, 6, 7, 8, 9, 10, 11, 12, 13, 14, 15, 16, 17, 18, 19, 20, 21, 22, 23, 24, 25, 26, 27, 28, 29, 30, 31, 32, 33, 34, 35, 36, 37, 38, 39, 40, 41, 42, 43, 44, 45, 46, 47, 48, 49, 50, 51, 52, 53, 54, 55, 56, 57, 58, 59, 60, 61, 62, 63, 64, 65, 66, 67, 68, 69, 70, 71, 72, 73, 74, 75, 76, 77, 78, 79, 80, 81, 82, 83, 84, 85, 86, 88, 89, 90, 91, 92, 93, 94, 95, 96, 97, 98, 99, 100, 101, 102, 103, 104, 105, 106, 107, 108, 109, 110, 111, 112, 113, 114, 115, 116, 117, 118, 119, 120, 121, 122, 123, 124]

--- Генерація вершинного покриття (зі списку суміжності) ---
Знайдене максимальне парування (M): {(4, 116), (105, 110), (64, 75), (3, 7), (18, 90), (11, 118), (77, 84), (19, 67), (0, 8), (40, 56), (65, 73), (45, 98), (61, 94), (30, 97), (36, 113), (13, 26), (92, 112), (49, 89), (68, 96), (9, 111), (59, 60), (35, 38), (12, 70), (27, 119), (24, 41), (46, 108), (82, 101), (53, 83), (23, 85), (14, 76), (57, 102), (66, 117), (37, 87), (39, 44), (1, 63), (88, 123), (42, 74), (28, 81), (52, 78), (31, 95), (29, 55), (21, 51), (34, 115), (5, 103), (10, 32), (15, 22), (91, 124), (33, 107), (58, 69), (17, 71), (43, 120), (16, 109), (62, 106), (25, 121), (72, 104), (20, 100), (80, 93), (2, 122), (50, 86), (47, 99), (54, 114), (48, 79)}
Згенероване вершинне покриття (C): [0, 1, 2, 3, 4, 5, 7, 8, 9, 10, 11, 12, 13, 14, 15, 16, 17, 18, 19, 20, 21, 22, 23, 24, 25, 26, 27, 28, 29, 30, 31, 32, 33, 34, 35, 36, 37, 38, 39, 40, 41, 42, 43, 44, 45, 46, 47, 48, 49, 50, 51, 52, 53, 54, 55, 56, 57, 58, 59, 60, 61, 62, 63, 64, 65, 66, 67, 68, 69, 70, 71, 72, 73, 74, 75, 76, 77, 78, 79, 80, 81, 82, 83, 84, 85, 86, 87, 88, 89, 90, 91, 92, 93, 94, 95, 96, 97, 98, 99, 100, 101, 102, 103, 104, 105, 106, 107, 108, 109, 110, 111, 112, 113, 114, 115, 116, 117, 118, 119, 120, 121, 122, 123, 124]

--- Генерація вершинного покриття (зі списку суміжності) ---
Знайдене максимальне парування (M): {(0, 97), (41, 98), (57, 88), (18, 78), (16, 84), (8, 107), (12, 71), (34, 62), (9, 66), (2, 54), (81, 115), (35, 60), (61, 85), (21, 46), (28, 33), (29, 123), (13, 17), (5, 40), (10, 24), (75, 99), (79, 87), (1, 94), (45, 70), (44, 47), (82, 101), (96, 118), (20, 86), (3, 76), (25, 110), (26, 50), (112, 114), (22, 37), (11, 65), (67, 100), (23, 48), (31, 122), (69, 106), (27, 103), (43, 90), (19, 38), (39, 77), (55, 119), (68, 92), (74, 108), (14, 121), (58, 111), (32, 102), (30, 56), (72, 83), (42, 116), (52, 53), (64, 91), (7, 36), (15, 113), (63, 105), (49, 51), (80, 93), (89, 120), (4, 95), (109, 117), (59, 104), (6, 73)}
Згенероване вершинне покриття (C): [0, 1, 2, 3, 4, 5, 6, 7, 8, 9, 10, 11, 12, 13, 14, 15, 16, 17, 18, 19, 20, 21, 22, 23, 24, 25, 26, 27, 28, 29, 30, 31, 32, 33, 34, 35, 36, 37, 38, 39, 40, 41, 42, 43, 44, 45, 46, 47, 48, 49, 50, 51, 52, 53, 54, 55, 56, 57, 58, 59, 60, 61, 62, 63, 64, 65, 66, 67, 68, 69, 70, 71, 72, 73, 74, 75, 76, 77, 78, 79, 80, 81, 82, 83, 84, 85, 86, 87, 88, 89, 90, 91, 92, 93, 94, 95, 96, 97, 98, 99, 100, 101, 102, 103, 104, 105, 106, 107, 108, 109, 110, 111, 112, 113, 114, 115, 116, 117, 118, 119, 120, 121, 122, 123]

--- Генерація вершинного покриття (зі списку суміжності) ---
Знайдене максимальне парування (M): {(57, 91), (17, 46), (2, 33), (58, 59), (96, 110), (5, 114), (85, 116), (101, 109), (16, 105), (26, 45), (38, 111), (12, 98), (42, 87), (44, 78), (6, 63), (29, 117), (31, 56), (3, 43), (65, 88), (89, 122), (10, 106), (64, 74), (60, 67), (40, 92), (47, 73), (32, 48), (27, 70), (20, 22), (13, 102), (36, 82), (66, 123), (14, 24), (34, 94), (41, 72), (18, 52), (9, 83), (28, 90), (19, 81), (97, 107), (0, 77), (8, 84), (75, 86), (54, 118), (30, 93), (69, 124), (53, 79), (76, 99), (61, 120), (15, 37), (4, 68), (71, 100), (35, 113), (11, 119), (25, 51), (1, 50), (95, 103), (104, 115), (7, 112), (49, 121), (23, 108), (39, 55), (21, 62)}
Згенероване вершинне покриття (C): [0, 1, 2, 3, 4, 5, 6, 7, 8, 9, 10, 11, 12, 13, 14, 15, 16, 17, 18, 19, 20, 21, 22, 23, 24, 25, 26, 27, 28, 29, 30, 31, 32, 33, 34, 35, 36, 37, 38, 39, 40, 41, 42, 43, 44, 45, 46, 47, 48, 49, 50, 51, 52, 53, 54, 55, 56, 57, 58, 59, 60, 61, 62, 63, 64, 65, 66, 67, 68, 69, 70, 71, 72, 73, 74, 75, 76, 77, 78, 79, 81, 82, 83, 84, 85, 86, 87, 88, 89, 90, 91, 92, 93, 94, 95, 96, 97, 98, 99, 100, 101, 102, 103, 104, 105, 106, 107, 108, 109, 110, 111, 112, 113, 114, 115, 116, 117, 118, 119, 120, 121, 122, 123, 124]

--- Генерація вершинного покриття (зі списку суміжності) ---
Знайдене максимальне парування (M): {(50, 52), (10, 98), (76, 104), (61, 64), (12, 77), (26, 100), (51, 123), (11, 66), (40, 41), (57, 63), (23, 49), (21, 110), (20, 120), (28, 36), (79, 84), (56, 122), (105, 106), (94, 109), (53, 74), (116, 121), (27, 70), (14, 82), (101, 117), (24, 114), (72, 99), (78, 88), (55, 89), (18, 46), (4, 29), (44, 71), (92, 96), (34, 91), (37, 93), (48, 59), (2, 16), (54, 115), (6, 7), (17, 102), (32, 90), (38, 85), (83, 111), (35, 95), (47, 60), (45, 75), (25, 39), (13, 43), (58, 69), (42, 119), (30, 68), (73, 103), (15, 107), (113, 118), (0, 67), (5, 81), (87, 108), (62, 112), (65, 80), (8, 86), (9, 33), (19, 31), (97, 124), (1, 22)}
Згенероване вершинне покриття (C): [0, 1, 2, 4, 5, 6, 7, 8, 9, 10, 11, 12, 13, 14, 15, 16, 17, 18, 19, 20, 21, 22, 23, 24, 25, 26, 27, 28, 29, 30, 31, 32, 33, 34, 35, 36, 37, 38, 39, 40, 41, 42, 43, 44, 45, 46, 47, 48, 49, 50, 51, 52, 53, 54, 55, 56, 57, 58, 59, 60, 61, 62, 63, 64, 65, 66, 67, 68, 69, 70, 71, 72, 73, 74, 75, 76, 77, 78, 79, 80, 81, 82, 83, 84, 85, 86, 87, 88, 89, 90, 91, 92, 93, 94, 95, 96, 97, 98, 99, 100, 101, 102, 103, 104, 105, 106, 107, 108, 109, 110, 111, 112, 113, 114, 115, 116, 117, 118, 119, 120, 121, 122, 123, 124]

--- Генерація вершинного покриття (зі списку суміжності) ---
Знайдене максимальне парування (M): {(15, 27), (18, 84), (36, 77), (12, 28), (7, 102), (92, 94), (6, 118), (3, 40), (8, 24), (87, 116), (61, 103), (62, 68), (80, 110), (54, 58), (2, 20), (1, 82), (89, 119), (83, 109), (9, 47), (5, 122), (42, 50), (32, 45), (98, 112), (33, 111), (0, 108), (65, 115), (57, 105), (63, 97), (60, 79), (25, 55), (52, 69), (23, 91), (19, 78), (22, 101), (46, 74), (14, 51), (85, 90), (30, 93), (16, 21), (4, 59), (70, 114), (56, 66), (75, 104), (10, 99), (81, 86), (96, 117), (29, 88), (13, 43), (44, 113), (120, 123), (26, 49), (31, 39), (72, 95), (11, 64), (41, 71), (53, 106), (38, 121), (35, 67), (17, 34), (37, 107), (73, 124), (48, 76)}
Згенероване вершинне покриття (C): [0, 1, 2, 3, 4, 5, 6, 7, 8, 9, 10, 11, 12, 13, 14, 15, 16, 17, 18, 19, 20, 21, 22, 23, 24, 25, 26, 27, 28, 29, 30, 31, 32, 33, 34, 35, 36, 37, 38, 39, 40, 41, 42, 43, 44, 45, 46, 47, 48, 49, 50, 51, 52, 53, 54, 55, 56, 57, 58, 59, 60, 61, 62, 63, 64, 65, 66, 67, 68, 69, 70, 71, 72, 73, 74, 75, 76, 77, 78, 79, 80, 81, 82, 83, 84, 85, 86, 87, 88, 89, 90, 91, 92, 93, 94, 95, 96, 97, 98, 99, 101, 102, 103, 104, 105, 106, 107, 108, 109, 110, 111, 112, 113, 114, 115, 116, 117, 118, 119, 120, 121, 122, 123, 124]

Середній час виконання: 0.0006908798 секунд
