
--- Генерація вершинного покриття (зі списку суміжності) ---
Знайдене максимальне парування (M): {(7, 17), (15, 24), (22, 27), (36, 37), (12, 26), (5, 14), (34, 39), (16, 32), (2, 3), (35, 38), (9, 18), (20, 25), (23, 31), (1, 6), (10, 28), (19, 21), (4, 30), (11, 33)}
Згенероване вершинне покриття (C): [1, 2, 3, 4, 5, 6, 7, 9, 10, 11, 12, 14, 15, 16, 17, 18, 19, 20, 21, 22, 23, 24, 25, 26, 27, 28, 30, 31, 32, 33, 34, 35, 36, 37, 38, 39]

--- Генерація вершинного покриття (зі списку суміжності) ---
Знайдене максимальне парування (M): {(0, 30), (11, 26), (10, 24), (3, 7), (19, 36), (5, 33), (32, 39), (2, 29), (9, 31), (20, 37), (8, 35), (25, 34), (1, 23), (13, 38), (17, 21), (15, 18), (6, 22), (12, 14)}
Згенероване вершинне покриття (C): [0, 1, 2, 3, 5, 6, 7, 8, 9, 10, 11, 12, 13, 14, 15, 17, 18, 19, 20, 21, 22, 23, 24, 25, 26, 29, 30, 31, 32, 33, 34, 35, 36, 37, 38, 39]

--- Генерація вершинного покриття (зі списку суміжності) ---
Знайдене максимальне парування (M): {(18, 21), (7, 27), (1, 12), (3, 4), (24, 36), (11, 29), (13, 26), (16, 32), (6, 20), (8, 39), (9, 25), (17, 38), (2, 22), (33, 37), (10, 19), (28, 34), (14, 31), (23, 30)}
Згенероване вершинне покриття (C): [1, 2, 3, 4, 6, 7, 8, 9, 10, 11, 12, 13, 14, 16, 17, 18, 19, 20, 21, 22, 23, 24, 25, 26, 27, 28, 29, 30, 31, 32, 33, 34, 36, 37, 38, 39]

--- Генерація вершинного покриття (зі списку суміжності) ---
Знайдене максимальне парування (M): {(0, 1), (18, 33), (27, 34), (29, 37), (3, 7), (30, 36), (8, 21), (6, 39), (10, 26), (13, 19), (5, 32), (14, 25), (15, 35), (17, 31), (9, 11), (22, 38), (2, 24), (16, 23)}
Згенероване вершинне покриття (C): [0, 1, 2, 3, 5, 6, 7, 8, 9, 10, 11, 13, 14, 15, 16, 17, 18, 19, 21, 22, 23, 24, 25, 26, 27, 29, 30, 31, 32, 33, 34, 35, 36, 37, 38, 39]

--- Генерація вершинного покриття (зі списку суміжності) ---
Знайдене максимальне парування (M): {(25, 35), (13, 33), (12, 16), (7, 29), (24, 39), (6, 27), (20, 26), (8, 18), (14, 34), (3, 9), (4, 17), (22, 31), (1, 5), (2, 10), (21, 32), (11, 15), (36, 38), (19, 28), (30, 37)}
Згенероване вершинне покриття (C): [1, 2, 3, 4, 5, 6, 7, 8, 9, 10, 11, 12, 13, 14, 15, 16, 17, 18, 19, 20, 21, 22, 24, 25, 26, 27, 28, 29, 30, 31, 32, 33, 34, 35, 36, 37, 38, 39]

--- Генерація вершинного покриття (зі списку суміжності) ---
Знайдене максимальне парування (M): {(8, 30), (12, 23), (0, 26), (17, 20), (9, 35), (34, 36), (10, 27), (4, 22), (6, 19), (3, 39), (2, 21), (15, 31), (29, 38), (7, 25), (16, 18), (13, 37), (5, 28), (11, 33)}
Згенероване вершинне покриття (C): [0, 2, 3, 4, 5, 6, 7, 8, 9, 10, 11, 12, 13, 15, 16, 17, 18, 19, 20, 21, 22, 23, 25, 26, 27, 28, 29, 30, 31, 33, 34, 35, 36, 37, 38, 39]

--- Генерація вершинного покриття (зі списку суміжності) ---
Знайдене максимальне парування (M): {(7, 33), (26, 34), (5, 12), (1, 15), (2, 23), (0, 16), (9, 38), (14, 17), (4, 22), (29, 35), (32, 36), (8, 13), (20, 39), (11, 25), (6, 10), (21, 37), (27, 28)}
Згенероване вершинне покриття (C): [0, 1, 2, 4, 5, 6, 7, 8, 9, 10, 11, 12, 13, 14, 15, 16, 17, 20, 21, 22, 23, 25, 26, 27, 28, 29, 32, 33, 34, 35, 36, 37, 38, 39]

--- Генерація вершинного покриття (зі списку суміжності) ---
Знайдене максимальне парування (M): {(20, 33), (0, 29), (28, 35), (27, 39), (6, 7), (18, 31), (5, 16), (19, 38), (8, 22), (9, 14), (17, 21), (1, 36), (2, 15), (4, 11), (12, 24), (23, 30), (10, 25), (3, 34)}
Згенероване вершинне покриття (C): [0, 1, 2, 3, 4, 5, 6, 7, 8, 9, 10, 11, 12, 14, 15, 16, 17, 18, 19, 20, 21, 22, 23, 24, 25, 27, 28, 29, 30, 31, 33, 34, 35, 36, 38, 39]

--- Генерація вершинного покриття (зі списку суміжності) ---
Знайдене максимальне парування (M): {(33, 36), (16, 39), (21, 29), (7, 20), (5, 14), (11, 13), (24, 26), (10, 27), (0, 19), (37, 38), (1, 4), (25, 32), (3, 35), (12, 22), (2, 15), (8, 31), (18, 34), (28, 30)}
Згенероване вершинне покриття (C): [0, 1, 2, 3, 4, 5, 7, 8, 10, 11, 12, 13, 14, 15, 16, 18, 19, 20, 21, 22, 24, 25, 26, 27, 28, 29, 30, 31, 32, 33, 34, 35, 36, 37, 38, 39]

--- Генерація вершинного покриття (зі списку суміжності) ---
Знайдене максимальне парування (M): {(7, 29), (16, 38), (4, 18), (0, 5), (19, 21), (2, 8), (11, 35), (1, 33), (15, 26), (31, 37), (3, 30), (14, 27), (10, 20), (6, 13), (25, 36), (22, 39), (12, 32), (9, 24), (28, 34)}
Згенероване вершинне покриття (C): [0, 1, 2, 3, 4, 5, 6, 7, 8, 9, 10, 11, 12, 13, 14, 15, 16, 18, 19, 20, 21, 22, 24, 25, 26, 27, 28, 29, 30, 31, 32, 33, 34, 35, 36, 37, 38, 39]

--- Генерація вершинного покриття (зі списку суміжності) ---
Знайдене максимальне парування (M): {(2, 14), (28, 33), (26, 34), (11, 16), (13, 23), (24, 36), (7, 10), (9, 22), (1, 21), (32, 39), (6, 27), (3, 29), (15, 31), (30, 35), (12, 25), (4, 8), (20, 38), (5, 18)}
Згенероване вершинне покриття (C): [1, 2, 3, 4, 5, 6, 7, 8, 9, 10, 11, 12, 13, 14, 15, 16, 18, 20, 21, 22, 23, 24, 25, 26, 27, 28, 29, 30, 31, 32, 33, 34, 35, 36, 38, 39]

--- Генерація вершинного покриття (зі списку суміжності) ---
Знайдене максимальне парування (M): {(0, 23), (33, 36), (2, 20), (10, 27), (14, 31), (1, 30), (17, 19), (16, 35), (13, 32), (22, 26), (9, 24), (5, 6), (8, 38), (15, 29), (12, 25), (7, 34), (3, 21)}
Згенероване вершинне покриття (C): [0, 1, 2, 3, 5, 6, 7, 8, 9, 10, 12, 13, 14, 15, 16, 17, 19, 20, 21, 22, 23, 24, 25, 26, 27, 29, 30, 31, 32, 33, 34, 35, 36, 38]

--- Генерація вершинного покриття (зі списку суміжності) ---
Знайдене максимальне парування (M): {(11, 36), (15, 34), (17, 20), (10, 24), (14, 33), (12, 39), (8, 26), (2, 3), (6, 7), (9, 21), (19, 32), (22, 29), (13, 25), (1, 35), (0, 37), (27, 28), (18, 30)}
Згенероване вершинне покриття (C): [0, 1, 2, 3, 6, 7, 8, 9, 10, 11, 12, 13, 14, 15, 17, 18, 19, 20, 21, 22, 24, 25, 26, 27, 28, 29, 30, 32, 33, 34, 35, 36, 37, 39]

--- Генерація вершинного покриття (зі списку суміжності) ---
Знайдене максимальне парування (M): {(5, 37), (27, 34), (16, 29), (19, 23), (31, 33), (1, 8), (20, 36), (30, 39), (4, 6), (7, 9), (14, 35), (11, 25), (2, 22), (12, 21), (10, 38), (17, 24), (3, 15)}
Згенероване вершинне покриття (C): [1, 2, 3, 4, 5, 6, 7, 8, 9, 10, 11, 12, 14, 15, 16, 17, 19, 20, 21, 22, 23, 24, 25, 27, 29, 30, 31, 33, 34, 35, 36, 37, 38, 39]

--- Генерація вершинного покриття (зі списку суміжності) ---
Знайдене максимальне парування (M): {(4, 39), (24, 27), (5, 19), (3, 18), (35, 36), (12, 29), (0, 32), (17, 22), (1, 23), (8, 38), (10, 25), (7, 37), (28, 34), (13, 15), (9, 30), (26, 31), (20, 21)}
Згенероване вершинне покриття (C): [0, 1, 3, 4, 5, 7, 8, 9, 10, 12, 13, 15, 17, 18, 19, 20, 21, 22, 23, 24, 25, 26, 27, 28, 29, 30, 31, 32, 34, 35, 36, 37, 38, 39]

--- Генерація вершинного покриття (зі списку суміжності) ---
Знайдене максимальне парування (M): {(12, 22), (31, 35), (10, 21), (13, 26), (24, 29), (18, 28), (6, 38), (1, 2), (23, 36), (14, 27), (11, 19), (30, 32), (5, 39), (15, 16), (0, 37), (3, 8), (20, 33), (4, 25), (17, 34)}
Згенероване вершинне покриття (C): [0, 1, 2, 3, 4, 5, 6, 8, 10, 11, 12, 13, 14, 15, 16, 17, 18, 19, 20, 21, 22, 23, 24, 25, 26, 27, 28, 29, 30, 31, 32, 33, 34, 35, 36, 37, 38, 39]

--- Генерація вершинного покриття (зі списку суміжності) ---
Знайдене максимальне парування (M): {(17, 23), (1, 37), (16, 35), (12, 15), (8, 20), (2, 39), (11, 34), (26, 36), (13, 29), (28, 38), (7, 32), (3, 10), (9, 30), (25, 27), (4, 14), (0, 24), (21, 33), (6, 22)}
Згенероване вершинне покриття (C): [0, 1, 2, 3, 4, 6, 7, 8, 9, 10, 11, 12, 13, 14, 15, 16, 17, 20, 21, 22, 23, 24, 25, 26, 27, 28, 29, 30, 32, 33, 34, 35, 36, 37, 38, 39]

--- Генерація вершинного покриття (зі списку суміжності) ---
Знайдене максимальне парування (M): {(0, 39), (23, 26), (20, 33), (11, 35), (13, 36), (14, 31), (18, 22), (9, 34), (16, 21), (30, 38), (15, 25), (27, 29), (7, 37), (1, 19), (12, 24), (3, 5), (2, 8)}
Згенероване вершинне покриття (C): [0, 1, 2, 3, 5, 7, 8, 9, 11, 12, 13, 14, 15, 16, 18, 19, 20, 21, 22, 23, 24, 25, 26, 27, 29, 30, 31, 33, 34, 35, 36, 37, 38, 39]

--- Генерація вершинного покриття (зі списку суміжності) ---
Знайдене максимальне парування (M): {(19, 30), (11, 36), (25, 29), (2, 8), (16, 33), (4, 35), (0, 20), (17, 39), (18, 26), (10, 21), (12, 28), (24, 38), (6, 32), (7, 31), (15, 22), (13, 37), (1, 9), (14, 34)}
Згенероване вершинне покриття (C): [0, 1, 2, 4, 6, 7, 8, 9, 10, 11, 12, 13, 14, 15, 16, 17, 18, 19, 20, 21, 22, 24, 25, 26, 28, 29, 30, 31, 32, 33, 34, 35, 36, 37, 38, 39]

--- Генерація вершинного покриття (зі списку суміжності) ---
Знайдене максимальне парування (M): {(11, 39), (3, 7), (18, 38), (5, 10), (8, 9), (17, 21), (12, 34), (4, 33), (28, 30), (19, 27), (13, 26), (16, 22), (25, 31), (6, 23), (2, 32), (14, 15), (1, 20), (35, 37), (29, 36)}
Згенероване вершинне покриття (C): [1, 2, 3, 4, 5, 6, 7, 8, 9, 10, 11, 12, 13, 14, 15, 16, 17, 18, 19, 20, 21, 22, 23, 25, 26, 27, 28, 29, 30, 31, 32, 33, 34, 35, 36, 37, 38, 39]

--- Генерація вершинного покриття (зі списку суміжності) ---
Знайдене максимальне парування (M): {(16, 36), (8, 14), (2, 27), (1, 12), (17, 20), (9, 28), (15, 23), (24, 39), (18, 35), (5, 13), (19, 25), (26, 29), (22, 32), (4, 37), (3, 31), (21, 33), (6, 38), (0, 11)}
Згенероване вершинне покриття (C): [0, 1, 2, 3, 4, 5, 6, 8, 9, 11, 12, 13, 14, 15, 16, 17, 18, 19, 20, 21, 22, 23, 24, 25, 26, 27, 28, 29, 31, 32, 33, 35, 36, 37, 38, 39]

--- Генерація вершинного покриття (зі списку суміжності) ---
Знайдене максимальне парування (M): {(5, 17), (30, 39), (10, 13), (2, 29), (27, 38), (12, 22), (8, 19), (1, 7), (16, 31), (23, 25), (32, 35), (0, 34), (6, 36), (3, 18), (15, 28), (11, 14), (21, 33), (4, 20)}
Згенероване вершинне покриття (C): [0, 1, 2, 3, 4, 5, 6, 7, 8, 10, 11, 12, 13, 14, 15, 16, 17, 18, 19, 20, 21, 22, 23, 25, 27, 28, 29, 30, 31, 32, 33, 34, 35, 36, 38, 39]

--- Генерація вершинного покриття (зі списку суміжності) ---
Знайдене максимальне парування (M): {(23, 33), (7, 17), (1, 31), (21, 30), (10, 14), (26, 39), (4, 6), (12, 37), (15, 36), (0, 34), (28, 38), (19, 32), (8, 22), (27, 35), (16, 24), (9, 11), (3, 5)}
Згенероване вершинне покриття (C): [0, 1, 3, 4, 5, 6, 7, 8, 9, 10, 11, 12, 14, 15, 16, 17, 19, 21, 22, 23, 24, 26, 27, 28, 30, 31, 32, 33, 34, 35, 36, 37, 38, 39]

--- Генерація вершинного покриття (зі списку суміжності) ---
Знайдене максимальне парування (M): {(1, 28), (22, 31), (27, 30), (35, 36), (34, 39), (19, 26), (10, 33), (5, 13), (4, 15), (23, 32), (8, 29), (3, 12), (20, 25), (11, 18), (2, 21), (0, 37), (7, 24), (16, 17)}
Згенероване вершинне покриття (C): [0, 1, 2, 3, 4, 5, 7, 8, 10, 11, 12, 13, 15, 16, 17, 18, 19, 20, 21, 22, 23, 24, 25, 26, 27, 28, 29, 30, 31, 32, 33, 34, 35, 36, 37, 39]

--- Генерація вершинного покриття (зі списку суміжності) ---
Знайдене максимальне парування (M): {(0, 7), (18, 36), (22, 24), (11, 35), (5, 27), (23, 29), (26, 33), (4, 25), (1, 39), (10, 32), (12, 14), (16, 21), (13, 28), (15, 19), (2, 34), (6, 38), (31, 37)}
Згенероване вершинне покриття (C): [0, 1, 2, 4, 5, 6, 7, 10, 11, 12, 13, 14, 15, 16, 18, 19, 21, 22, 23, 24, 25, 26, 27, 28, 29, 31, 32, 33, 34, 35, 36, 37, 38, 39]

--- Генерація вершинного покриття (зі списку суміжності) ---
Знайдене максимальне парування (M): {(19, 24), (11, 36), (10, 34), (25, 38), (18, 39), (14, 26), (8, 16), (13, 29), (15, 20), (32, 35), (4, 37), (3, 12), (7, 21), (5, 28), (0, 27), (2, 31)}
Згенероване вершинне покриття (C): [0, 2, 3, 4, 5, 7, 8, 10, 11, 12, 13, 14, 15, 16, 18, 19, 20, 21, 24, 25, 26, 27, 28, 29, 31, 32, 34, 35, 36, 37, 38, 39]

--- Генерація вершинного покриття (зі списку суміжності) ---
Знайдене максимальне парування (M): {(24, 30), (5, 21), (13, 27), (25, 33), (9, 19), (2, 15), (10, 22), (14, 26), (0, 38), (20, 36), (12, 32), (31, 35), (8, 28), (7, 37), (3, 18), (1, 6), (4, 17), (16, 23)}
Згенероване вершинне покриття (C): [0, 1, 2, 3, 4, 5, 6, 7, 8, 9, 10, 12, 13, 14, 15, 16, 17, 18, 19, 20, 21, 22, 23, 24, 25, 26, 27, 28, 30, 31, 32, 33, 35, 36, 37, 38]

--- Генерація вершинного покриття (зі списку суміжності) ---
Знайдене максимальне парування (M): {(7, 33), (13, 27), (6, 21), (34, 36), (8, 23), (5, 14), (2, 26), (15, 17), (12, 16), (1, 39), (24, 25), (29, 32), (0, 31), (19, 38), (3, 9), (11, 30), (4, 20)}
Згенероване вершинне покриття (C): [0, 1, 2, 3, 4, 5, 6, 7, 8, 9, 11, 12, 13, 14, 15, 16, 17, 19, 20, 21, 23, 24, 25, 26, 27, 29, 30, 31, 32, 33, 34, 36, 38, 39]

--- Генерація вершинного покриття (зі списку суміжності) ---
Знайдене максимальне парування (M): {(12, 27), (23, 33), (22, 31), (10, 15), (3, 18), (6, 34), (13, 20), (28, 29), (16, 35), (32, 38), (14, 39), (2, 19), (5, 26), (8, 25), (11, 24), (9, 17), (4, 36)}
Згенероване вершинне покриття (C): [2, 3, 4, 5, 6, 8, 9, 10, 11, 12, 13, 14, 15, 16, 17, 18, 19, 20, 22, 23, 24, 25, 26, 27, 28, 29, 31, 32, 33, 34, 35, 36, 38, 39]

--- Генерація вершинного покриття (зі списку суміжності) ---
Знайдене максимальне парування (M): {(16, 26), (2, 17), (36, 39), (3, 23), (10, 33), (0, 19), (6, 30), (9, 12), (11, 29), (21, 25), (34, 38), (7, 22), (4, 24), (32, 35), (28, 31), (15, 37)}
Згенероване вершинне покриття (C): [0, 2, 3, 4, 6, 7, 9, 10, 11, 12, 15, 16, 17, 19, 21, 22, 23, 24, 25, 26, 28, 29, 30, 31, 32, 33, 34, 35, 36, 37, 38, 39]

--- Генерація вершинного покриття (зі списку суміжності) ---
Знайдене максимальне парування (M): {(9, 10), (12, 23), (20, 30), (21, 39), (5, 14), (11, 13), (7, 16), (4, 28), (26, 27), (1, 33), (2, 3), (15, 32), (18, 22), (19, 29), (6, 17), (36, 38), (0, 8), (24, 34)}
Згенероване вершинне покриття (C): [0, 1, 2, 3, 4, 5, 6, 7, 8, 9, 10, 11, 12, 13, 14, 15, 16, 17, 18, 19, 20, 21, 22, 23, 24, 26, 27, 28, 29, 30, 32, 33, 34, 36, 38, 39]

--- Генерація вершинного покриття (зі списку суміжності) ---
Знайдене максимальне парування (M): {(2, 4), (27, 37), (34, 36), (11, 35), (26, 39), (1, 30), (7, 29), (17, 19), (3, 16), (9, 15), (20, 32), (6, 33), (8, 10), (12, 13), (0, 31), (18, 24), (5, 28), (14, 21)}
Згенероване вершинне покриття (C): [0, 1, 2, 3, 4, 5, 6, 7, 8, 9, 10, 11, 12, 13, 14, 15, 16, 17, 18, 19, 20, 21, 24, 26, 27, 28, 29, 30, 31, 32, 33, 34, 35, 36, 37, 39]

--- Генерація вершинного покриття (зі списку суміжності) ---
Знайдене максимальне парування (M): {(13, 14), (1, 18), (9, 27), (24, 36), (0, 29), (8, 20), (21, 38), (7, 16), (12, 35), (17, 32), (5, 39), (10, 33), (23, 31), (22, 28), (2, 15), (6, 19), (3, 37), (25, 26)}
Згенероване вершинне покриття (C): [0, 1, 2, 3, 5, 6, 7, 8, 9, 10, 12, 13, 14, 15, 16, 17, 18, 19, 20, 21, 22, 23, 24, 25, 26, 27, 28, 29, 31, 32, 33, 35, 36, 37, 38, 39]

--- Генерація вершинного покриття (зі списку суміжності) ---
Знайдене максимальне парування (M): {(20, 31), (2, 33), (26, 30), (23, 36), (6, 11), (1, 9), (7, 16), (21, 22), (8, 39), (17, 19), (15, 32), (34, 38), (24, 25), (10, 35), (3, 28), (4, 27), (5, 12)}
Згенероване вершинне покриття (C): [1, 2, 3, 4, 5, 6, 7, 8, 9, 10, 11, 12, 15, 16, 17, 19, 20, 21, 22, 23, 24, 25, 26, 27, 28, 30, 31, 32, 33, 34, 35, 36, 38, 39]

--- Генерація вершинного покриття (зі списку суміжності) ---
Знайдене максимальне парування (M): {(15, 34), (8, 27), (2, 23), (9, 19), (12, 16), (10, 33), (18, 29), (31, 32), (5, 20), (3, 13), (24, 25), (26, 35), (22, 28), (7, 21), (6, 38), (0, 11)}
Згенероване вершинне покриття (C): [0, 2, 3, 5, 6, 7, 8, 9, 10, 11, 12, 13, 15, 16, 18, 19, 20, 21, 22, 23, 24, 25, 26, 27, 28, 29, 31, 32, 33, 34, 35, 38]

--- Генерація вершинного покриття (зі списку суміжності) ---
Знайдене максимальне парування (M): {(1, 28), (11, 23), (24, 27), (0, 20), (29, 33), (9, 12), (35, 39), (30, 32), (10, 26), (14, 19), (13, 22), (16, 21), (18, 31), (7, 37), (5, 38), (4, 17), (25, 36), (8, 34)}
Згенероване вершинне покриття (C): [0, 1, 4, 5, 7, 8, 9, 10, 11, 12, 13, 14, 16, 17, 18, 19, 20, 21, 22, 23, 24, 25, 26, 27, 28, 29, 30, 31, 32, 33, 34, 35, 36, 37, 38, 39]

--- Генерація вершинного покриття (зі списку суміжності) ---
Знайдене максимальне парування (M): {(18, 27), (14, 24), (6, 31), (13, 33), (34, 36), (4, 32), (2, 16), (35, 39), (23, 29), (17, 22), (12, 28), (1, 26), (9, 37), (15, 19), (5, 25), (10, 38), (0, 8), (7, 11)}
Згенероване вершинне покриття (C): [0, 1, 2, 4, 5, 6, 7, 8, 9, 10, 11, 12, 13, 14, 15, 16, 17, 18, 19, 22, 23, 24, 25, 26, 27, 28, 29, 31, 32, 33, 34, 35, 36, 37, 38, 39]

--- Генерація вершинного покриття (зі списку суміжності) ---
Знайдене максимальне парування (M): {(1, 37), (12, 20), (3, 23), (11, 14), (2, 16), (10, 36), (0, 6), (7, 19), (22, 26), (15, 35), (24, 28), (8, 38), (18, 31), (25, 33), (4, 17), (9, 30), (13, 34)}
Згенероване вершинне покриття (C): [0, 1, 2, 3, 4, 6, 7, 8, 9, 10, 11, 12, 13, 14, 15, 16, 17, 18, 19, 20, 22, 23, 24, 25, 26, 28, 30, 31, 33, 34, 35, 36, 37, 38]

--- Генерація вершинного покриття (зі списку суміжності) ---
Знайдене максимальне парування (M): {(15, 28), (2, 27), (5, 34), (13, 17), (0, 39), (16, 35), (1, 30), (26, 36), (3, 10), (7, 32), (12, 22), (18, 25), (4, 11), (24, 31), (6, 19), (8, 37), (21, 33)}
Згенероване вершинне покриття (C): [0, 1, 2, 3, 4, 5, 6, 7, 8, 10, 11, 12, 13, 15, 16, 17, 18, 19, 21, 22, 24, 25, 26, 27, 28, 30, 31, 32, 33, 34, 35, 36, 37, 39]

--- Генерація вершинного покриття (зі списку суміжності) ---
Знайдене максимальне парування (M): {(6, 12), (11, 23), (1, 28), (7, 27), (16, 39), (24, 36), (22, 25), (10, 17), (3, 20), (13, 35), (15, 32), (4, 21), (19, 38), (0, 18), (5, 9), (8, 31), (2, 34)}
Згенероване вершинне покриття (C): [0, 1, 2, 3, 4, 5, 6, 7, 8, 9, 10, 11, 12, 13, 15, 16, 17, 18, 19, 20, 21, 22, 23, 24, 25, 27, 28, 31, 32, 34, 35, 36, 38, 39]

--- Генерація вершинного покриття (зі списку суміжності) ---
Знайдене максимальне парування (M): {(15, 21), (25, 39), (24, 30), (7, 23), (28, 35), (4, 12), (6, 27), (11, 22), (2, 13), (32, 33), (8, 9), (36, 38), (5, 19), (18, 37), (16, 34), (0, 14), (1, 3), (29, 31)}
Згенероване вершинне покриття (C): [0, 1, 2, 3, 4, 5, 6, 7, 8, 9, 11, 12, 13, 14, 15, 16, 18, 19, 21, 22, 23, 24, 25, 27, 28, 29, 30, 31, 32, 33, 34, 35, 36, 37, 38, 39]

--- Генерація вершинного покриття (зі списку суміжності) ---
Знайдене максимальне парування (M): {(18, 36), (10, 14), (2, 20), (9, 32), (5, 27), (6, 30), (25, 38), (15, 23), (3, 39), (0, 29), (19, 35), (33, 37), (12, 31), (17, 34), (4, 11), (7, 8), (1, 22)}
Згенероване вершинне покриття (C): [0, 1, 2, 3, 4, 5, 6, 7, 8, 9, 10, 11, 12, 14, 15, 17, 18, 19, 20, 22, 23, 25, 27, 29, 30, 31, 32, 33, 34, 35, 36, 37, 38, 39]

--- Генерація вершинного покриття (зі списку суміжності) ---
Знайдене максимальне парування (M): {(24, 27), (21, 39), (10, 14), (33, 35), (3, 20), (12, 19), (5, 7), (26, 32), (34, 38), (23, 28), (1, 13), (0, 15), (22, 36), (9, 37), (29, 31), (16, 30), (6, 25)}
Згенероване вершинне покриття (C): [0, 1, 3, 5, 6, 7, 9, 10, 12, 13, 14, 15, 16, 19, 20, 21, 22, 23, 24, 25, 26, 27, 28, 29, 30, 31, 32, 33, 34, 35, 36, 37, 38, 39]

--- Генерація вершинного покриття (зі списку суміжності) ---
Знайдене максимальне парування (M): {(7, 20), (23, 25), (0, 8), (19, 21), (10, 18), (5, 37), (1, 12), (11, 35), (15, 26), (6, 29), (4, 17), (3, 30), (22, 31), (9, 13), (14, 27), (2, 28), (33, 34), (16, 36), (38, 39)}
Згенероване вершинне покриття (C): [0, 1, 2, 3, 4, 5, 6, 7, 8, 9, 10, 11, 12, 13, 14, 15, 16, 17, 18, 19, 20, 21, 22, 23, 25, 26, 27, 28, 29, 30, 31, 33, 34, 35, 36, 37, 38, 39]

--- Генерація вершинного покриття (зі списку суміжності) ---
Знайдене максимальне парування (M): {(0, 36), (24, 27), (9, 13), (2, 15), (10, 30), (3, 18), (16, 29), (11, 19), (1, 8), (14, 32), (6, 33), (22, 39), (35, 38), (4, 37), (12, 21), (17, 34), (5, 28), (25, 26)}
Згенероване вершинне покриття (C): [0, 1, 2, 3, 4, 5, 6, 8, 9, 10, 11, 12, 13, 14, 15, 16, 17, 18, 19, 21, 22, 24, 25, 26, 27, 28, 29, 30, 32, 33, 34, 35, 36, 37, 38, 39]

--- Генерація вершинного покриття (зі списку суміжності) ---
Знайдене максимальне парування (M): {(23, 27), (31, 34), (4, 10), (13, 33), (30, 36), (1, 8), (18, 35), (22, 39), (17, 32), (14, 16), (7, 19), (2, 38), (12, 28), (20, 25), (21, 24), (5, 9), (3, 37), (0, 11)}
Згенероване вершинне покриття (C): [0, 1, 2, 3, 4, 5, 7, 8, 9, 10, 11, 12, 13, 14, 16, 17, 18, 19, 20, 21, 22, 23, 24, 25, 27, 28, 30, 31, 32, 33, 34, 35, 36, 37, 38, 39]

--- Генерація вершинного покриття (зі списку суміжності) ---
Знайдене максимальне парування (M): {(7, 17), (25, 35), (1, 34), (24, 39), (12, 28), (6, 36), (23, 37), (3, 31), (0, 38), (2, 21), (15, 26), (9, 16), (10, 14), (4, 19), (5, 8), (22, 33), (27, 32), (13, 18), (11, 30)}
Згенероване вершинне покриття (C): [0, 1, 2, 3, 4, 5, 6, 7, 8, 9, 10, 11, 12, 13, 14, 15, 16, 17, 18, 19, 21, 22, 23, 24, 25, 26, 27, 28, 30, 31, 32, 33, 34, 35, 36, 37, 38, 39]

--- Генерація вершинного покриття (зі списку суміжності) ---
Знайдене максимальне парування (M): {(12, 17), (22, 37), (2, 4), (0, 10), (26, 30), (21, 35), (13, 20), (3, 36), (28, 29), (15, 33), (7, 19), (11, 31), (1, 32), (9, 27), (14, 18), (6, 25), (24, 34), (16, 23)}
Згенероване вершинне покриття (C): [0, 1, 2, 3, 4, 6, 7, 9, 10, 11, 12, 13, 14, 15, 16, 17, 18, 19, 20, 21, 22, 23, 24, 25, 26, 27, 28, 29, 30, 31, 32, 33, 34, 35, 36, 37]

--- Генерація вершинного покриття (зі списку суміжності) ---
Знайдене максимальне парування (M): {(27, 31), (8, 33), (11, 16), (2, 20), (25, 28), (9, 12), (5, 39), (1, 4), (22, 36), (14, 19), (0, 21), (6, 29), (24, 37), (18, 34), (3, 15), (17, 30)}
Згенероване вершинне покриття (C): [0, 1, 2, 3, 4, 5, 6, 8, 9, 11, 12, 14, 15, 16, 17, 18, 19, 20, 21, 22, 24, 25, 27, 28, 29, 30, 31, 33, 34, 36, 37, 39]

--- Генерація вершинного покриття (зі списку суміжності) ---
Знайдене максимальне парування (M): {(4, 13), (15, 30), (2, 7), (12, 20), (23, 39), (6, 24), (17, 19), (5, 36), (18, 22), (3, 25), (8, 32), (26, 38), (35, 37), (21, 33), (0, 27), (10, 31)}
Згенероване вершинне покриття (C): [0, 2, 3, 4, 5, 6, 7, 8, 10, 12, 13, 15, 17, 18, 19, 20, 21, 22, 23, 24, 25, 26, 27, 30, 31, 32, 33, 35, 36, 37, 38, 39]

Середній час виконання: 0.0000341654 секунд
