
--- Генерація вершинного покриття (зі списку суміжності) ---
Знайдене максимальне парування (M): {(80, 129), (2, 100), (0, 103), (89, 142), (78, 141), (64, 81), (97, 139), (35, 115), (121, 124), (85, 128), (116, 137), (74, 131), (4, 91), (31, 111), (61, 88), (15, 130), (11, 84), (72, 127), (71, 135), (5, 43), (21, 122), (55, 123), (33, 44), (41, 51), (12, 67), (50, 118), (27, 52), (76, 106), (25, 104), (48, 96), (38, 95), (68, 108), (53, 83), (54, 146), (105, 136), (49, 113), (19, 75), (8, 14), (26, 56), (32, 60), (59, 145), (101, 120), (22, 37), (70, 93), (42, 86), (114, 138), (36, 109), (28, 47), (112, 144), (62, 134), (18, 73), (16, 24), (82, 143), (29, 30), (40, 149), (77, 79), (9, 119), (94, 126), (34, 87), (3, 23), (6, 46), (57, 107), (58, 133), (69, 148), (63, 102), (10, 13), (1, 117), (20, 39), (125, 147), (45, 99), (65, 132), (7, 66), (92, 110), (17, 98), (90, 140)}
Згенероване вершинне покриття (C): [0, 1, 2, 3, 4, 5, 6, 7, 8, 9, 10, 11, 12, 13, 14, 15, 16, 17, 18, 19, 20, 21, 22, 23, 24, 25, 26, 27, 28, 29, 30, 31, 32, 33, 34, 35, 36, 37, 38, 39, 40, 41, 42, 43, 44, 45, 46, 47, 48, 49, 50, 51, 52, 53, 54, 55, 56, 57, 58, 59, 60, 61, 62, 63, 64, 65, 66, 67, 68, 69, 70, 71, 72, 73, 74, 75, 76, 77, 78, 79, 80, 81, 82, 83, 84, 85, 86, 87, 88, 89, 90, 91, 92, 93, 94, 95, 96, 97, 98, 99, 100, 101, 102, 103, 104, 105, 106, 107, 108, 109, 110, 111, 112, 113, 114, 115, 116, 117, 118, 119, 120, 121, 122, 123, 124, 125, 126, 127, 128, 129, 130, 131, 132, 133, 134, 135, 136, 137, 138, 139, 140, 141, 142, 143, 144, 145, 146, 147, 148, 149]

--- Генерація вершинного покриття (зі списку суміжності) ---
Знайдене максимальне парування (M): {(4, 116), (46, 149), (5, 56), (44, 100), (7, 145), (6, 30), (91, 129), (54, 83), (2, 103), (0, 118), (21, 92), (70, 82), (77, 148), (50, 140), (9, 17), (1, 125), (72, 109), (42, 136), (25, 71), (38, 68), (8, 143), (39, 57), (79, 133), (43, 88), (106, 126), (10, 27), (64, 132), (62, 130), (20, 135), (84, 138), (15, 96), (117, 144), (65, 112), (34, 137), (48, 99), (19, 60), (16, 107), (24, 114), (95, 104), (13, 123), (23, 36), (47, 94), (73, 113), (122, 127), (58, 97), (75, 147), (32, 81), (63, 66), (40, 128), (31, 134), (89, 121), (37, 59), (98, 105), (61, 120), (12, 14), (67, 139), (11, 110), (53, 85), (29, 33), (55, 146), (18, 45), (26, 52), (80, 87), (124, 142), (41, 74), (101, 131), (28, 86), (3, 93), (76, 141), (22, 115), (51, 90), (102, 108), (49, 78), (69, 111)}
Згенероване вершинне покриття (C): [0, 1, 2, 3, 4, 5, 6, 7, 8, 9, 10, 11, 12, 13, 14, 15, 16, 17, 18, 19, 20, 21, 22, 23, 24, 25, 26, 27, 28, 29, 30, 31, 32, 33, 34, 36, 37, 38, 39, 40, 41, 42, 43, 44, 45, 46, 47, 48, 49, 50, 51, 52, 53, 54, 55, 56, 57, 58, 59, 60, 61, 62, 63, 64, 65, 66, 67, 68, 69, 70, 71, 72, 73, 74, 75, 76, 77, 78, 79, 80, 81, 82, 83, 84, 85, 86, 87, 88, 89, 90, 91, 92, 93, 94, 95, 96, 97, 98, 99, 100, 101, 102, 103, 104, 105, 106, 107, 108, 109, 110, 111, 112, 113, 114, 115, 116, 117, 118, 120, 121, 122, 123, 124, 125, 126, 127, 128, 129, 130, 131, 132, 133, 134, 135, 136, 137, 138, 139, 140, 141, 142, 143, 144, 145, 146, 147, 148, 149]

--- Генерація вершинного покриття (зі списку суміжності) ---
Знайдене максимальне парування (M): {(61, 107), (98, 139), (7, 142), (46, 51), (26, 54), (90, 118), (106, 108), (83, 146), (103, 138), (73, 114), (23, 43), (24, 75), (36, 101), (66, 87), (42, 99), (68, 148), (39, 136), (9, 102), (117, 124), (5, 113), (29, 69), (20, 89), (30, 60), (33, 59), (17, 72), (55, 115), (129, 130), (40, 58), (28, 145), (126, 149), (13, 135), (49, 67), (0, 22), (52, 96), (12, 48), (3, 109), (71, 137), (85, 93), (32, 86), (88, 92), (15, 144), (34, 57), (8, 47), (111, 127), (76, 105), (35, 95), (65, 80), (25, 27), (53, 82), (21, 81), (110, 140), (79, 131), (62, 94), (18, 91), (31, 143), (14, 133), (38, 45), (50, 77), (56, 84), (97, 100), (112, 119), (44, 125), (41, 132), (37, 147), (10, 16), (2, 128), (11, 134), (4, 104), (63, 123), (1, 74), (6, 70), (122, 141), (64, 121), (78, 120)}
Згенероване вершинне покриття (C): [0, 1, 2, 3, 4, 5, 6, 7, 8, 9, 10, 11, 12, 13, 14, 15, 16, 17, 18, 20, 21, 22, 23, 24, 25, 26, 27, 28, 29, 30, 31, 32, 33, 34, 35, 36, 37, 38, 39, 40, 41, 42, 43, 44, 45, 46, 47, 48, 49, 50, 51, 52, 53, 54, 55, 56, 57, 58, 59, 60, 61, 62, 63, 64, 65, 66, 67, 68, 69, 70, 71, 72, 73, 74, 75, 76, 77, 78, 79, 80, 81, 82, 83, 84, 85, 86, 87, 88, 89, 90, 91, 92, 93, 94, 95, 96, 97, 98, 99, 100, 101, 102, 103, 104, 105, 106, 107, 108, 109, 110, 111, 112, 113, 114, 115, 117, 118, 119, 120, 121, 122, 123, 124, 125, 126, 127, 128, 129, 130, 131, 132, 133, 134, 135, 136, 137, 138, 139, 140, 141, 142, 143, 144, 145, 146, 147, 148, 149]

--- Генерація вершинного покриття (зі списку суміжності) ---
Знайдене максимальне парування (M): {(120, 126), (16, 145), (11, 103), (32, 110), (37, 128), (94, 119), (61, 64), (22, 78), (23, 77), (68, 109), (134, 149), (0, 63), (108, 142), (48, 60), (36, 40), (2, 72), (52, 143), (27, 92), (55, 114), (70, 115), (7, 74), (20, 65), (24, 29), (21, 131), (71, 89), (34, 67), (45, 137), (57, 102), (117, 147), (3, 18), (59, 75), (39, 96), (82, 104), (1, 54), (38, 49), (69, 140), (85, 130), (88, 129), (41, 139), (17, 26), (9, 28), (99, 141), (31, 116), (53, 122), (25, 79), (8, 93), (13, 83), (81, 135), (14, 118), (12, 66), (56, 124), (91, 121), (44, 46), (43, 50), (4, 80), (47, 133), (101, 113), (15, 107), (5, 84), (51, 136), (33, 73), (86, 100), (105, 144), (90, 125), (42, 146), (87, 111), (6, 58), (10, 19), (98, 138), (35, 76), (62, 127), (30, 95)}
Згенероване вершинне покриття (C): [0, 1, 2, 3, 4, 5, 6, 7, 8, 9, 10, 11, 12, 13, 14, 15, 16, 17, 18, 19, 20, 21, 22, 23, 24, 25, 26, 27, 28, 29, 30, 31, 32, 33, 34, 35, 36, 37, 38, 39, 40, 41, 42, 43, 44, 45, 46, 47, 48, 49, 50, 51, 52, 53, 54, 55, 56, 57, 58, 59, 60, 61, 62, 63, 64, 65, 66, 67, 68, 69, 70, 71, 72, 73, 74, 75, 76, 77, 78, 79, 80, 81, 82, 83, 84, 85, 86, 87, 88, 89, 90, 91, 92, 93, 94, 95, 96, 98, 99, 100, 101, 102, 103, 104, 105, 107, 108, 109, 110, 111, 113, 114, 115, 116, 117, 118, 119, 120, 121, 122, 124, 125, 126, 127, 128, 129, 130, 131, 133, 134, 135, 136, 137, 138, 139, 140, 141, 142, 143, 144, 145, 146, 147, 149]

--- Генерація вершинного покриття (зі списку суміжності) ---
Знайдене максимальне парування (M): {(64, 66), (13, 27), (51, 108), (17, 110), (3, 62), (117, 148), (36, 126), (109, 138), (10, 113), (75, 118), (72, 94), (141, 142), (70, 131), (45, 135), (18, 99), (6, 106), (1, 55), (41, 67), (2, 60), (15, 48), (59, 88), (16, 120), (58, 98), (19, 140), (31, 111), (43, 143), (11, 78), (101, 127), (9, 87), (81, 136), (26, 84), (50, 103), (40, 74), (56, 125), (71, 144), (49, 147), (25, 34), (42, 44), (80, 116), (69, 137), (30, 130), (20, 95), (5, 76), (52, 139), (46, 68), (23, 39), (37, 38), (0, 77), (86, 122), (32, 145), (93, 97), (35, 83), (14, 112), (22, 119), (89, 121), (146, 149), (21, 133), (28, 53), (65, 102), (63, 90), (4, 129), (107, 114), (85, 123), (7, 100), (12, 29), (82, 115), (96, 132), (33, 128), (24, 79), (54, 105), (57, 134), (8, 92), (73, 124), (61, 104)}
Згенероване вершинне покриття (C): [0, 1, 2, 3, 4, 5, 6, 7, 8, 9, 10, 11, 12, 13, 14, 15, 16, 17, 18, 19, 20, 21, 22, 23, 24, 25, 26, 27, 28, 29, 30, 31, 32, 33, 34, 35, 36, 37, 38, 39, 40, 41, 42, 43, 44, 45, 46, 48, 49, 50, 51, 52, 53, 54, 55, 56, 57, 58, 59, 60, 61, 62, 63, 64, 65, 66, 67, 68, 69, 70, 71, 72, 73, 74, 75, 76, 77, 78, 79, 80, 81, 82, 83, 84, 85, 86, 87, 88, 89, 90, 92, 93, 94, 95, 96, 97, 98, 99, 100, 101, 102, 103, 104, 105, 106, 107, 108, 109, 110, 111, 112, 113, 114, 115, 116, 117, 118, 119, 120, 121, 122, 123, 124, 125, 126, 127, 128, 129, 130, 131, 132, 133, 134, 135, 136, 137, 138, 139, 140, 141, 142, 143, 144, 145, 146, 147, 148, 149]

--- Генерація вершинного покриття (зі списку суміжності) ---
Знайдене максимальне парування (M): {(7, 133), (56, 117), (66, 91), (28, 107), (19, 104), (27, 59), (21, 144), (70, 128), (16, 41), (33, 85), (78, 147), (80, 83), (97, 105), (121, 136), (18, 120), (106, 130), (9, 81), (65, 137), (77, 109), (39, 102), (25, 138), (0, 99), (86, 126), (34, 122), (8, 118), (13, 108), (67, 76), (42, 132), (49, 113), (32, 127), (52, 75), (63, 103), (87, 129), (15, 134), (17, 26), (1, 89), (36, 88), (2, 71), (31, 43), (74, 148), (135, 149), (101, 141), (53, 61), (37, 111), (3, 54), (14, 112), (82, 146), (58, 124), (139, 143), (50, 114), (38, 94), (142, 145), (5, 60), (46, 98), (79, 131), (48, 95), (45, 84), (40, 100), (12, 90), (4, 22), (44, 64), (24, 55), (29, 115), (10, 68), (23, 96), (72, 119), (47, 93), (20, 51), (35, 73), (6, 125), (11, 30), (92, 110), (57, 140), (62, 69)}
Згенероване вершинне покриття (C): [0, 1, 2, 3, 4, 5, 6, 7, 8, 9, 10, 11, 12, 13, 14, 15, 16, 17, 18, 19, 20, 21, 22, 23, 24, 25, 26, 27, 28, 29, 30, 31, 32, 33, 34, 35, 36, 37, 38, 39, 40, 41, 42, 43, 44, 45, 46, 47, 48, 49, 50, 51, 52, 53, 54, 55, 56, 57, 58, 59, 60, 61, 62, 63, 64, 65, 66, 67, 68, 69, 70, 71, 72, 73, 74, 75, 76, 77, 78, 79, 80, 81, 82, 83, 84, 85, 86, 87, 88, 89, 90, 91, 92, 93, 94, 95, 96, 97, 98, 99, 100, 101, 102, 103, 104, 105, 106, 107, 108, 109, 110, 111, 112, 113, 114, 115, 117, 118, 119, 120, 121, 122, 124, 125, 126, 127, 128, 129, 130, 131, 132, 133, 134, 135, 136, 137, 138, 139, 140, 141, 142, 143, 144, 145, 146, 147, 148, 149]

--- Генерація вершинного покриття (зі списку суміжності) ---
Знайдене максимальне парування (M): {(72, 134), (6, 146), (7, 20), (23, 71), (0, 54), (76, 113), (96, 116), (27, 126), (35, 48), (42, 66), (16, 41), (33, 121), (55, 90), (38, 114), (26, 118), (99, 130), (73, 117), (64, 111), (81, 127), (85, 91), (10, 24), (88, 148), (123, 145), (36, 49), (109, 125), (21, 128), (25, 92), (22, 62), (56, 70), (139, 141), (87, 131), (63, 79), (100, 108), (2, 102), (19, 112), (47, 82), (3, 140), (31, 34), (105, 133), (45, 94), (32, 124), (30, 78), (18, 52), (40, 58), (1, 136), (89, 106), (11, 77), (57, 132), (44, 83), (5, 103), (28, 50), (39, 135), (60, 115), (53, 137), (12, 75), (8, 120), (13, 43), (14, 69), (80, 84), (29, 51), (101, 122), (46, 119), (98, 129), (93, 142), (17, 138), (37, 147), (110, 149), (4, 86), (107, 144), (65, 74), (15, 67), (68, 143), (9, 97), (61, 104)}
Згенероване вершинне покриття (C): [0, 1, 2, 3, 4, 5, 6, 7, 8, 9, 10, 11, 12, 13, 14, 15, 16, 17, 18, 19, 20, 21, 22, 23, 24, 25, 26, 27, 28, 29, 30, 31, 32, 33, 34, 35, 36, 37, 38, 39, 40, 41, 42, 43, 44, 45, 46, 47, 48, 49, 50, 51, 52, 53, 54, 55, 56, 57, 58, 60, 61, 62, 63, 64, 65, 66, 67, 68, 69, 70, 71, 72, 73, 74, 75, 76, 77, 78, 79, 80, 81, 82, 83, 84, 85, 86, 87, 88, 89, 90, 91, 92, 93, 94, 96, 97, 98, 99, 100, 101, 102, 103, 104, 105, 106, 107, 108, 109, 110, 111, 112, 113, 114, 115, 116, 117, 118, 119, 120, 121, 122, 123, 124, 125, 126, 127, 128, 129, 130, 131, 132, 133, 134, 135, 136, 137, 138, 139, 140, 141, 142, 143, 144, 145, 146, 147, 148, 149]

--- Генерація вершинного покриття (зі списку суміжності) ---
Знайдене максимальне парування (M): {(8, 86), (37, 125), (97, 115), (51, 111), (26, 39), (47, 71), (7, 41), (133, 147), (23, 34), (60, 89), (13, 124), (40, 53), (48, 66), (63, 146), (118, 149), (19, 33), (28, 42), (98, 140), (36, 113), (91, 104), (114, 139), (101, 145), (15, 20), (29, 127), (31, 74), (73, 138), (90, 99), (81, 96), (14, 134), (88, 105), (54, 82), (27, 70), (9, 56), (79, 108), (110, 135), (68, 137), (43, 57), (0, 120), (3, 30), (69, 85), (92, 148), (44, 65), (38, 61), (21, 106), (2, 132), (35, 131), (62, 122), (18, 119), (17, 93), (10, 87), (121, 144), (5, 103), (6, 126), (1, 84), (112, 141), (46, 83), (59, 117), (128, 143), (12, 75), (67, 136), (25, 100), (4, 16), (11, 64), (24, 55), (32, 123), (76, 129), (77, 94), (58, 142), (52, 80), (78, 102), (22, 45), (72, 116), (49, 130), (50, 95)}
Згенероване вершинне покриття (C): [0, 1, 2, 3, 4, 5, 6, 7, 8, 9, 10, 11, 12, 13, 14, 15, 16, 17, 18, 19, 20, 21, 22, 23, 24, 25, 26, 27, 28, 29, 30, 31, 32, 33, 34, 35, 36, 37, 38, 39, 40, 41, 42, 43, 44, 45, 46, 47, 48, 49, 50, 51, 52, 53, 54, 55, 56, 57, 58, 59, 60, 61, 62, 63, 64, 65, 66, 67, 68, 69, 70, 71, 72, 73, 74, 75, 76, 77, 78, 79, 80, 81, 82, 83, 84, 85, 86, 87, 88, 89, 90, 91, 92, 93, 94, 95, 96, 97, 98, 99, 100, 101, 102, 103, 104, 105, 106, 108, 110, 111, 112, 113, 114, 115, 116, 117, 118, 119, 120, 121, 122, 123, 124, 125, 126, 127, 128, 129, 130, 131, 132, 133, 134, 135, 136, 137, 138, 139, 140, 141, 142, 143, 144, 145, 146, 147, 148, 149]

--- Генерація вершинного покриття (зі списку суміжності) ---
Знайдене максимальне парування (M): {(10, 34), (8, 49), (12, 68), (40, 78), (67, 126), (5, 59), (18, 35), (52, 122), (22, 23), (54, 147), (36, 80), (77, 148), (15, 51), (88, 121), (113, 120), (11, 87), (6, 127), (61, 103), (117, 123), (131, 146), (74, 94), (30, 33), (112, 142), (136, 139), (63, 82), (75, 108), (85, 109), (116, 118), (73, 83), (62, 89), (4, 14), (26, 38), (97, 141), (41, 133), (1, 48), (24, 50), (86, 92), (60, 79), (28, 72), (9, 135), (45, 91), (44, 71), (0, 16), (101, 129), (39, 111), (2, 7), (70, 99), (124, 149), (25, 137), (76, 84), (65, 81), (29, 134), (55, 119), (3, 66), (46, 95), (43, 47), (37, 132), (53, 140), (107, 114), (20, 143), (13, 110), (56, 145), (42, 128), (17, 19), (21, 32), (64, 100), (90, 125), (106, 115), (98, 138), (58, 105), (69, 93), (96, 144), (104, 130), (31, 57), (27, 102)}
Згенероване вершинне покриття (C): [0, 1, 2, 3, 4, 5, 6, 7, 8, 9, 10, 11, 12, 13, 14, 15, 16, 17, 18, 19, 20, 21, 22, 23, 24, 25, 26, 27, 28, 29, 30, 31, 32, 33, 34, 35, 36, 37, 38, 39, 40, 41, 42, 43, 44, 45, 46, 47, 48, 49, 50, 51, 52, 53, 54, 55, 56, 57, 58, 59, 60, 61, 62, 63, 64, 65, 66, 67, 68, 69, 70, 71, 72, 73, 74, 75, 76, 77, 78, 79, 80, 81, 82, 83, 84, 85, 86, 87, 88, 89, 90, 91, 92, 93, 94, 95, 96, 97, 98, 99, 100, 101, 102, 103, 104, 105, 106, 107, 108, 109, 110, 111, 112, 113, 114, 115, 116, 117, 118, 119, 120, 121, 122, 123, 124, 125, 126, 127, 128, 129, 130, 131, 132, 133, 134, 135, 136, 137, 138, 139, 140, 141, 142, 143, 144, 145, 146, 147, 148, 149]

--- Генерація вершинного покриття (зі списку суміжності) ---
Знайдене максимальне парування (M): {(27, 47), (16, 81), (102, 126), (12, 71), (50, 110), (32, 49), (53, 148), (41, 61), (64, 87), (29, 99), (7, 38), (77, 142), (19, 40), (36, 144), (37, 146), (9, 133), (51, 138), (13, 60), (108, 139), (31, 105), (8, 24), (0, 75), (58, 95), (54, 55), (43, 85), (56, 122), (73, 132), (91, 113), (1, 149), (100, 119), (68, 90), (63, 140), (96, 109), (78, 143), (76, 115), (62, 92), (33, 114), (134, 145), (23, 97), (10, 69), (6, 59), (30, 84), (5, 66), (103, 135), (17, 44), (117, 137), (15, 147), (45, 130), (22, 67), (14, 127), (79, 101), (42, 116), (34, 72), (57, 104), (18, 88), (83, 123), (48, 98), (46, 107), (124, 136), (74, 129), (21, 93), (11, 125), (65, 120), (94, 141), (3, 26), (4, 25), (82, 112), (35, 70), (28, 86), (2, 131), (52, 89), (106, 118), (20, 121), (39, 128), (80, 111)}
Згенероване вершинне покриття (C): [0, 1, 2, 3, 4, 5, 6, 7, 8, 9, 10, 11, 12, 13, 14, 15, 16, 17, 18, 19, 20, 21, 22, 23, 24, 25, 26, 27, 28, 29, 30, 31, 32, 33, 34, 35, 36, 37, 38, 39, 40, 41, 42, 43, 44, 45, 46, 47, 48, 49, 50, 51, 52, 53, 54, 55, 56, 57, 58, 59, 60, 61, 62, 63, 64, 65, 66, 67, 68, 69, 70, 71, 72, 73, 74, 75, 76, 77, 78, 79, 80, 81, 82, 83, 84, 85, 86, 87, 88, 89, 90, 91, 92, 93, 94, 95, 96, 97, 98, 99, 100, 101, 102, 103, 104, 105, 106, 107, 108, 109, 110, 111, 112, 113, 114, 115, 116, 117, 118, 119, 120, 121, 122, 123, 124, 125, 126, 127, 128, 129, 130, 131, 132, 133, 134, 135, 136, 137, 138, 139, 140, 141, 142, 143, 144, 145, 146, 147, 148, 149]

--- Генерація вершинного покриття (зі списку суміжності) ---
Знайдене максимальне парування (M): {(117, 130), (63, 135), (1, 86), (8, 49), (64, 133), (18, 145), (14, 126), (98, 104), (46, 106), (20, 26), (59, 137), (35, 48), (25, 114), (3, 138), (66, 121), (72, 97), (57, 118), (30, 131), (16, 44), (73, 129), (24, 136), (17, 100), (40, 65), (111, 116), (103, 139), (53, 62), (146, 147), (51, 58), (82, 95), (101, 102), (21, 149), (124, 140), (89, 91), (60, 79), (0, 120), (22, 31), (47, 143), (12, 33), (10, 69), (4, 29), (113, 127), (15, 123), (37, 38), (90, 132), (50, 148), (23, 109), (56, 115), (76, 81), (7, 67), (70, 105), (85, 93), (54, 75), (55, 125), (6, 28), (9, 61), (5, 11), (45, 142), (36, 84), (2, 110), (88, 119), (77, 94), (71, 112), (39, 107), (78, 99), (87, 108), (13, 122), (52, 141), (34, 41), (96, 144), (42, 134), (43, 80), (27, 32), (19, 83), (74, 92), (68, 128)}
Згенероване вершинне покриття (C): [0, 1, 2, 3, 4, 5, 6, 7, 8, 9, 10, 11, 12, 13, 14, 15, 16, 17, 18, 19, 20, 21, 22, 23, 24, 25, 26, 27, 28, 29, 30, 31, 32, 33, 34, 35, 36, 37, 38, 39, 40, 41, 42, 43, 44, 45, 46, 47, 48, 49, 50, 51, 52, 53, 54, 55, 56, 57, 58, 59, 60, 61, 62, 63, 64, 65, 66, 67, 68, 69, 70, 71, 72, 73, 74, 75, 76, 77, 78, 79, 80, 81, 82, 83, 84, 85, 86, 87, 88, 89, 90, 91, 92, 93, 94, 95, 96, 97, 98, 99, 100, 101, 102, 103, 104, 105, 106, 107, 108, 109, 110, 111, 112, 113, 114, 115, 116, 117, 118, 119, 120, 121, 122, 123, 124, 125, 126, 127, 128, 129, 130, 131, 132, 133, 134, 135, 136, 137, 138, 139, 140, 141, 142, 143, 144, 145, 146, 147, 148, 149]

--- Генерація вершинного покриття (зі списку суміжності) ---
Знайдене максимальне парування (M): {(37, 119), (21, 135), (55, 69), (18, 90), (134, 137), (33, 115), (2, 118), (51, 74), (53, 99), (71, 120), (9, 75), (84, 117), (57, 124), (83, 91), (35, 140), (60, 98), (4, 106), (39, 121), (65, 82), (77, 111), (66, 136), (16, 129), (25, 28), (27, 110), (32, 94), (104, 144), (72, 139), (17, 54), (8, 109), (64, 132), (100, 128), (6, 145), (15, 102), (143, 147), (92, 133), (29, 40), (87, 88), (41, 127), (23, 97), (13, 62), (38, 116), (52, 142), (79, 80), (11, 31), (7, 12), (61, 108), (96, 105), (81, 89), (19, 56), (43, 47), (46, 49), (10, 114), (3, 78), (50, 126), (73, 103), (107, 123), (68, 122), (20, 36), (0, 67), (34, 93), (58, 148), (5, 26), (86, 112), (42, 85), (70, 101), (130, 146), (48, 125), (131, 141), (24, 76), (22, 45), (14, 44), (1, 138), (30, 95), (59, 113)}
Згенероване вершинне покриття (C): [0, 1, 2, 3, 4, 5, 6, 7, 8, 9, 10, 11, 12, 13, 14, 15, 16, 17, 18, 19, 20, 21, 22, 23, 24, 25, 26, 27, 28, 29, 30, 31, 32, 33, 34, 35, 36, 37, 38, 39, 40, 41, 42, 43, 44, 45, 46, 47, 48, 49, 50, 51, 52, 53, 54, 55, 56, 57, 58, 59, 60, 61, 62, 64, 65, 66, 67, 68, 69, 70, 71, 72, 73, 74, 75, 76, 77, 78, 79, 80, 81, 82, 83, 84, 85, 86, 87, 88, 89, 90, 91, 92, 93, 94, 95, 96, 97, 98, 99, 100, 101, 102, 103, 104, 105, 106, 107, 108, 109, 110, 111, 112, 113, 114, 115, 116, 117, 118, 119, 120, 121, 122, 123, 124, 125, 126, 127, 128, 129, 130, 131, 132, 133, 134, 135, 136, 137, 138, 139, 140, 141, 142, 143, 144, 145, 146, 147, 148]

--- Генерація вершинного покриття (зі списку суміжності) ---
Знайдене максимальне парування (M): {(65, 92), (96, 101), (19, 49), (111, 123), (119, 136), (29, 142), (8, 110), (59, 134), (34, 80), (79, 106), (12, 138), (10, 122), (27, 71), (118, 131), (7, 41), (21, 95), (17, 82), (14, 147), (9, 72), (104, 117), (130, 133), (22, 38), (28, 143), (90, 127), (6, 63), (13, 139), (45, 113), (109, 116), (42, 99), (62, 132), (35, 84), (39, 128), (0, 102), (76, 103), (83, 112), (53, 74), (5, 125), (26, 44), (16, 37), (66, 114), (56, 85), (67, 149), (78, 94), (77, 107), (11, 144), (36, 100), (43, 81), (32, 87), (23, 54), (3, 48), (1, 145), (52, 108), (93, 115), (15, 86), (50, 120), (64, 137), (2, 98), (47, 124), (20, 146), (60, 121), (70, 135), (73, 97), (51, 68), (24, 55), (46, 61), (4, 31), (58, 105), (25, 69), (126, 148), (40, 57), (30, 89), (129, 141), (88, 91), (18, 75)}
Згенероване вершинне покриття (C): [0, 1, 2, 3, 4, 5, 6, 7, 8, 9, 10, 11, 12, 13, 14, 15, 16, 17, 18, 19, 20, 21, 22, 23, 24, 25, 26, 27, 28, 29, 30, 31, 32, 34, 35, 36, 37, 38, 39, 40, 41, 42, 43, 44, 45, 46, 47, 48, 49, 50, 51, 52, 53, 54, 55, 56, 57, 58, 59, 60, 61, 62, 63, 64, 65, 66, 67, 68, 69, 70, 71, 72, 73, 74, 75, 76, 77, 78, 79, 80, 81, 82, 83, 84, 85, 86, 87, 88, 89, 90, 91, 92, 93, 94, 95, 96, 97, 98, 99, 100, 101, 102, 103, 104, 105, 106, 107, 108, 109, 110, 111, 112, 113, 114, 115, 116, 117, 118, 119, 120, 121, 122, 123, 124, 125, 126, 127, 128, 129, 130, 131, 132, 133, 134, 135, 136, 137, 138, 139, 141, 142, 143, 144, 145, 146, 147, 148, 149]

--- Генерація вершинного покриття (зі списку суміжності) ---
Знайдене максимальне парування (M): {(84, 133), (6, 15), (88, 97), (81, 91), (106, 142), (4, 122), (93, 120), (85, 113), (10, 43), (62, 90), (38, 99), (25, 44), (92, 131), (33, 118), (36, 135), (71, 105), (70, 146), (26, 57), (79, 127), (29, 114), (35, 130), (24, 75), (65, 137), (98, 143), (19, 149), (46, 78), (28, 45), (31, 68), (64, 129), (16, 144), (49, 138), (119, 123), (83, 109), (72, 145), (63, 140), (51, 55), (9, 59), (47, 67), (7, 37), (14, 18), (73, 86), (107, 121), (11, 56), (32, 60), (52, 69), (53, 95), (54, 100), (21, 39), (50, 87), (82, 116), (34, 94), (2, 22), (1, 148), (13, 89), (101, 147), (80, 124), (5, 112), (0, 104), (76, 102), (110, 134), (12, 20), (40, 42), (126, 136), (66, 125), (61, 141), (17, 74), (30, 132), (8, 77), (23, 41), (27, 96), (48, 128), (58, 108), (111, 117), (115, 139)}
Згенероване вершинне покриття (C): [0, 1, 2, 4, 5, 6, 7, 8, 9, 10, 11, 12, 13, 14, 15, 16, 17, 18, 19, 20, 21, 22, 23, 24, 25, 26, 27, 28, 29, 30, 31, 32, 33, 34, 35, 36, 37, 38, 39, 40, 41, 42, 43, 44, 45, 46, 47, 48, 49, 50, 51, 52, 53, 54, 55, 56, 57, 58, 59, 60, 61, 62, 63, 64, 65, 66, 67, 68, 69, 70, 71, 72, 73, 74, 75, 76, 77, 78, 79, 80, 81, 82, 83, 84, 85, 86, 87, 88, 89, 90, 91, 92, 93, 94, 95, 96, 97, 98, 99, 100, 101, 102, 104, 105, 106, 107, 108, 109, 110, 111, 112, 113, 114, 115, 116, 117, 118, 119, 120, 121, 122, 123, 124, 125, 126, 127, 128, 129, 130, 131, 132, 133, 134, 135, 136, 137, 138, 139, 140, 141, 142, 143, 144, 145, 146, 147, 148, 149]

--- Генерація вершинного покриття (зі списку суміжності) ---
Знайдене максимальне парування (M): {(102, 111), (106, 136), (17, 46), (11, 42), (38, 84), (36, 126), (24, 39), (9, 57), (3, 16), (54, 147), (34, 138), (1, 113), (43, 122), (67, 83), (33, 115), (8, 134), (90, 100), (76, 119), (105, 140), (32, 73), (44, 133), (64, 108), (49, 59), (96, 143), (18, 127), (51, 92), (37, 109), (35, 148), (86, 123), (7, 135), (63, 70), (58, 125), (2, 41), (87, 91), (60, 128), (29, 101), (21, 97), (13, 53), (79, 114), (112, 120), (30, 139), (31, 98), (20, 104), (130, 141), (48, 65), (94, 145), (0, 77), (6, 117), (14, 103), (12, 118), (26, 80), (85, 93), (15, 22), (40, 82), (81, 89), (110, 131), (56, 69), (23, 72), (25, 45), (55, 137), (61, 129), (66, 107), (28, 132), (4, 19), (50, 71), (99, 116), (27, 78), (5, 142), (10, 74), (52, 144), (95, 124), (75, 149), (62, 121), (68, 146)}
Згенероване вершинне покриття (C): [0, 1, 2, 3, 4, 5, 6, 7, 8, 9, 10, 11, 12, 13, 14, 15, 16, 17, 18, 19, 20, 21, 22, 23, 24, 25, 26, 27, 28, 29, 30, 31, 32, 33, 34, 35, 36, 37, 38, 39, 40, 41, 42, 43, 44, 45, 46, 48, 49, 50, 51, 52, 53, 54, 55, 56, 57, 58, 59, 60, 61, 62, 63, 64, 65, 66, 67, 68, 69, 70, 71, 72, 73, 74, 75, 76, 77, 78, 79, 80, 81, 82, 83, 84, 85, 86, 87, 89, 90, 91, 92, 93, 94, 95, 96, 97, 98, 99, 100, 101, 102, 103, 104, 105, 106, 107, 108, 109, 110, 111, 112, 113, 114, 115, 116, 117, 118, 119, 120, 121, 122, 123, 124, 125, 126, 127, 128, 129, 130, 131, 132, 133, 134, 135, 136, 137, 138, 139, 140, 141, 142, 143, 144, 145, 146, 147, 148, 149]

--- Генерація вершинного покриття (зі списку суміжності) ---
Знайдене максимальне парування (M): {(72, 79), (12, 132), (103, 149), (85, 116), (76, 113), (84, 90), (0, 51), (10, 122), (44, 63), (37, 140), (75, 130), (54, 95), (3, 28), (14, 86), (7, 111), (35, 60), (59, 94), (33, 133), (6, 48), (11, 17), (25, 68), (27, 34), (91, 104), (2, 20), (45, 55), (4, 112), (18, 77), (99, 108), (70, 124), (73, 147), (1, 106), (96, 121), (127, 136), (16, 101), (58, 82), (23, 88), (8, 69), (81, 117), (53, 92), (57, 129), (26, 65), (138, 148), (19, 142), (126, 146), (42, 141), (40, 52), (98, 145), (46, 135), (83, 93), (87, 118), (56, 115), (36, 109), (97, 131), (29, 137), (32, 47), (41, 114), (89, 139), (107, 120), (38, 100), (9, 125), (74, 123), (134, 144), (110, 143), (30, 71), (50, 80), (43, 62), (22, 39), (15, 61), (21, 105), (13, 128), (24, 67), (5, 102), (49, 78), (31, 66)}
Згенероване вершинне покриття (C): [0, 1, 2, 3, 4, 5, 6, 7, 8, 9, 10, 11, 12, 13, 14, 15, 16, 17, 18, 19, 20, 21, 22, 23, 24, 25, 26, 27, 28, 29, 30, 31, 32, 33, 34, 35, 36, 37, 38, 39, 40, 41, 42, 43, 44, 45, 46, 47, 48, 49, 50, 51, 52, 53, 54, 55, 56, 57, 58, 59, 60, 61, 62, 63, 65, 66, 67, 68, 69, 70, 71, 72, 73, 74, 75, 76, 77, 78, 79, 80, 81, 82, 83, 84, 85, 86, 87, 88, 89, 90, 91, 92, 93, 94, 95, 96, 97, 98, 99, 100, 101, 102, 103, 104, 105, 106, 107, 108, 109, 110, 111, 112, 113, 114, 115, 116, 117, 118, 120, 121, 122, 123, 124, 125, 126, 127, 128, 129, 130, 131, 132, 133, 134, 135, 136, 137, 138, 139, 140, 141, 142, 143, 144, 145, 146, 147, 148, 149]

--- Генерація вершинного покриття (зі списку суміжності) ---
Знайдене максимальне парування (M): {(36, 56), (14, 114), (62, 139), (98, 107), (106, 148), (6, 24), (21, 77), (80, 135), (73, 99), (30, 70), (118, 134), (51, 141), (138, 140), (39, 60), (23, 43), (29, 120), (2, 8), (104, 126), (16, 74), (76, 149), (86, 123), (67, 122), (35, 87), (4, 112), (72, 93), (57, 102), (37, 127), (96, 124), (92, 133), (52, 136), (27, 82), (5, 146), (116, 142), (46, 68), (20, 49), (71, 119), (113, 128), (41, 81), (63, 115), (45, 100), (22, 34), (132, 144), (25, 143), (97, 125), (26, 83), (33, 40), (19, 105), (18, 79), (17, 53), (78, 130), (90, 101), (75, 110), (61, 117), (47, 69), (9, 55), (12, 44), (38, 42), (109, 145), (10, 111), (32, 129), (1, 65), (3, 84), (13, 58), (64, 103), (50, 89), (28, 147), (54, 59), (11, 15), (88, 137), (0, 85), (94, 95), (91, 108), (48, 131), (31, 66)}
Згенероване вершинне покриття (C): [0, 1, 2, 3, 4, 5, 6, 8, 9, 10, 11, 12, 13, 14, 15, 16, 17, 18, 19, 20, 21, 22, 23, 24, 25, 26, 27, 28, 29, 30, 31, 32, 33, 34, 35, 36, 37, 38, 39, 40, 41, 42, 43, 44, 45, 46, 47, 48, 49, 50, 51, 52, 53, 54, 55, 56, 57, 58, 59, 60, 61, 62, 63, 64, 65, 66, 67, 68, 69, 70, 71, 72, 73, 74, 75, 76, 77, 78, 79, 80, 81, 82, 83, 84, 85, 86, 87, 88, 89, 90, 91, 92, 93, 94, 95, 96, 97, 98, 99, 100, 101, 102, 103, 104, 105, 106, 107, 108, 109, 110, 111, 112, 113, 114, 115, 116, 117, 118, 119, 120, 122, 123, 124, 125, 126, 127, 128, 129, 130, 131, 132, 133, 134, 135, 136, 137, 138, 139, 140, 141, 142, 143, 144, 145, 146, 147, 148, 149]

--- Генерація вершинного покриття (зі списку суміжності) ---
Знайдене максимальне парування (M): {(43, 98), (35, 149), (7, 17), (18, 23), (53, 75), (94, 116), (29, 87), (59, 134), (26, 36), (14, 141), (15, 106), (67, 83), (12, 28), (69, 144), (60, 135), (77, 90), (65, 70), (84, 108), (34, 101), (19, 140), (48, 127), (51, 147), (73, 129), (10, 30), (123, 139), (54, 58), (68, 81), (33, 148), (3, 110), (56, 122), (40, 74), (32, 97), (21, 131), (85, 118), (37, 133), (6, 99), (9, 16), (38, 52), (39, 47), (62, 107), (57, 126), (82, 119), (104, 125), (0, 13), (61, 96), (120, 124), (42, 89), (41, 93), (72, 132), (4, 114), (2, 92), (46, 86), (5, 115), (76, 105), (49, 88), (25, 45), (22, 143), (80, 130), (109, 142), (102, 136), (24, 113), (1, 50), (95, 103), (55, 91), (111, 145), (71, 112), (20, 100), (66, 128), (8, 138), (44, 137), (78, 117), (11, 27), (64, 121), (79, 146)}
Згенероване вершинне покриття (C): [0, 1, 2, 3, 4, 5, 6, 7, 8, 9, 10, 11, 12, 13, 14, 15, 16, 17, 18, 19, 20, 21, 22, 23, 24, 25, 26, 27, 28, 29, 30, 32, 33, 34, 35, 36, 37, 38, 39, 40, 41, 42, 43, 44, 45, 46, 47, 48, 49, 50, 51, 52, 53, 54, 55, 56, 57, 58, 59, 60, 61, 62, 64, 65, 66, 67, 68, 69, 70, 71, 72, 73, 74, 75, 76, 77, 78, 79, 80, 81, 82, 83, 84, 85, 86, 87, 88, 89, 90, 91, 92, 93, 94, 95, 96, 97, 98, 99, 100, 101, 102, 103, 104, 105, 106, 107, 108, 109, 110, 111, 112, 113, 114, 115, 116, 117, 118, 119, 120, 121, 122, 123, 124, 125, 126, 127, 128, 129, 130, 131, 132, 133, 134, 135, 136, 137, 138, 139, 140, 141, 142, 143, 144, 145, 146, 147, 148, 149]

--- Генерація вершинного покриття (зі списку суміжності) ---
Знайдене максимальне парування (M): {(30, 98), (67, 129), (3, 62), (73, 145), (27, 132), (32, 122), (81, 109), (97, 105), (10, 128), (42, 139), (40, 114), (78, 104), (53, 111), (131, 137), (15, 130), (22, 117), (39, 136), (71, 80), (36, 58), (70, 118), (23, 134), (65, 106), (17, 121), (6, 90), (4, 127), (20, 28), (56, 140), (87, 149), (21, 146), (69, 76), (45, 82), (29, 34), (35, 120), (43, 112), (2, 108), (125, 142), (88, 126), (0, 135), (1, 75), (9, 92), (19, 84), (123, 138), (101, 141), (33, 147), (37, 44), (8, 99), (48, 74), (47, 54), (91, 115), (5, 100), (66, 95), (31, 119), (38, 143), (64, 79), (12, 63), (49, 94), (13, 86), (7, 85), (102, 133), (61, 77), (68, 113), (16, 103), (57, 116), (26, 52), (46, 55), (72, 110), (41, 93), (50, 83), (25, 124), (144, 148), (18, 51), (60, 96), (11, 24), (59, 107)}
Згенероване вершинне покриття (C): [0, 1, 2, 3, 4, 5, 6, 7, 8, 9, 10, 11, 12, 13, 15, 16, 17, 18, 19, 20, 21, 22, 23, 24, 25, 26, 27, 28, 29, 30, 31, 32, 33, 34, 35, 36, 37, 38, 39, 40, 41, 42, 43, 44, 45, 46, 47, 48, 49, 50, 51, 52, 53, 54, 55, 56, 57, 58, 59, 60, 61, 62, 63, 64, 65, 66, 67, 68, 69, 70, 71, 72, 73, 74, 75, 76, 77, 78, 79, 80, 81, 82, 83, 84, 85, 86, 87, 88, 90, 91, 92, 93, 94, 95, 96, 97, 98, 99, 100, 101, 102, 103, 104, 105, 106, 107, 108, 109, 110, 111, 112, 113, 114, 115, 116, 117, 118, 119, 120, 121, 122, 123, 124, 125, 126, 127, 128, 129, 130, 131, 132, 133, 134, 135, 136, 137, 138, 139, 140, 141, 142, 143, 144, 145, 146, 147, 148, 149]

--- Генерація вершинного покриття (зі списку суміжності) ---
Знайдене максимальне парування (M): {(70, 110), (128, 136), (14, 120), (13, 94), (8, 98), (40, 81), (44, 51), (77, 130), (55, 75), (34, 74), (116, 119), (39, 88), (9, 63), (113, 117), (49, 56), (102, 144), (3, 86), (46, 60), (73, 114), (52, 85), (100, 104), (57, 84), (64, 129), (30, 42), (0, 32), (103, 148), (19, 109), (35, 99), (22, 71), (48, 90), (37, 66), (111, 131), (50, 127), (29, 92), (7, 95), (107, 124), (43, 118), (11, 59), (125, 142), (5, 21), (91, 149), (61, 87), (93, 146), (10, 72), (47, 97), (122, 133), (23, 54), (101, 135), (15, 141), (27, 106), (12, 115), (96, 105), (79, 147), (16, 143), (24, 31), (6, 138), (20, 140), (17, 62), (83, 123), (25, 45), (28, 126), (4, 80), (18, 36), (58, 78), (41, 68), (89, 145), (1, 53), (38, 112), (65, 132), (121, 134), (2, 67), (33, 76), (69, 108), (26, 137), (82, 139)}
Згенероване вершинне покриття (C): [0, 1, 2, 3, 4, 5, 6, 7, 8, 9, 10, 11, 12, 13, 14, 15, 16, 17, 18, 19, 20, 21, 22, 23, 24, 25, 26, 27, 28, 29, 30, 31, 32, 33, 34, 35, 36, 37, 38, 39, 40, 41, 42, 43, 44, 45, 46, 47, 48, 49, 50, 51, 52, 53, 54, 55, 56, 57, 58, 59, 60, 61, 62, 63, 64, 65, 66, 67, 68, 69, 70, 71, 72, 73, 74, 75, 76, 77, 78, 79, 80, 81, 82, 83, 84, 85, 86, 87, 88, 89, 90, 91, 92, 93, 94, 95, 96, 97, 98, 99, 100, 101, 102, 103, 104, 105, 106, 107, 108, 109, 110, 111, 112, 113, 114, 115, 116, 117, 118, 119, 120, 121, 122, 123, 124, 125, 126, 127, 128, 129, 130, 131, 132, 133, 134, 135, 136, 137, 138, 139, 140, 141, 142, 143, 144, 145, 146, 147, 148, 149]

--- Генерація вершинного покриття (зі списку суміжності) ---
Знайдене максимальне парування (M): {(68, 94), (72, 143), (32, 49), (21, 147), (76, 119), (19, 58), (26, 100), (56, 144), (39, 97), (69, 135), (18, 108), (12, 31), (52, 73), (17, 82), (65, 134), (2, 63), (27, 28), (30, 85), (130, 142), (22, 44), (107, 140), (10, 131), (57, 139), (74, 88), (43, 91), (7, 126), (4, 42), (59, 115), (6, 75), (79, 87), (35, 84), (53, 60), (45, 64), (89, 117), (3, 125), (16, 25), (95, 138), (50, 121), (62, 92), (105, 127), (66, 114), (38, 110), (71, 116), (37, 148), (1, 124), (83, 96), (46, 141), (34, 54), (48, 77), (9, 40), (55, 61), (93, 112), (33, 104), (120, 133), (106, 149), (80, 136), (5, 11), (23, 81), (13, 113), (14, 102), (111, 145), (67, 90), (8, 129), (20, 36), (51, 78), (0, 15), (29, 118), (47, 99), (122, 132), (70, 98), (41, 86), (101, 137), (103, 128), (24, 146), (109, 123)}
Згенероване вершинне покриття (C): [0, 1, 2, 3, 4, 5, 6, 7, 8, 9, 10, 11, 12, 13, 14, 15, 16, 17, 18, 19, 20, 21, 22, 23, 24, 25, 26, 27, 28, 29, 30, 31, 32, 33, 34, 35, 36, 37, 38, 39, 40, 41, 42, 43, 44, 45, 46, 47, 48, 49, 50, 51, 52, 53, 54, 55, 56, 57, 58, 59, 60, 61, 62, 63, 64, 65, 66, 67, 68, 69, 70, 71, 72, 73, 74, 75, 76, 77, 78, 79, 80, 81, 82, 83, 84, 85, 86, 87, 88, 89, 90, 91, 92, 93, 94, 95, 96, 97, 98, 99, 100, 101, 102, 103, 104, 105, 106, 107, 108, 109, 110, 111, 112, 113, 114, 115, 116, 117, 118, 119, 120, 121, 122, 123, 124, 125, 126, 127, 128, 129, 130, 131, 132, 133, 134, 135, 136, 137, 138, 139, 140, 141, 142, 143, 144, 145, 146, 147, 148, 149]

--- Генерація вершинного покриття (зі списку суміжності) ---
Знайдене максимальне парування (M): {(1, 28), (41, 98), (145, 149), (31, 133), (48, 91), (84, 142), (32, 49), (63, 147), (27, 123), (12, 138), (0, 82), (18, 38), (111, 144), (13, 114), (44, 66), (78, 92), (113, 120), (40, 50), (96, 143), (70, 97), (68, 136), (103, 121), (37, 45), (17, 34), (67, 107), (58, 110), (19, 36), (10, 39), (15, 148), (105, 109), (89, 128), (77, 132), (25, 104), (43, 51), (55, 71), (47, 73), (79, 108), (74, 118), (2, 53), (11, 62), (14, 24), (116, 139), (22, 54), (21, 106), (59, 90), (60, 140), (4, 35), (9, 16), (56, 94), (7, 46), (3, 33), (95, 122), (115, 125), (80, 100), (76, 87), (65, 93), (81, 141), (30, 102), (26, 83), (86, 134), (23, 130), (29, 85), (126, 127), (75, 119), (5, 72), (8, 129), (6, 52), (42, 146), (69, 99), (131, 135), (20, 112), (57, 137), (61, 101), (64, 124)}
Згенероване вершинне покриття (C): [0, 1, 2, 3, 4, 5, 6, 7, 8, 9, 10, 11, 12, 13, 14, 15, 16, 17, 18, 19, 20, 21, 22, 23, 24, 25, 26, 27, 28, 29, 30, 31, 32, 33, 34, 35, 36, 37, 38, 39, 40, 41, 42, 43, 44, 45, 46, 47, 48, 49, 50, 51, 52, 53, 54, 55, 56, 57, 58, 59, 60, 61, 62, 63, 64, 65, 66, 67, 68, 69, 70, 71, 72, 73, 74, 75, 76, 77, 78, 79, 80, 81, 82, 83, 84, 85, 86, 87, 89, 90, 91, 92, 93, 94, 95, 96, 97, 98, 99, 100, 101, 102, 103, 104, 105, 106, 107, 108, 109, 110, 111, 112, 113, 114, 115, 116, 118, 119, 120, 121, 122, 123, 124, 125, 126, 127, 128, 129, 130, 131, 132, 133, 134, 135, 136, 137, 138, 139, 140, 141, 142, 143, 144, 145, 146, 147, 148, 149]

--- Генерація вершинного покриття (зі списку суміжності) ---
Знайдене максимальне парування (M): {(76, 98), (114, 146), (36, 68), (24, 100), (89, 144), (53, 90), (4, 79), (82, 111), (116, 143), (13, 121), (0, 78), (22, 47), (32, 140), (37, 45), (26, 75), (55, 117), (81, 130), (137, 138), (56, 122), (15, 72), (18, 124), (40, 135), (27, 113), (9, 105), (97, 132), (1, 33), (12, 73), (2, 99), (64, 74), (39, 87), (8, 51), (16, 34), (11, 108), (125, 136), (44, 71), (94, 148), (112, 129), (70, 93), (66, 141), (77, 107), (5, 103), (91, 106), (6, 7), (80, 109), (25, 88), (23, 60), (128, 134), (42, 43), (14, 63), (54, 139), (83, 120), (28, 123), (20, 85), (46, 104), (84, 149), (61, 65), (3, 17), (10, 59), (30, 126), (101, 119), (35, 58), (102, 133), (67, 96), (21, 41), (49, 57), (62, 115), (69, 145), (50, 86), (127, 147), (29, 118), (19, 31), (92, 110), (48, 131), (52, 95)}
Згенероване вершинне покриття (C): [0, 1, 2, 3, 4, 5, 6, 7, 8, 9, 10, 11, 12, 13, 14, 15, 16, 17, 18, 19, 20, 21, 22, 23, 24, 25, 26, 27, 28, 29, 30, 31, 32, 33, 34, 35, 36, 37, 39, 40, 41, 42, 43, 44, 45, 46, 47, 48, 49, 50, 51, 52, 53, 54, 55, 56, 57, 58, 59, 60, 61, 62, 63, 64, 65, 66, 67, 68, 69, 70, 71, 72, 73, 74, 75, 76, 77, 78, 79, 80, 81, 82, 83, 84, 85, 86, 87, 88, 89, 90, 91, 92, 93, 94, 95, 96, 97, 98, 99, 100, 101, 102, 103, 104, 105, 106, 107, 108, 109, 110, 111, 112, 113, 114, 115, 116, 117, 118, 119, 120, 121, 122, 123, 124, 125, 126, 127, 128, 129, 130, 131, 132, 133, 134, 135, 136, 137, 138, 139, 140, 141, 143, 144, 145, 146, 147, 148, 149]

--- Генерація вершинного покриття (зі списку суміжності) ---
Знайдене максимальне парування (M): {(65, 95), (70, 125), (96, 113), (0, 48), (52, 61), (102, 138), (60, 126), (28, 88), (54, 107), (11, 78), (90, 136), (41, 143), (59, 100), (21, 116), (79, 139), (1, 128), (75, 93), (13, 20), (110, 117), (73, 77), (7, 135), (37, 112), (123, 148), (62, 80), (72, 145), (71, 89), (36, 64), (44, 47), (74, 118), (33, 56), (22, 25), (19, 66), (34, 149), (17, 23), (98, 130), (106, 119), (51, 76), (46, 132), (26, 129), (5, 39), (9, 92), (24, 141), (32, 81), (30, 31), (131, 142), (49, 137), (40, 134), (120, 121), (63, 69), (3, 57), (83, 111), (82, 85), (29, 140), (38, 94), (16, 91), (43, 105), (6, 86), (4, 68), (67, 84), (42, 58), (101, 104), (99, 122), (18, 45), (8, 10), (97, 103), (15, 55), (127, 144), (27, 87), (50, 147), (2, 12), (14, 108), (109, 114), (53, 124), (35, 146), (115, 133)}
Згенероване вершинне покриття (C): [0, 1, 2, 3, 4, 5, 6, 7, 8, 9, 10, 11, 12, 13, 14, 15, 16, 17, 18, 19, 20, 21, 22, 23, 24, 25, 26, 27, 28, 29, 30, 31, 32, 33, 34, 35, 36, 37, 38, 39, 40, 41, 42, 43, 44, 45, 46, 47, 48, 49, 50, 51, 52, 53, 54, 55, 56, 57, 58, 59, 60, 61, 62, 63, 64, 65, 66, 67, 68, 69, 70, 71, 72, 73, 74, 75, 76, 77, 78, 79, 80, 81, 82, 83, 84, 85, 86, 87, 88, 89, 90, 91, 92, 93, 94, 95, 96, 97, 98, 99, 100, 101, 102, 103, 104, 105, 106, 107, 108, 109, 110, 111, 112, 113, 114, 115, 116, 117, 118, 119, 120, 121, 122, 123, 124, 125, 126, 127, 128, 129, 130, 131, 132, 133, 134, 135, 136, 137, 138, 139, 140, 141, 142, 143, 144, 145, 146, 147, 148, 149]

--- Генерація вершинного покриття (зі списку суміжності) ---
Знайдене максимальне парування (M): {(25, 145), (82, 87), (64, 75), (32, 40), (2, 30), (18, 84), (29, 35), (70, 131), (9, 60), (26, 106), (58, 74), (1, 116), (83, 101), (0, 130), (14, 86), (50, 140), (91, 147), (96, 137), (55, 99), (124, 144), (38, 68), (77, 102), (65, 146), (97, 120), (16, 129), (7, 80), (22, 62), (53, 71), (117, 141), (72, 133), (42, 105), (89, 134), (66, 93), (54, 67), (63, 88), (78, 119), (57, 108), (3, 12), (69, 79), (10, 51), (56, 143), (34, 149), (61, 139), (125, 142), (43, 127), (123, 126), (36, 94), (76, 148), (100, 109), (6, 13), (92, 111), (59, 114), (39, 135), (24, 31), (5, 118), (27, 112), (15, 95), (11, 110), (45, 136), (103, 107), (4, 138), (90, 122), (44, 128), (81, 113), (104, 115), (8, 19), (98, 132), (21, 47), (23, 41), (33, 85), (48, 73), (20, 121), (37, 52), (28, 49)}
Згенероване вершинне покриття (C): [0, 1, 2, 3, 4, 5, 6, 7, 8, 9, 10, 11, 12, 13, 14, 15, 16, 18, 19, 20, 21, 22, 23, 24, 25, 26, 27, 28, 29, 30, 31, 32, 33, 34, 35, 36, 37, 38, 39, 40, 41, 42, 43, 44, 45, 47, 48, 49, 50, 51, 52, 53, 54, 55, 56, 57, 58, 59, 60, 61, 62, 63, 64, 65, 66, 67, 68, 69, 70, 71, 72, 73, 74, 75, 76, 77, 78, 79, 80, 81, 82, 83, 84, 85, 86, 87, 88, 89, 90, 91, 92, 93, 94, 95, 96, 97, 98, 99, 100, 101, 102, 103, 104, 105, 106, 107, 108, 109, 110, 111, 112, 113, 114, 115, 116, 117, 118, 119, 120, 121, 122, 123, 124, 125, 126, 127, 128, 129, 130, 131, 132, 133, 134, 135, 136, 137, 138, 139, 140, 141, 142, 143, 144, 145, 146, 147, 148, 149]

--- Генерація вершинного покриття (зі списку суміжності) ---
Знайдене максимальне парування (M): {(9, 39), (57, 88), (19, 43), (96, 104), (13, 97), (23, 129), (0, 109), (72, 146), (27, 132), (71, 108), (12, 22), (28, 137), (61, 82), (31, 44), (126, 144), (65, 79), (26, 60), (64, 111), (42, 81), (112, 127), (62, 123), (24, 142), (63, 67), (58, 107), (20, 68), (55, 59), (50, 106), (78, 125), (17, 54), (8, 103), (92, 118), (29, 83), (69, 131), (18, 40), (119, 147), (15, 41), (74, 136), (10, 130), (30, 139), (80, 94), (140, 145), (32, 133), (84, 116), (46, 135), (37, 52), (36, 115), (25, 143), (117, 134), (89, 121), (45, 66), (35, 95), (73, 85), (3, 11), (2, 98), (1, 102), (4, 16), (87, 148), (5, 124), (53, 76), (33, 49), (101, 113), (141, 149), (77, 91), (21, 99), (38, 48), (70, 138), (6, 110), (75, 128), (86, 100), (114, 122), (47, 93), (7, 51), (34, 105), (56, 120)}
Згенероване вершинне покриття (C): [0, 1, 2, 3, 4, 5, 6, 7, 8, 9, 10, 11, 12, 13, 15, 16, 17, 18, 19, 20, 21, 22, 23, 24, 25, 26, 27, 28, 29, 30, 31, 32, 33, 34, 35, 36, 37, 38, 39, 40, 41, 42, 43, 44, 45, 46, 47, 48, 49, 50, 51, 52, 53, 54, 55, 56, 57, 58, 59, 60, 61, 62, 63, 64, 65, 66, 67, 68, 69, 70, 71, 72, 73, 74, 75, 76, 77, 78, 79, 80, 81, 82, 83, 84, 85, 86, 87, 88, 89, 91, 92, 93, 94, 95, 96, 97, 98, 99, 100, 101, 102, 103, 104, 105, 106, 107, 108, 109, 110, 111, 112, 113, 114, 115, 116, 117, 118, 119, 120, 121, 122, 123, 124, 125, 126, 127, 128, 129, 130, 131, 132, 133, 134, 135, 136, 137, 138, 139, 140, 141, 142, 143, 144, 145, 146, 147, 148, 149]

--- Генерація вершинного покриття (зі списку суміжності) ---
Знайдене максимальне парування (M): {(56, 117), (46, 94), (3, 123), (109, 135), (69, 129), (24, 42), (87, 138), (22, 133), (13, 100), (50, 134), (99, 118), (82, 108), (84, 105), (143, 145), (36, 74), (31, 44), (59, 88), (76, 128), (38, 53), (8, 146), (68, 136), (10, 85), (80, 110), (45, 122), (6, 75), (63, 70), (58, 116), (51, 55), (73, 144), (86, 141), (124, 131), (29, 92), (20, 83), (43, 54), (1, 106), (40, 95), (21, 33), (71, 104), (5, 18), (17, 139), (4, 32), (0, 19), (47, 103), (140, 142), (101, 126), (72, 120), (30, 35), (111, 115), (64, 125), (39, 132), (23, 60), (34, 121), (16, 149), (12, 130), (14, 127), (97, 137), (114, 147), (37, 65), (62, 91), (9, 113), (90, 107), (89, 148), (25, 57), (15, 52), (81, 119), (28, 77), (7, 112), (2, 67), (48, 61), (49, 66), (78, 102), (11, 79), (27, 93), (96, 98)}
Згенероване вершинне покриття (C): [0, 1, 2, 3, 4, 5, 6, 7, 8, 9, 10, 11, 12, 13, 14, 15, 16, 17, 18, 19, 20, 21, 22, 23, 24, 25, 27, 28, 29, 30, 31, 32, 33, 34, 35, 36, 37, 38, 39, 40, 42, 43, 44, 45, 46, 47, 48, 49, 50, 51, 52, 53, 54, 55, 56, 57, 58, 59, 60, 61, 62, 63, 64, 65, 66, 67, 68, 69, 70, 71, 72, 73, 74, 75, 76, 77, 78, 79, 80, 81, 82, 83, 84, 85, 86, 87, 88, 89, 90, 91, 92, 93, 94, 95, 96, 97, 98, 99, 100, 101, 102, 103, 104, 105, 106, 107, 108, 109, 110, 111, 112, 113, 114, 115, 116, 117, 118, 119, 120, 121, 122, 123, 124, 125, 126, 127, 128, 129, 130, 131, 132, 133, 134, 135, 136, 137, 138, 139, 140, 141, 142, 143, 144, 145, 146, 147, 148, 149]

--- Генерація вершинного покриття (зі списку суміжності) ---
Знайдене максимальне парування (M): {(2, 149), (111, 132), (0, 109), (79, 100), (14, 16), (55, 142), (74, 125), (61, 137), (3, 147), (9, 11), (4, 33), (99, 139), (1, 12), (40, 117), (130, 145), (13, 23), (56, 58), (7, 65), (26, 78), (102, 107), (44, 148), (122, 146), (51, 95), (18, 138), (15, 82), (59, 127), (10, 45), (24, 32), (29, 86), (64, 83), (21, 30), (70, 75), (98, 115), (96, 121), (89, 91), (28, 72), (19, 69), (105, 136), (62, 104), (112, 120), (84, 110), (73, 116), (81, 129), (113, 131), (43, 87), (27, 42), (46, 80), (36, 48), (66, 92), (34, 63), (103, 135), (53, 134), (17, 108), (119, 128), (5, 118), (47, 60), (49, 88), (37, 126), (20, 143), (22, 140), (52, 123), (6, 101), (57, 85), (76, 114), (93, 133), (31, 97), (50, 141), (38, 106), (41, 71), (94, 144), (25, 124), (8, 77), (35, 67), (54, 68)}
Згенероване вершинне покриття (C): [0, 1, 2, 3, 4, 5, 6, 7, 8, 9, 10, 11, 12, 13, 14, 15, 16, 17, 18, 19, 20, 21, 22, 23, 24, 25, 26, 27, 28, 29, 30, 31, 32, 33, 34, 35, 36, 37, 38, 40, 41, 42, 43, 44, 45, 46, 47, 48, 49, 50, 51, 52, 53, 54, 55, 56, 57, 58, 59, 60, 61, 62, 63, 64, 65, 66, 67, 68, 69, 70, 71, 72, 73, 74, 75, 76, 77, 78, 79, 80, 81, 82, 83, 84, 85, 86, 87, 88, 89, 91, 92, 93, 94, 95, 96, 97, 98, 99, 100, 101, 102, 103, 104, 105, 106, 107, 108, 109, 110, 111, 112, 113, 114, 115, 116, 117, 118, 119, 120, 121, 122, 123, 124, 125, 126, 127, 128, 129, 130, 131, 132, 133, 134, 135, 136, 137, 138, 139, 140, 141, 142, 143, 144, 145, 146, 147, 148, 149]

--- Генерація вершинного покриття (зі списку суміжності) ---
Знайдене максимальне парування (M): {(65, 98), (62, 72), (24, 94), (4, 128), (34, 129), (119, 145), (79, 103), (3, 10), (17, 131), (86, 99), (83, 85), (6, 118), (40, 53), (31, 56), (26, 69), (49, 77), (21, 73), (80, 116), (136, 148), (59, 127), (41, 109), (51, 55), (14, 64), (11, 50), (68, 82), (43, 54), (107, 124), (42, 123), (100, 140), (112, 126), (15, 120), (25, 122), (8, 142), (9, 147), (2, 135), (28, 93), (12, 48), (46, 76), (35, 144), (29, 67), (33, 92), (38, 137), (117, 134), (20, 125), (88, 95), (23, 130), (5, 57), (91, 121), (39, 89), (30, 114), (66, 113), (47, 75), (37, 74), (7, 97), (44, 61), (22, 149), (63, 108), (52, 132), (27, 139), (45, 90), (60, 84), (58, 81), (36, 96), (19, 138), (1, 13), (87, 105), (106, 115), (32, 71), (0, 18), (70, 104), (78, 111), (101, 143), (16, 133)}
Згенероване вершинне покриття (C): [0, 1, 2, 3, 4, 5, 6, 7, 8, 9, 10, 11, 12, 13, 14, 15, 16, 17, 18, 19, 20, 21, 22, 23, 24, 25, 26, 27, 28, 29, 30, 31, 32, 33, 34, 35, 36, 37, 38, 39, 40, 41, 42, 43, 44, 45, 46, 47, 48, 49, 50, 51, 52, 53, 54, 55, 56, 57, 58, 59, 60, 61, 62, 63, 64, 65, 66, 67, 68, 69, 70, 71, 72, 73, 74, 75, 76, 77, 78, 79, 80, 81, 82, 83, 84, 85, 86, 87, 88, 89, 90, 91, 92, 93, 94, 95, 96, 97, 98, 99, 100, 101, 103, 104, 105, 106, 107, 108, 109, 111, 112, 113, 114, 115, 116, 117, 118, 119, 120, 121, 122, 123, 124, 125, 126, 127, 128, 129, 130, 131, 132, 133, 134, 135, 136, 137, 138, 139, 140, 142, 143, 144, 145, 147, 148, 149]

--- Генерація вершинного покриття (зі списку суміжності) ---
Знайдене максимальне парування (M): {(11, 42), (13, 94), (45, 126), (35, 97), (30, 110), (54, 77), (39, 149), (38, 93), (23, 138), (9, 118), (20, 84), (18, 99), (10, 61), (98, 116), (33, 115), (21, 89), (51, 71), (57, 60), (7, 120), (36, 40), (41, 143), (14, 43), (34, 46), (4, 103), (31, 123), (32, 88), (28, 112), (114, 148), (109, 131), (69, 125), (50, 63), (90, 105), (26, 96), (3, 6), (22, 74), (82, 95), (47, 134), (144, 146), (48, 53), (85, 136), (65, 66), (81, 117), (1, 127), (130, 135), (55, 101), (17, 87), (27, 91), (44, 80), (86, 107), (19, 145), (79, 132), (108, 147), (62, 64), (72, 129), (106, 128), (78, 124), (58, 121), (8, 56), (75, 122), (100, 139), (0, 49), (76, 111), (67, 142), (92, 141), (15, 52), (24, 119), (5, 29), (25, 133), (2, 12), (37, 73), (59, 104), (68, 140), (70, 113)}
Згенероване вершинне покриття (C): [0, 1, 2, 3, 4, 5, 6, 7, 8, 9, 10, 11, 12, 13, 14, 15, 17, 18, 19, 20, 21, 22, 23, 24, 25, 26, 27, 28, 29, 30, 31, 32, 33, 34, 35, 36, 37, 38, 39, 40, 41, 42, 43, 44, 45, 46, 47, 48, 49, 50, 51, 52, 53, 54, 55, 56, 57, 58, 59, 60, 61, 62, 63, 64, 65, 66, 67, 68, 69, 70, 71, 72, 73, 74, 75, 76, 77, 78, 79, 80, 81, 82, 84, 85, 86, 87, 88, 89, 90, 91, 92, 93, 94, 95, 96, 97, 98, 99, 100, 101, 103, 104, 105, 106, 107, 108, 109, 110, 111, 112, 113, 114, 115, 116, 117, 118, 119, 120, 121, 122, 123, 124, 125, 126, 127, 128, 129, 130, 131, 132, 133, 134, 135, 136, 138, 139, 140, 141, 142, 143, 144, 145, 146, 147, 148, 149]

--- Генерація вершинного покриття (зі списку суміжності) ---
Знайдене максимальне парування (M): {(56, 62), (57, 88), (39, 140), (26, 27), (55, 136), (117, 148), (81, 100), (41, 61), (102, 138), (29, 32), (105, 128), (12, 28), (60, 77), (34, 147), (44, 66), (51, 132), (87, 101), (37, 91), (122, 134), (46, 133), (84, 129), (59, 103), (109, 125), (1, 143), (16, 22), (13, 35), (11, 47), (20, 74), (42, 108), (38, 89), (78, 131), (8, 48), (111, 137), (82, 104), (107, 121), (36, 76), (31, 95), (80, 146), (5, 79), (21, 45), (10, 130), (50, 96), (40, 119), (64, 70), (53, 67), (72, 141), (69, 124), (14, 127), (17, 114), (92, 126), (7, 33), (4, 135), (2, 52), (54, 90), (65, 120), (0, 58), (23, 145), (19, 71), (110, 149), (43, 68), (9, 15), (86, 106), (3, 93), (30, 83), (85, 144), (6, 116), (94, 98), (63, 123), (24, 73), (97, 112), (25, 75), (18, 115), (49, 139), (113, 142)}
Згенероване вершинне покриття (C): [0, 1, 2, 3, 4, 5, 6, 7, 8, 9, 10, 11, 12, 13, 14, 15, 16, 17, 18, 19, 20, 21, 22, 23, 24, 25, 26, 27, 28, 29, 30, 31, 32, 33, 34, 35, 36, 37, 38, 39, 40, 41, 42, 43, 44, 45, 46, 47, 48, 49, 50, 51, 52, 53, 54, 55, 56, 57, 58, 59, 60, 61, 62, 63, 64, 65, 66, 67, 68, 69, 70, 71, 72, 73, 74, 75, 76, 77, 78, 79, 80, 81, 82, 83, 84, 85, 86, 87, 88, 89, 90, 91, 92, 93, 94, 95, 96, 97, 98, 100, 101, 102, 103, 104, 105, 106, 107, 108, 109, 110, 111, 112, 113, 114, 115, 116, 117, 119, 120, 121, 122, 123, 124, 125, 126, 127, 128, 129, 130, 131, 132, 133, 134, 135, 136, 137, 138, 139, 140, 141, 142, 143, 144, 145, 146, 147, 148, 149]

--- Генерація вершинного покриття (зі списку суміжності) ---
Знайдене максимальне парування (M): {(114, 143), (63, 138), (2, 42), (18, 84), (14, 65), (37, 128), (43, 113), (86, 148), (51, 59), (23, 89), (39, 103), (10, 119), (1, 116), (81, 115), (101, 124), (46, 121), (52, 82), (0, 72), (71, 117), (4, 36), (20, 105), (92, 97), (60, 104), (53, 132), (12, 122), (21, 70), (11, 96), (19, 118), (48, 93), (13, 47), (29, 31), (55, 74), (80, 137), (16, 49), (111, 146), (17, 139), (5, 76), (34, 88), (127, 133), (41, 78), (90, 123), (68, 126), (83, 145), (99, 141), (75, 144), (45, 100), (40, 125), (109, 112), (15, 135), (25, 85), (62, 67), (8, 108), (38, 149), (22, 134), (6, 28), (24, 98), (30, 120), (7, 33), (94, 129), (66, 107), (79, 110), (61, 77), (57, 58), (69, 142), (44, 64), (3, 87), (9, 140), (54, 56), (35, 131), (50, 95), (26, 73), (32, 147), (27, 102), (106, 130)}
Згенероване вершинне покриття (C): [0, 1, 2, 3, 4, 5, 6, 7, 8, 9, 10, 11, 12, 13, 14, 15, 16, 17, 18, 19, 20, 21, 22, 23, 24, 25, 26, 27, 28, 29, 30, 31, 32, 33, 34, 35, 36, 37, 38, 39, 40, 41, 42, 43, 44, 45, 46, 47, 48, 49, 50, 51, 52, 53, 54, 55, 56, 57, 58, 59, 60, 61, 62, 63, 64, 65, 66, 67, 68, 69, 70, 71, 72, 73, 74, 75, 76, 77, 78, 79, 80, 81, 82, 83, 84, 85, 86, 87, 88, 89, 90, 92, 93, 94, 95, 96, 97, 98, 99, 100, 101, 102, 103, 104, 105, 106, 107, 108, 109, 110, 111, 112, 113, 114, 115, 116, 117, 118, 119, 120, 121, 122, 123, 124, 125, 126, 127, 128, 129, 130, 131, 132, 133, 134, 135, 137, 138, 139, 140, 141, 142, 143, 144, 145, 146, 147, 148, 149]

--- Генерація вершинного покриття (зі списку суміжності) ---
Знайдене максимальне парування (M): {(15, 21), (63, 74), (71, 81), (85, 110), (60, 102), (18, 145), (20, 136), (55, 69), (47, 132), (125, 128), (9, 121), (5, 7), (76, 119), (87, 147), (32, 122), (31, 96), (39, 45), (51, 77), (56, 101), (13, 75), (61, 91), (62, 117), (79, 148), (97, 118), (1, 36), (26, 99), (40, 92), (0, 114), (78, 82), (58, 134), (57, 111), (46, 59), (14, 149), (2, 68), (23, 42), (12, 106), (27, 88), (64, 107), (22, 104), (98, 139), (19, 90), (24, 80), (6, 65), (131, 142), (112, 135), (16, 137), (17, 38), (4, 105), (103, 141), (73, 143), (50, 53), (25, 94), (124, 127), (86, 140), (83, 123), (66, 113), (3, 72), (44, 52), (41, 129), (126, 130), (35, 116), (8, 10), (34, 93), (95, 109), (138, 144), (11, 70), (84, 115), (100, 108), (33, 146), (48, 67), (30, 37), (49, 133), (28, 43), (89, 120)}
Згенероване вершинне покриття (C): [0, 1, 2, 3, 4, 5, 6, 7, 8, 9, 10, 11, 12, 13, 14, 15, 16, 17, 18, 19, 20, 21, 22, 23, 24, 25, 26, 27, 28, 30, 31, 32, 33, 34, 35, 36, 37, 38, 39, 40, 41, 42, 43, 44, 45, 46, 47, 48, 49, 50, 51, 52, 53, 55, 56, 57, 58, 59, 60, 61, 62, 63, 64, 65, 66, 67, 68, 69, 70, 71, 72, 73, 74, 75, 76, 77, 78, 79, 80, 81, 82, 83, 84, 85, 86, 87, 88, 89, 90, 91, 92, 93, 94, 95, 96, 97, 98, 99, 100, 101, 102, 103, 104, 105, 106, 107, 108, 109, 110, 111, 112, 113, 114, 115, 116, 117, 118, 119, 120, 121, 122, 123, 124, 125, 126, 127, 128, 129, 130, 131, 132, 133, 134, 135, 136, 137, 138, 139, 140, 141, 142, 143, 144, 145, 146, 147, 148, 149]

--- Генерація вершинного покриття (зі списку суміжності) ---
Знайдене максимальне парування (M): {(21, 65), (48, 140), (22, 66), (4, 58), (71, 90), (26, 94), (116, 122), (84, 87), (15, 97), (99, 115), (61, 67), (93, 132), (37, 79), (23, 147), (69, 86), (57, 63), (107, 134), (49, 120), (0, 78), (35, 75), (40, 59), (56, 113), (96, 149), (88, 145), (70, 118), (10, 103), (1, 39), (20, 135), (73, 138), (62, 83), (74, 109), (3, 125), (33, 114), (126, 131), (68, 105), (108, 129), (60, 76), (55, 98), (2, 7), (11, 27), (12, 45), (81, 123), (9, 92), (77, 110), (29, 128), (46, 89), (82, 85), (6, 19), (41, 47), (13, 95), (32, 44), (53, 143), (111, 136), (117, 137), (34, 139), (64, 146), (24, 104), (14, 133), (43, 50), (36, 72), (5, 127), (25, 54), (18, 100), (51, 130), (102, 142), (17, 144), (8, 16), (91, 148), (52, 80), (28, 141), (38, 121), (31, 42), (106, 112), (119, 124), (30, 101)}
Згенероване вершинне покриття (C): [0, 1, 2, 3, 4, 5, 6, 7, 8, 9, 10, 11, 12, 13, 14, 15, 16, 17, 18, 19, 20, 21, 22, 23, 24, 25, 26, 27, 28, 29, 30, 31, 32, 33, 34, 35, 36, 37, 38, 39, 40, 41, 42, 43, 44, 45, 46, 47, 48, 49, 50, 51, 52, 53, 54, 55, 56, 57, 58, 59, 60, 61, 62, 63, 64, 65, 66, 67, 68, 69, 70, 71, 72, 73, 74, 75, 76, 77, 78, 79, 80, 81, 82, 83, 84, 85, 86, 87, 88, 89, 90, 91, 92, 93, 94, 95, 96, 97, 98, 99, 100, 101, 102, 103, 104, 105, 106, 107, 108, 109, 110, 111, 112, 113, 114, 115, 116, 117, 118, 119, 120, 121, 122, 123, 124, 125, 126, 127, 128, 129, 130, 131, 132, 133, 134, 135, 136, 137, 138, 139, 140, 141, 142, 143, 144, 145, 146, 147, 148, 149]

--- Генерація вершинного покриття (зі списку суміжності) ---
Знайдене максимальне парування (M): {(7, 139), (34, 117), (10, 101), (19, 49), (28, 110), (67, 126), (82, 90), (1, 40), (92, 134), (86, 93), (22, 148), (8, 64), (11, 115), (25, 59), (48, 109), (94, 131), (85, 128), (27, 138), (56, 95), (99, 130), (32, 70), (76, 137), (0, 142), (24, 75), (14, 43), (66, 87), (97, 120), (44, 145), (89, 116), (39, 136), (53, 60), (4, 57), (47, 52), (84, 135), (3, 122), (20, 112), (6, 26), (102, 125), (105, 121), (9, 123), (74, 124), (33, 114), (100, 140), (77, 80), (96, 127), (16, 46), (63, 106), (15, 50), (42, 88), (55, 98), (41, 133), (62, 107), (12, 36), (65, 69), (38, 58), (31, 113), (103, 132), (5, 45), (54, 149), (21, 78), (72, 144), (18, 91), (108, 119), (61, 71), (17, 129), (37, 147), (51, 81), (30, 141), (29, 118), (35, 73), (23, 111), (68, 143), (2, 146), (13, 79), (83, 104)}
Згенероване вершинне покриття (C): [0, 1, 2, 3, 4, 5, 6, 7, 8, 9, 10, 11, 12, 13, 14, 15, 16, 17, 18, 19, 20, 21, 22, 23, 24, 25, 26, 27, 28, 29, 30, 31, 32, 33, 34, 35, 36, 37, 38, 39, 40, 41, 42, 43, 44, 45, 46, 47, 48, 49, 50, 51, 52, 53, 54, 55, 56, 57, 58, 59, 60, 61, 62, 63, 64, 65, 66, 67, 68, 69, 70, 71, 72, 73, 74, 75, 76, 77, 78, 79, 80, 81, 82, 83, 84, 85, 86, 87, 88, 89, 90, 91, 92, 93, 94, 95, 96, 97, 98, 99, 100, 101, 102, 103, 104, 105, 106, 107, 108, 109, 110, 111, 112, 113, 114, 115, 116, 117, 118, 119, 120, 121, 122, 123, 124, 125, 126, 127, 128, 129, 130, 131, 132, 133, 134, 135, 136, 137, 138, 139, 140, 141, 142, 143, 144, 145, 146, 147, 148, 149]

--- Генерація вершинного покриття (зі списку суміжності) ---
Знайдене максимальне парування (M): {(71, 84), (146, 148), (95, 133), (41, 110), (56, 129), (0, 106), (1, 92), (52, 107), (66, 109), (116, 119), (26, 42), (81, 103), (23, 80), (30, 64), (21, 89), (126, 132), (36, 144), (99, 121), (55, 96), (24, 127), (62, 111), (34, 40), (10, 131), (114, 124), (98, 128), (68, 136), (18, 53), (2, 139), (8, 88), (39, 48), (22, 38), (102, 104), (44, 90), (115, 141), (75, 108), (28, 63), (31, 138), (58, 134), (3, 70), (33, 59), (46, 137), (12, 143), (47, 91), (11, 65), (7, 113), (94, 142), (79, 123), (4, 50), (78, 112), (14, 54), (86, 125), (6, 77), (9, 37), (32, 145), (51, 100), (29, 140), (20, 76), (61, 120), (74, 117), (69, 130), (27, 60), (16, 45), (97, 149), (15, 43), (83, 135), (5, 17), (35, 122), (87, 93), (19, 25), (73, 118), (67, 105), (57, 82), (49, 72), (13, 85)}
Згенероване вершинне покриття (C): [0, 1, 2, 3, 4, 5, 6, 7, 8, 9, 10, 11, 12, 13, 14, 15, 16, 17, 18, 19, 20, 21, 22, 23, 24, 25, 26, 27, 28, 29, 30, 31, 32, 33, 34, 35, 36, 37, 38, 39, 40, 41, 42, 43, 44, 45, 46, 47, 48, 49, 50, 51, 52, 53, 54, 55, 56, 57, 58, 59, 60, 61, 62, 63, 64, 65, 66, 67, 68, 69, 70, 71, 72, 73, 74, 75, 76, 77, 78, 79, 80, 81, 82, 83, 84, 85, 86, 87, 88, 89, 90, 91, 92, 93, 94, 95, 96, 97, 98, 99, 100, 102, 103, 104, 105, 106, 107, 108, 109, 110, 111, 112, 113, 114, 115, 116, 117, 118, 119, 120, 121, 122, 123, 124, 125, 126, 127, 128, 129, 130, 131, 132, 133, 134, 135, 136, 137, 138, 139, 140, 141, 142, 143, 144, 145, 146, 148, 149]

--- Генерація вершинного покриття (зі списку суміжності) ---
Знайдене максимальне парування (M): {(17, 107), (3, 120), (6, 76), (70, 116), (97, 136), (64, 81), (0, 57), (4, 134), (7, 96), (22, 26), (39, 106), (33, 124), (28, 146), (44, 130), (15, 60), (48, 66), (34, 49), (85, 88), (16, 135), (12, 110), (65, 149), (100, 119), (20, 71), (29, 138), (9, 105), (86, 141), (8, 112), (5, 125), (108, 114), (82, 101), (58, 73), (42, 117), (14, 137), (84, 92), (52, 63), (55, 74), (10, 121), (18, 43), (94, 139), (19, 23), (25, 128), (68, 132), (41, 87), (30, 32), (35, 129), (103, 123), (50, 93), (2, 83), (24, 89), (102, 109), (11, 95), (113, 143), (115, 140), (47, 118), (27, 54), (77, 131), (72, 80), (62, 67), (59, 126), (142, 145), (56, 78), (98, 111), (69, 133), (37, 46), (31, 91), (36, 148), (21, 38), (90, 122), (51, 75), (61, 147), (79, 99), (104, 127), (1, 144), (45, 53)}
Згенероване вершинне покриття (C): [0, 1, 2, 3, 4, 5, 6, 7, 8, 9, 10, 11, 12, 14, 15, 16, 17, 18, 19, 20, 21, 22, 23, 24, 25, 26, 27, 28, 29, 30, 31, 32, 33, 34, 35, 36, 37, 38, 39, 41, 42, 43, 44, 45, 46, 47, 48, 49, 50, 51, 52, 53, 54, 55, 56, 57, 58, 59, 60, 61, 62, 63, 64, 65, 66, 67, 68, 69, 70, 71, 72, 73, 74, 75, 76, 77, 78, 79, 80, 81, 82, 83, 84, 85, 86, 87, 88, 89, 90, 91, 92, 93, 94, 95, 96, 97, 98, 99, 100, 101, 102, 103, 104, 105, 106, 107, 108, 109, 110, 111, 112, 113, 114, 115, 116, 117, 118, 119, 120, 121, 122, 123, 124, 125, 126, 127, 128, 129, 130, 131, 132, 133, 134, 135, 136, 137, 138, 139, 140, 141, 142, 143, 144, 145, 146, 147, 148, 149]

--- Генерація вершинного покриття (зі списку суміжності) ---
Знайдене максимальне парування (M): {(117, 130), (1, 28), (40, 133), (18, 72), (12, 68), (73, 84), (53, 78), (22, 75), (102, 138), (5, 132), (14, 83), (27, 80), (39, 112), (43, 64), (35, 66), (3, 31), (51, 86), (60, 147), (41, 79), (56, 98), (19, 65), (87, 116), (4, 42), (6, 69), (20, 62), (32, 33), (48, 148), (11, 146), (93, 119), (17, 57), (67, 134), (94, 124), (58, 70), (10, 109), (7, 25), (52, 118), (21, 149), (76, 115), (104, 110), (15, 111), (47, 91), (2, 123), (129, 136), (88, 126), (49, 61), (9, 13), (77, 107), (34, 45), (16, 137), (59, 105), (8, 99), (120, 121), (37, 108), (114, 135), (46, 131), (139, 140), (24, 144), (95, 143), (23, 145), (63, 96), (97, 100), (30, 71), (89, 90), (38, 54), (44, 128), (29, 103), (127, 141), (101, 125), (81, 122), (26, 82), (55, 106), (0, 85), (74, 92), (113, 142), (36, 50)}
Згенероване вершинне покриття (C): [0, 1, 2, 3, 4, 5, 6, 7, 8, 9, 10, 11, 12, 13, 14, 15, 16, 17, 18, 19, 20, 21, 22, 23, 24, 25, 26, 27, 28, 29, 30, 31, 32, 33, 34, 35, 36, 37, 38, 39, 40, 41, 42, 43, 44, 45, 46, 47, 48, 49, 50, 51, 52, 53, 54, 55, 56, 57, 58, 59, 60, 61, 62, 63, 64, 65, 66, 67, 68, 69, 70, 71, 72, 73, 74, 75, 76, 77, 78, 79, 80, 81, 82, 83, 84, 85, 86, 87, 88, 89, 90, 91, 92, 93, 94, 95, 96, 97, 98, 99, 100, 101, 102, 103, 104, 105, 106, 107, 108, 109, 110, 111, 112, 113, 114, 115, 116, 117, 118, 119, 120, 121, 122, 123, 124, 125, 126, 127, 128, 129, 130, 131, 132, 133, 134, 135, 136, 137, 138, 139, 140, 141, 142, 143, 144, 145, 146, 147, 148, 149]

--- Генерація вершинного покриття (зі списку суміжності) ---
Знайдене максимальне парування (M): {(123, 146), (54, 126), (15, 140), (41, 104), (84, 139), (60, 114), (17, 119), (95, 145), (4, 131), (14, 74), (29, 32), (36, 141), (78, 89), (35, 118), (6, 100), (31, 99), (135, 147), (57, 127), (25, 65), (51, 86), (28, 149), (132, 133), (112, 130), (0, 136), (67, 113), (24, 142), (40, 80), (64, 71), (33, 96), (75, 105), (18, 138), (42, 56), (93, 122), (23, 70), (61, 66), (11, 59), (81, 102), (58, 85), (12, 91), (115, 116), (9, 144), (5, 94), (77, 110), (45, 109), (82, 128), (76, 87), (16, 79), (37, 53), (46, 92), (52, 108), (20, 73), (2, 101), (44, 49), (97, 143), (47, 72), (3, 69), (88, 107), (98, 111), (7, 124), (8, 129), (43, 68), (22, 39), (50, 83), (34, 38), (27, 148), (1, 13), (55, 103), (48, 125), (10, 19), (62, 63), (90, 137), (117, 121), (21, 120)}
Згенероване вершинне покриття (C): [0, 1, 2, 3, 4, 5, 6, 7, 8, 9, 10, 11, 12, 13, 14, 15, 16, 17, 18, 19, 20, 21, 22, 23, 24, 25, 27, 28, 29, 31, 32, 33, 34, 35, 36, 37, 38, 39, 40, 41, 42, 43, 44, 45, 46, 47, 48, 49, 50, 51, 52, 53, 54, 55, 56, 57, 58, 59, 60, 61, 62, 63, 64, 65, 66, 67, 68, 69, 70, 71, 72, 73, 74, 75, 76, 77, 78, 79, 80, 81, 82, 83, 84, 85, 86, 87, 88, 89, 90, 91, 92, 93, 94, 95, 96, 97, 98, 99, 100, 101, 102, 103, 104, 105, 107, 108, 109, 110, 111, 112, 113, 114, 115, 116, 117, 118, 119, 120, 121, 122, 123, 124, 125, 126, 127, 128, 129, 130, 131, 132, 133, 135, 136, 137, 138, 139, 140, 141, 142, 143, 144, 145, 146, 147, 148, 149]

--- Генерація вершинного покриття (зі списку суміжності) ---
Знайдене максимальне парування (M): {(12, 117), (21, 74), (33, 39), (48, 149), (42, 118), (124, 129), (30, 61), (51, 120), (14, 144), (70, 85), (2, 115), (19, 76), (55, 105), (140, 143), (66, 72), (90, 133), (81, 136), (83, 98), (24, 145), (77, 126), (40, 80), (128, 141), (5, 116), (6, 67), (35, 44), (52, 112), (57, 102), (16, 43), (3, 146), (53, 95), (32, 60), (73, 104), (71, 139), (29, 113), (28, 87), (4, 93), (41, 142), (82, 125), (49, 58), (20, 110), (26, 135), (0, 31), (45, 63), (64, 131), (23, 127), (13, 25), (8, 47), (9, 46), (15, 92), (91, 121), (37, 65), (50, 123), (17, 62), (96, 114), (109, 148), (7, 88), (36, 69), (84, 97), (134, 147), (27, 78), (79, 122), (22, 94), (103, 119), (34, 99), (107, 138), (38, 54), (1, 132), (59, 101), (100, 108), (68, 137), (89, 111), (10, 86), (18, 75), (106, 130)}
Згенероване вершинне покриття (C): [0, 1, 2, 3, 4, 5, 6, 7, 8, 9, 10, 12, 13, 14, 15, 16, 17, 18, 19, 20, 21, 22, 23, 24, 25, 26, 27, 28, 29, 30, 31, 32, 33, 34, 35, 36, 37, 38, 39, 40, 41, 42, 43, 44, 45, 46, 47, 48, 49, 50, 51, 52, 53, 54, 55, 57, 58, 59, 60, 61, 62, 63, 64, 65, 66, 67, 68, 69, 70, 71, 72, 73, 74, 75, 76, 77, 78, 79, 80, 81, 82, 83, 84, 85, 86, 87, 88, 89, 90, 91, 92, 93, 94, 95, 96, 97, 98, 99, 100, 101, 102, 103, 104, 105, 106, 107, 108, 109, 110, 111, 112, 113, 114, 115, 116, 117, 118, 119, 120, 121, 122, 123, 124, 125, 126, 127, 128, 129, 130, 131, 132, 133, 134, 135, 136, 137, 138, 139, 140, 141, 142, 143, 144, 145, 146, 147, 148, 149]

--- Генерація вершинного покриття (зі списку суміжності) ---
Знайдене максимальне парування (M): {(128, 136), (49, 81), (82, 148), (89, 129), (36, 120), (30, 113), (71, 96), (28, 119), (5, 65), (79, 109), (9, 130), (46, 115), (102, 135), (18, 111), (74, 86), (108, 139), (2, 124), (101, 121), (23, 104), (33, 78), (76, 137), (19, 85), (38, 62), (17, 97), (75, 90), (1, 3), (63, 122), (25, 83), (35, 142), (6, 69), (99, 145), (27, 58), (13, 32), (70, 127), (22, 77), (84, 147), (53, 144), (14, 15), (39, 93), (52, 66), (44, 123), (12, 24), (43, 60), (116, 133), (7, 107), (0, 4), (11, 132), (91, 146), (21, 100), (67, 149), (103, 126), (34, 106), (47, 143), (48, 68), (31, 55), (56, 112), (61, 105), (8, 41), (37, 59), (110, 134), (73, 88), (45, 87), (29, 42), (98, 114), (10, 117), (92, 138), (50, 80), (40, 51), (64, 118), (16, 57), (140, 141), (20, 54), (94, 95), (72, 125), (26, 131)}
Згенероване вершинне покриття (C): [0, 1, 2, 3, 4, 5, 6, 7, 8, 9, 10, 11, 12, 13, 14, 15, 16, 17, 18, 19, 20, 21, 22, 23, 24, 25, 26, 27, 28, 29, 30, 31, 32, 33, 34, 35, 36, 37, 38, 39, 40, 41, 42, 43, 44, 45, 46, 47, 48, 49, 50, 51, 52, 53, 54, 55, 56, 57, 58, 59, 60, 61, 62, 63, 64, 65, 66, 67, 68, 69, 70, 71, 72, 73, 74, 75, 76, 77, 78, 79, 80, 81, 82, 83, 84, 85, 86, 87, 88, 89, 90, 91, 92, 93, 94, 95, 96, 97, 98, 99, 100, 101, 102, 103, 104, 105, 106, 107, 108, 109, 110, 111, 112, 113, 114, 115, 116, 117, 118, 119, 120, 121, 122, 123, 124, 125, 126, 127, 128, 129, 130, 131, 132, 133, 134, 135, 136, 137, 138, 139, 140, 141, 142, 143, 144, 145, 146, 147, 148, 149]

--- Генерація вершинного покриття (зі списку суміжності) ---
Знайдене максимальне парування (M): {(77, 118), (71, 136), (63, 74), (93, 102), (72, 137), (36, 129), (42, 54), (16, 148), (58, 62), (55, 139), (32, 52), (79, 106), (124, 141), (2, 57), (26, 48), (4, 88), (60, 86), (27, 144), (78, 95), (68, 127), (59, 91), (109, 113), (1, 12), (76, 82), (17, 97), (115, 132), (81, 133), (56, 61), (120, 125), (46, 96), (28, 51), (83, 112), (47, 64), (25, 37), (66, 105), (38, 98), (110, 147), (5, 134), (34, 85), (6, 44), (135, 143), (50, 75), (69, 146), (40, 49), (14, 149), (103, 117), (92, 145), (0, 10), (121, 126), (67, 100), (43, 84), (24, 80), (13, 19), (104, 128), (70, 111), (7, 15), (89, 130), (22, 73), (21, 142), (18, 94), (53, 140), (9, 119), (107, 114), (41, 123), (8, 65), (101, 116), (29, 45), (3, 90), (20, 39), (87, 108), (23, 99), (35, 131), (122, 138), (30, 31), (11, 33)}
Згенероване вершинне покриття (C): [0, 1, 2, 3, 4, 5, 6, 7, 8, 9, 10, 11, 12, 13, 14, 15, 16, 17, 18, 19, 20, 21, 22, 23, 24, 25, 26, 27, 28, 29, 30, 31, 32, 33, 34, 35, 36, 37, 38, 39, 40, 41, 42, 43, 44, 45, 46, 47, 48, 49, 50, 51, 52, 53, 54, 55, 56, 57, 58, 59, 60, 61, 62, 63, 64, 65, 66, 67, 68, 69, 70, 71, 72, 73, 74, 75, 76, 77, 78, 79, 80, 81, 82, 83, 84, 85, 86, 87, 88, 89, 90, 91, 92, 93, 94, 95, 96, 97, 98, 99, 100, 101, 102, 103, 104, 105, 106, 107, 108, 109, 110, 111, 112, 113, 114, 115, 116, 117, 118, 119, 120, 121, 122, 123, 124, 125, 126, 127, 128, 129, 130, 131, 132, 133, 134, 135, 136, 137, 138, 139, 140, 141, 142, 143, 144, 145, 146, 147, 148, 149]

--- Генерація вершинного покриття (зі списку суміжності) ---
Знайдене максимальне парування (M): {(63, 74), (92, 116), (120, 132), (22, 72), (4, 64), (73, 148), (43, 110), (82, 102), (57, 115), (77, 142), (90, 118), (70, 94), (40, 56), (97, 108), (25, 129), (91, 101), (13, 139), (79, 84), (87, 119), (71, 135), (35, 81), (1, 143), (49, 83), (52, 106), (62, 130), (61, 112), (133, 134), (12, 140), (33, 114), (8, 127), (17, 69), (80, 137), (5, 131), (41, 60), (44, 123), (47, 85), (65, 121), (23, 36), (7, 58), (19, 96), (9, 89), (48, 141), (2, 86), (15, 144), (3, 51), (50, 105), (32, 99), (16, 88), (113, 149), (14, 124), (26, 34), (38, 42), (24, 107), (75, 125), (55, 146), (29, 100), (98, 126), (10, 68), (0, 122), (18, 39), (78, 93), (30, 138), (27, 145), (31, 109), (46, 67), (59, 95), (28, 37), (21, 53), (45, 111), (104, 136), (54, 117), (6, 128), (76, 147), (20, 66)}
Згенероване вершинне покриття (C): [0, 1, 2, 3, 4, 5, 6, 7, 8, 9, 10, 12, 13, 14, 15, 16, 17, 18, 19, 20, 21, 22, 23, 24, 25, 26, 27, 28, 29, 30, 31, 32, 33, 34, 35, 36, 37, 38, 39, 40, 41, 42, 43, 44, 45, 46, 47, 48, 49, 50, 51, 52, 53, 54, 55, 56, 57, 58, 59, 60, 61, 62, 63, 64, 65, 66, 67, 68, 69, 70, 71, 72, 73, 74, 75, 76, 77, 78, 79, 80, 81, 82, 83, 84, 85, 86, 87, 88, 89, 90, 91, 92, 93, 94, 95, 96, 97, 98, 99, 100, 101, 102, 104, 105, 106, 107, 108, 109, 110, 111, 112, 113, 114, 115, 116, 117, 118, 119, 120, 121, 122, 123, 124, 125, 126, 127, 128, 129, 130, 131, 132, 133, 134, 135, 136, 137, 138, 139, 140, 141, 142, 143, 144, 145, 146, 147, 148, 149]

--- Генерація вершинного покриття (зі списку суміжності) ---
Знайдене максимальне парування (M): {(19, 104), (1, 92), (78, 129), (12, 126), (26, 149), (40, 136), (22, 75), (31, 84), (5, 117), (49, 99), (6, 88), (85, 122), (21, 138), (8, 58), (25, 50), (44, 118), (39, 103), (42, 127), (2, 142), (121, 148), (73, 132), (86, 123), (67, 119), (62, 135), (59, 63), (36, 61), (33, 102), (0, 47), (7, 141), (41, 54), (45, 131), (64, 74), (16, 95), (34, 82), (30, 48), (13, 105), (56, 146), (70, 72), (4, 81), (15, 111), (57, 114), (90, 120), (27, 79), (43, 130), (53, 110), (38, 55), (94, 145), (35, 71), (32, 139), (52, 87), (97, 107), (10, 100), (23, 112), (3, 109), (20, 125), (91, 115), (65, 96), (14, 124), (29, 143), (46, 98), (69, 133), (11, 128), (28, 144), (17, 83), (9, 134), (37, 89), (60, 93), (116, 147), (77, 106), (24, 137), (18, 66), (68, 76), (80, 108), (101, 140)}
Згенероване вершинне покриття (C): [0, 1, 2, 3, 4, 5, 6, 7, 8, 9, 10, 11, 12, 13, 14, 15, 16, 17, 18, 19, 20, 21, 22, 23, 24, 25, 26, 27, 28, 29, 30, 31, 32, 33, 34, 35, 36, 37, 38, 39, 40, 41, 42, 43, 44, 45, 46, 47, 48, 49, 50, 52, 53, 54, 55, 56, 57, 58, 59, 60, 61, 62, 63, 64, 65, 66, 67, 68, 69, 70, 71, 72, 73, 74, 75, 76, 77, 78, 79, 80, 81, 82, 83, 84, 85, 86, 87, 88, 89, 90, 91, 92, 93, 94, 95, 96, 97, 98, 99, 100, 101, 102, 103, 104, 105, 106, 107, 108, 109, 110, 111, 112, 114, 115, 116, 117, 118, 119, 120, 121, 122, 123, 124, 125, 126, 127, 128, 129, 130, 131, 132, 133, 134, 135, 136, 137, 138, 139, 140, 141, 142, 143, 144, 145, 146, 147, 148, 149]

--- Генерація вершинного покриття (зі списку суміжності) ---
Знайдене максимальне парування (M): {(48, 82), (63, 74), (38, 90), (45, 132), (27, 114), (110, 130), (2, 106), (64, 142), (85, 116), (55, 133), (5, 53), (12, 13), (75, 127), (28, 131), (81, 112), (44, 66), (17, 134), (58, 83), (47, 147), (78, 92), (89, 98), (4, 33), (61, 149), (41, 146), (37, 39), (26, 69), (119, 123), (73, 141), (111, 125), (7, 77), (21, 70), (52, 109), (95, 144), (14, 67), (57, 102), (120, 140), (6, 99), (68, 117), (54, 94), (36, 76), (32, 60), (31, 40), (138, 139), (51, 79), (0, 71), (105, 145), (1, 8), (118, 148), (9, 25), (35, 129), (20, 122), (97, 113), (16, 137), (15, 135), (3, 100), (80, 121), (29, 30), (84, 88), (18, 91), (50, 126), (24, 46), (103, 107), (19, 65), (87, 93), (10, 62), (104, 115), (34, 96), (22, 42), (56, 108), (101, 128), (11, 143), (86, 124), (49, 72), (23, 59)}
Згенероване вершинне покриття (C): [0, 1, 2, 3, 4, 5, 6, 7, 8, 9, 10, 11, 12, 13, 14, 15, 16, 17, 18, 19, 20, 21, 22, 23, 24, 25, 26, 27, 28, 29, 30, 31, 32, 33, 34, 35, 36, 37, 38, 39, 40, 41, 42, 44, 45, 46, 47, 48, 49, 50, 51, 52, 53, 54, 55, 56, 57, 58, 59, 60, 61, 62, 63, 64, 65, 66, 67, 68, 69, 70, 71, 72, 73, 74, 75, 76, 77, 78, 79, 80, 81, 82, 83, 84, 85, 86, 87, 88, 89, 90, 91, 92, 93, 94, 95, 96, 97, 98, 99, 100, 101, 102, 103, 104, 105, 106, 107, 108, 109, 110, 111, 112, 113, 114, 115, 116, 117, 118, 119, 120, 121, 122, 123, 124, 125, 126, 127, 128, 129, 130, 131, 132, 133, 134, 135, 137, 138, 139, 140, 141, 142, 143, 144, 145, 146, 147, 148, 149]

--- Генерація вершинного покриття (зі списку суміжності) ---
Знайдене максимальне парування (M): {(56, 65), (63, 68), (9, 42), (20, 133), (21, 135), (35, 100), (53, 142), (84, 96), (52, 125), (43, 144), (40, 44), (98, 122), (23, 25), (4, 24), (116, 137), (99, 127), (28, 146), (22, 93), (19, 82), (97, 102), (15, 112), (71, 117), (33, 139), (104, 123), (39, 57), (66, 85), (61, 91), (75, 148), (10, 149), (55, 120), (18, 124), (128, 138), (78, 119), (8, 45), (86, 132), (51, 110), (60, 113), (109, 131), (108, 111), (2, 76), (62, 147), (29, 31), (13, 105), (88, 114), (47, 79), (134, 145), (107, 130), (5, 30), (58, 103), (3, 106), (34, 54), (7, 67), (26, 74), (37, 50), (0, 89), (1, 83), (36, 121), (48, 92), (59, 126), (81, 101), (14, 136), (32, 129), (80, 87), (77, 94), (118, 141), (12, 41), (46, 73), (17, 95), (49, 69), (11, 143), (6, 70), (38, 72), (90, 140)}
Згенероване вершинне покриття (C): [0, 1, 2, 3, 4, 5, 6, 7, 8, 9, 10, 11, 12, 13, 14, 15, 17, 18, 19, 20, 21, 22, 23, 24, 25, 26, 28, 29, 30, 31, 32, 33, 34, 35, 36, 37, 38, 39, 40, 41, 42, 43, 44, 45, 46, 47, 48, 49, 50, 51, 52, 53, 54, 55, 56, 57, 58, 59, 60, 61, 62, 63, 65, 66, 67, 68, 69, 70, 71, 72, 73, 74, 75, 76, 77, 78, 79, 80, 81, 82, 83, 84, 85, 86, 87, 88, 89, 90, 91, 92, 93, 94, 95, 96, 97, 98, 99, 100, 101, 102, 103, 104, 105, 106, 107, 108, 109, 110, 111, 112, 113, 114, 116, 117, 118, 119, 120, 121, 122, 123, 124, 125, 126, 127, 128, 129, 130, 131, 132, 133, 134, 135, 136, 137, 138, 139, 140, 141, 142, 143, 144, 145, 146, 147, 148, 149]

--- Генерація вершинного покриття (зі списку суміжності) ---
Знайдене максимальне парування (M): {(68, 91), (79, 85), (21, 135), (115, 145), (9, 118), (54, 77), (56, 141), (64, 142), (25, 87), (51, 126), (78, 83), (2, 112), (105, 143), (24, 121), (5, 37), (0, 75), (93, 98), (29, 62), (13, 17), (100, 107), (106, 132), (88, 96), (72, 133), (49, 89), (86, 138), (3, 125), (73, 144), (42, 108), (33, 50), (65, 109), (92, 130), (8, 63), (67, 140), (57, 111), (76, 124), (35, 53), (52, 69), (129, 136), (26, 59), (36, 41), (4, 32), (81, 120), (16, 122), (55, 110), (102, 103), (6, 123), (1, 20), (46, 71), (38, 82), (19, 44), (11, 34), (45, 60), (48, 131), (30, 95), (119, 134), (7, 146), (113, 149), (99, 104), (12, 14), (18, 97), (70, 74), (80, 139), (47, 84), (10, 117), (22, 94), (39, 43), (58, 148), (66, 128), (28, 31), (27, 90), (116, 147), (40, 127), (61, 101), (23, 114), (15, 137)}
Згенероване вершинне покриття (C): [0, 1, 2, 3, 4, 5, 6, 7, 8, 9, 10, 11, 12, 13, 14, 15, 16, 17, 18, 19, 20, 21, 22, 23, 24, 25, 26, 27, 28, 29, 30, 31, 32, 33, 34, 35, 36, 37, 38, 39, 40, 41, 42, 43, 44, 45, 46, 47, 48, 49, 50, 51, 52, 53, 54, 55, 56, 57, 58, 59, 60, 61, 62, 63, 64, 65, 66, 67, 68, 69, 70, 71, 72, 73, 74, 75, 76, 77, 78, 79, 80, 81, 82, 83, 84, 85, 86, 87, 88, 89, 90, 91, 92, 93, 94, 95, 96, 97, 98, 99, 100, 101, 102, 103, 104, 105, 106, 107, 108, 109, 110, 111, 112, 113, 114, 115, 116, 117, 118, 119, 120, 121, 122, 123, 124, 125, 126, 127, 128, 129, 130, 131, 132, 133, 134, 135, 136, 137, 138, 139, 140, 141, 142, 143, 144, 145, 146, 147, 148, 149]

--- Генерація вершинного покриття (зі списку суміжності) ---
Знайдене максимальне парування (M): {(48, 82), (7, 72), (67, 123), (11, 45), (40, 148), (9, 118), (75, 112), (58, 126), (6, 27), (133, 141), (3, 80), (129, 131), (89, 92), (31, 44), (23, 37), (47, 86), (63, 113), (116, 140), (100, 101), (10, 134), (19, 85), (29, 59), (35, 121), (30, 149), (0, 87), (95, 114), (20, 62), (28, 103), (128, 138), (16, 77), (50, 115), (97, 132), (32, 42), (33, 108), (24, 102), (14, 73), (60, 125), (74, 124), (98, 109), (22, 25), (54, 94), (78, 79), (55, 135), (2, 120), (8, 15), (61, 84), (26, 56), (43, 136), (36, 91), (46, 71), (65, 139), (122, 130), (52, 90), (17, 38), (39, 68), (12, 51), (104, 137), (13, 70), (81, 83), (117, 143), (106, 146), (142, 145), (76, 111), (66, 110), (57, 107), (64, 88), (99, 119), (1, 53), (4, 147), (21, 41), (34, 93), (105, 144), (5, 96), (18, 127), (49, 69)}
Згенероване вершинне покриття (C): [0, 1, 2, 3, 4, 5, 6, 7, 8, 9, 10, 11, 12, 13, 14, 15, 16, 17, 18, 19, 20, 21, 22, 23, 24, 25, 26, 27, 28, 29, 30, 31, 32, 33, 34, 35, 36, 37, 38, 39, 40, 41, 42, 43, 44, 45, 46, 47, 48, 49, 50, 51, 52, 53, 54, 55, 56, 57, 58, 59, 60, 61, 62, 63, 64, 65, 66, 67, 68, 69, 70, 71, 72, 73, 74, 75, 76, 77, 78, 79, 80, 81, 82, 83, 84, 85, 86, 87, 88, 89, 90, 91, 92, 93, 94, 95, 96, 97, 98, 99, 100, 101, 102, 103, 104, 105, 106, 107, 108, 109, 110, 111, 112, 113, 114, 115, 116, 117, 118, 119, 120, 121, 122, 123, 124, 125, 126, 127, 128, 129, 130, 131, 132, 133, 134, 135, 136, 137, 138, 139, 140, 141, 142, 143, 144, 145, 146, 147, 148, 149]

--- Генерація вершинного покриття (зі списку суміжності) ---
Знайдене максимальне парування (M): {(49, 136), (63, 129), (16, 87), (23, 62), (13, 36), (97, 139), (4, 67), (147, 149), (68, 106), (12, 144), (44, 57), (7, 102), (10, 125), (83, 137), (47, 89), (96, 131), (54, 98), (26, 118), (35, 66), (55, 99), (33, 133), (60, 74), (50, 88), (8, 24), (52, 91), (103, 127), (53, 111), (11, 17), (43, 85), (82, 126), (1, 140), (29, 123), (71, 80), (100, 122), (45, 64), (31, 77), (39, 148), (0, 105), (86, 135), (59, 130), (3, 73), (70, 75), (14, 18), (21, 30), (5, 119), (37, 94), (6, 38), (134, 145), (46, 117), (15, 120), (108, 138), (19, 90), (20, 116), (32, 142), (110, 113), (95, 128), (81, 141), (104, 143), (2, 25), (69, 112), (115, 146), (93, 109), (58, 124), (34, 78), (56, 84), (107, 114), (22, 27), (61, 132), (51, 121), (28, 65), (72, 101), (40, 42), (9, 79), (41, 92), (48, 76)}
Згенероване вершинне покриття (C): [0, 1, 2, 3, 4, 5, 6, 7, 8, 9, 10, 11, 12, 13, 14, 15, 16, 17, 18, 19, 20, 21, 22, 23, 24, 25, 26, 27, 28, 29, 30, 31, 32, 33, 34, 35, 36, 37, 38, 39, 40, 41, 42, 43, 44, 45, 46, 47, 48, 49, 50, 51, 52, 53, 54, 55, 56, 57, 58, 59, 60, 61, 62, 63, 64, 65, 66, 67, 68, 69, 70, 71, 72, 73, 74, 75, 76, 77, 78, 79, 80, 81, 82, 83, 84, 85, 86, 87, 88, 89, 90, 91, 92, 93, 94, 95, 96, 97, 98, 99, 100, 101, 102, 103, 104, 105, 106, 107, 108, 109, 110, 111, 112, 113, 114, 115, 116, 117, 118, 119, 120, 121, 122, 123, 124, 125, 126, 127, 128, 129, 130, 131, 132, 133, 134, 135, 136, 137, 138, 139, 140, 141, 142, 143, 144, 145, 146, 147, 148, 149]

--- Генерація вершинного покриття (зі списку суміжності) ---
Знайдене максимальне парування (M): {(49, 142), (12, 68), (120, 132), (55, 121), (128, 145), (136, 146), (0, 39), (1, 34), (37, 73), (51, 123), (27, 71), (50, 131), (65, 119), (4, 143), (9, 17), (56, 101), (83, 85), (63, 113), (46, 130), (24, 75), (81, 127), (45, 104), (103, 133), (87, 116), (20, 126), (33, 96), (26, 90), (32, 106), (84, 138), (10, 54), (35, 105), (36, 137), (13, 111), (89, 140), (31, 95), (41, 69), (57, 59), (25, 61), (40, 110), (38, 64), (60, 149), (129, 148), (23, 48), (80, 100), (112, 135), (82, 134), (44, 92), (88, 147), (77, 122), (22, 125), (18, 21), (43, 93), (29, 30), (98, 108), (6, 86), (99, 107), (52, 53), (76, 117), (7, 97), (47, 139), (14, 72), (19, 114), (16, 109), (42, 67), (5, 78), (15, 58), (8, 74), (2, 3), (28, 141), (94, 144), (115, 118), (66, 79), (91, 102), (62, 124)}
Згенероване вершинне покриття (C): [0, 1, 2, 3, 4, 5, 6, 7, 8, 9, 10, 12, 13, 14, 15, 16, 17, 18, 19, 20, 21, 22, 23, 24, 25, 26, 27, 28, 29, 30, 31, 32, 33, 34, 35, 36, 37, 38, 39, 40, 41, 42, 43, 44, 45, 46, 47, 48, 49, 50, 51, 52, 53, 54, 55, 56, 57, 58, 59, 60, 61, 62, 63, 64, 65, 66, 67, 68, 69, 71, 72, 73, 74, 75, 76, 77, 78, 79, 80, 81, 82, 83, 84, 85, 86, 87, 88, 89, 90, 91, 92, 93, 94, 95, 96, 97, 98, 99, 100, 101, 102, 103, 104, 105, 106, 107, 108, 109, 110, 111, 112, 113, 114, 115, 116, 117, 118, 119, 120, 121, 122, 123, 124, 125, 126, 127, 128, 129, 130, 131, 132, 133, 134, 135, 136, 137, 138, 139, 140, 141, 142, 143, 144, 145, 146, 147, 148, 149]

Середній час виконання: 0.0011729383 секунд
