
--- Генерація вершинного покриття (зі списку суміжності) ---
Знайдене максимальне парування (M): {(5, 24), (13, 20), (21, 32), (15, 23), (26, 39), (6, 27), (14, 29), (8, 9), (0, 31), (34, 37), (10, 22), (25, 30), (2, 11), (16, 33), (4, 36)}
Згенероване вершинне покриття (C): [0, 2, 4, 5, 6, 8, 9, 10, 11, 13, 14, 15, 16, 20, 21, 22, 23, 24, 25, 26, 27, 29, 30, 31, 32, 33, 34, 36, 37, 39]

--- Генерація вершинного покриття (зі списку суміжності) ---
Знайдене максимальне парування (M): {(33, 34), (3, 14), (25, 32), (0, 29), (35, 36), (12, 15), (7, 39), (16, 28), (20, 26), (1, 23), (18, 31), (8, 9), (13, 22), (4, 24), (6, 10), (5, 19), (21, 30), (11, 27)}
Згенероване вершинне покриття (C): [0, 1, 3, 4, 5, 6, 7, 8, 9, 10, 11, 12, 13, 14, 15, 16, 18, 19, 20, 21, 22, 23, 24, 25, 26, 27, 28, 29, 30, 31, 32, 33, 34, 35, 36, 39]

--- Генерація вершинного покриття (зі списку суміжності) ---
Знайдене максимальне парування (M): {(12, 23), (8, 27), (11, 20), (25, 35), (0, 29), (5, 14), (34, 39), (33, 38), (10, 13), (2, 9), (4, 21), (19, 22), (6, 32), (28, 30), (7, 24), (26, 37)}
Згенероване вершинне покриття (C): [0, 2, 4, 5, 6, 7, 8, 9, 10, 11, 12, 13, 14, 19, 20, 21, 22, 23, 24, 25, 26, 27, 28, 29, 30, 32, 33, 34, 35, 37, 38, 39]

--- Генерація вершинного покриття (зі списку суміжності) ---
Знайдене максимальне парування (M): {(6, 12), (2, 14), (16, 26), (3, 17), (28, 39), (7, 10), (5, 27), (23, 29), (11, 24), (15, 20), (13, 32), (31, 35), (30, 38), (4, 18), (21, 37), (9, 36)}
Згенероване вершинне покриття (C): [2, 3, 4, 5, 6, 7, 9, 10, 11, 12, 13, 14, 15, 16, 17, 18, 20, 21, 23, 24, 26, 27, 28, 29, 30, 31, 32, 35, 36, 37, 38, 39]

--- Генерація вершинного покриття (зі списку суміжності) ---
Знайдене максимальне парування (M): {(4, 16), (7, 33), (5, 11), (17, 20), (10, 36), (8, 29), (21, 25), (34, 38), (18, 19), (27, 32), (6, 39), (2, 12), (23, 31), (28, 37), (1, 35), (0, 14), (3, 15)}
Згенероване вершинне покриття (C): [0, 1, 2, 3, 4, 5, 6, 7, 8, 10, 11, 12, 14, 15, 16, 17, 18, 19, 20, 21, 23, 25, 27, 28, 29, 31, 32, 33, 34, 35, 36, 37, 38, 39]

--- Генерація вершинного покриття (зі списку суміжності) ---
Знайдене максимальне парування (M): {(10, 11), (15, 24), (18, 23), (8, 17), (4, 28), (1, 16), (20, 39), (0, 25), (7, 12), (13, 22), (9, 14), (5, 35), (26, 38), (27, 29), (30, 34)}
Згенероване вершинне покриття (C): [0, 1, 4, 5, 7, 8, 9, 10, 11, 12, 13, 14, 15, 16, 17, 18, 20, 22, 23, 24, 25, 26, 27, 28, 29, 30, 34, 35, 38, 39]

--- Генерація вершинного покриття (зі списку суміжності) ---
Знайдене максимальне парування (M): {(31, 34), (1, 37), (10, 24), (29, 36), (16, 35), (14, 23), (6, 30), (32, 33), (7, 20), (0, 22), (12, 38), (4, 5), (8, 9), (18, 25), (19, 28), (2, 11)}
Згенероване вершинне покриття (C): [0, 1, 2, 4, 5, 6, 7, 8, 9, 10, 11, 12, 14, 16, 18, 19, 20, 22, 23, 24, 25, 28, 29, 30, 31, 32, 33, 34, 35, 36, 37, 38]

--- Генерація вершинного покриття (зі списку суміжності) ---
Знайдене максимальне парування (M): {(16, 20), (27, 37), (12, 36), (25, 38), (4, 9), (23, 39), (1, 24), (33, 35), (5, 14), (8, 10), (0, 32), (18, 22), (17, 21), (6, 19), (15, 31), (2, 30)}
Згенероване вершинне покриття (C): [0, 1, 2, 4, 5, 6, 8, 9, 10, 12, 14, 15, 16, 17, 18, 19, 20, 21, 22, 23, 24, 25, 27, 30, 31, 32, 33, 35, 36, 37, 38, 39]

--- Генерація вершинного покриття (зі списку суміжності) ---
Знайдене максимальне парування (M): {(28, 33), (8, 14), (20, 24), (2, 17), (3, 4), (11, 16), (6, 37), (23, 39), (19, 36), (7, 10), (1, 27), (0, 15), (21, 34), (12, 31), (5, 29), (25, 30)}
Згенероване вершинне покриття (C): [0, 1, 2, 3, 4, 5, 6, 7, 8, 10, 11, 12, 14, 15, 16, 17, 19, 20, 21, 23, 24, 25, 27, 28, 29, 30, 31, 33, 34, 36, 37, 39]

--- Генерація вершинного покриття (зі списку суміжності) ---
Знайдене максимальне парування (M): {(17, 33), (10, 15), (14, 30), (22, 37), (28, 36), (27, 34), (1, 2), (4, 35), (0, 9), (13, 16), (5, 20), (29, 32), (11, 31), (3, 38), (8, 12), (7, 21), (18, 24)}
Згенероване вершинне покриття (C): [0, 1, 2, 3, 4, 5, 7, 8, 9, 10, 11, 12, 13, 14, 15, 16, 17, 18, 20, 21, 22, 24, 27, 28, 29, 30, 31, 32, 33, 34, 35, 36, 37, 38]

--- Генерація вершинного покриття (зі списку суміжності) ---
Знайдене максимальне парування (M): {(12, 27), (6, 15), (22, 34), (25, 38), (0, 19), (4, 28), (10, 23), (32, 39), (14, 16), (1, 17), (21, 31), (20, 29), (5, 9), (13, 37), (2, 11), (18, 24), (7, 30)}
Згенероване вершинне покриття (C): [0, 1, 2, 4, 5, 6, 7, 9, 10, 11, 12, 13, 14, 15, 16, 17, 18, 19, 20, 21, 22, 23, 24, 25, 27, 28, 29, 30, 31, 32, 34, 37, 38, 39]

--- Генерація вершинного покриття (зі списку суміжності) ---
Знайдене максимальне парування (M): {(10, 15), (4, 17), (14, 33), (1, 5), (3, 31), (12, 39), (18, 26), (13, 36), (0, 9), (6, 7), (25, 34), (2, 22), (32, 35), (23, 37), (16, 24), (27, 38), (8, 21)}
Згенероване вершинне покриття (C): [0, 1, 2, 3, 4, 5, 6, 7, 8, 9, 10, 12, 13, 14, 15, 16, 17, 18, 21, 22, 23, 24, 25, 26, 27, 31, 32, 33, 34, 35, 36, 37, 38, 39]

--- Генерація вершинного покриття (зі списку суміжності) ---
Знайдене максимальне парування (M): {(19, 24), (1, 15), (11, 29), (31, 39), (3, 36), (26, 27), (21, 28), (17, 32), (6, 33), (0, 38), (8, 16), (5, 10), (13, 22), (18, 37), (14, 34)}
Згенероване вершинне покриття (C): [0, 1, 3, 5, 6, 8, 10, 11, 13, 14, 15, 16, 17, 18, 19, 21, 22, 24, 26, 27, 28, 29, 31, 32, 33, 34, 36, 37, 38, 39]

--- Генерація вершинного покриття (зі списку суміжності) ---
Знайдене максимальне парування (M): {(32, 37), (8, 30), (1, 18), (2, 4), (13, 27), (11, 35), (9, 33), (3, 16), (21, 28), (14, 29), (24, 38), (19, 22), (0, 5), (17, 34), (25, 36)}
Згенероване вершинне покриття (C): [0, 1, 2, 3, 4, 5, 8, 9, 11, 13, 14, 16, 17, 18, 19, 21, 22, 24, 25, 27, 28, 29, 30, 32, 33, 34, 35, 36, 37, 38]

--- Генерація вершинного покриття (зі списку суміжності) ---
Знайдене максимальне парування (M): {(11, 23), (20, 34), (25, 35), (0, 26), (10, 24), (2, 7), (31, 33), (4, 9), (32, 39), (27, 36), (18, 28), (15, 19), (3, 6), (13, 21), (22, 38)}
Згенероване вершинне покриття (C): [0, 2, 3, 4, 6, 7, 9, 10, 11, 13, 15, 18, 19, 20, 21, 22, 23, 24, 25, 26, 27, 28, 31, 32, 33, 34, 35, 36, 38, 39]

--- Генерація вершинного покриття (зі списку суміжності) ---
Знайдене максимальне парування (M): {(37, 39), (4, 35), (7, 36), (11, 16), (15, 17), (0, 19), (13, 31), (12, 28), (22, 32), (18, 30), (5, 9), (1, 3), (25, 26), (20, 21)}
Згенероване вершинне покриття (C): [0, 1, 3, 4, 5, 7, 9, 11, 12, 13, 15, 16, 17, 18, 19, 20, 21, 22, 25, 26, 28, 30, 31, 32, 35, 36, 37, 39]

--- Генерація вершинного покриття (зі списку суміжності) ---
Знайдене максимальне парування (M): {(6, 18), (0, 7), (13, 27), (28, 36), (20, 23), (26, 39), (30, 32), (33, 38), (3, 35), (4, 21), (12, 22), (9, 14), (5, 25), (24, 31), (8, 37), (19, 34)}
Згенероване вершинне покриття (C): [0, 3, 4, 5, 6, 7, 8, 9, 12, 13, 14, 18, 19, 20, 21, 22, 23, 24, 25, 26, 27, 28, 30, 31, 32, 33, 34, 35, 36, 37, 38, 39]

--- Генерація вершинного покриття (зі списку суміжності) ---
Знайдене максимальне парування (M): {(2, 27), (32, 34), (11, 26), (5, 30), (3, 23), (31, 33), (0, 35), (8, 36), (1, 20), (4, 25), (17, 38), (14, 29), (10, 13), (9, 18), (16, 21), (19, 22), (12, 15)}
Згенероване вершинне покриття (C): [0, 1, 2, 3, 4, 5, 8, 9, 10, 11, 12, 13, 14, 15, 16, 17, 18, 19, 20, 21, 22, 23, 25, 26, 27, 29, 30, 31, 32, 33, 34, 35, 36, 38]

--- Генерація вершинного покриття (зі списку суміжності) ---
Знайдене максимальне парування (M): {(18, 27), (0, 29), (16, 19), (1, 24), (21, 22), (3, 26), (20, 32), (7, 9), (4, 5), (30, 38), (10, 35), (17, 31), (23, 25), (13, 15), (14, 37), (11, 33)}
Згенероване вершинне покриття (C): [0, 1, 3, 4, 5, 7, 9, 10, 11, 13, 14, 15, 16, 17, 18, 19, 20, 21, 22, 23, 24, 25, 26, 27, 29, 30, 31, 32, 33, 35, 37, 38]

--- Генерація вершинного покриття (зі списку суміжності) ---
Знайдене максимальне парування (M): {(22, 34), (8, 23), (6, 35), (37, 38), (12, 32), (25, 36), (26, 29), (17, 31), (13, 28), (16, 18), (2, 15), (1, 19), (9, 30), (11, 33), (20, 21)}
Згенероване вершинне покриття (C): [1, 2, 6, 8, 9, 11, 12, 13, 15, 16, 17, 18, 19, 20, 21, 22, 23, 25, 26, 28, 29, 30, 31, 32, 33, 34, 35, 36, 37, 38]

--- Генерація вершинного покриття (зі списку суміжності) ---
Знайдене максимальне парування (M): {(23, 33), (2, 27), (32, 34), (16, 35), (0, 19), (21, 38), (18, 29), (6, 39), (10, 26), (11, 12), (1, 36), (8, 22), (4, 24), (13, 25), (5, 9), (15, 37)}
Згенероване вершинне покриття (C): [0, 1, 2, 4, 5, 6, 8, 9, 10, 11, 12, 13, 15, 16, 18, 19, 21, 22, 23, 24, 25, 26, 27, 29, 32, 33, 34, 35, 36, 37, 38, 39]

--- Генерація вершинного покриття (зі списку суміжності) ---
Знайдене максимальне парування (M): {(9, 20), (29, 33), (24, 36), (11, 19), (12, 35), (3, 39), (0, 6), (26, 32), (1, 23), (16, 21), (4, 8), (25, 27), (17, 37), (14, 18), (10, 22), (2, 34), (15, 31)}
Згенероване вершинне покриття (C): [0, 1, 2, 3, 4, 6, 8, 9, 10, 11, 12, 14, 15, 16, 17, 18, 19, 20, 21, 22, 23, 24, 25, 26, 27, 29, 31, 32, 33, 34, 35, 36, 37, 39]

--- Генерація вершинного покриття (зі списку суміжності) ---
Знайдене максимальне парування (M): {(12, 17), (14, 27), (8, 23), (24, 36), (26, 33), (7, 16), (4, 22), (2, 19), (21, 25), (3, 5), (6, 38), (11, 18), (1, 29), (13, 15), (20, 31), (30, 34)}
Згенероване вершинне покриття (C): [1, 2, 3, 4, 5, 6, 7, 8, 11, 12, 13, 14, 15, 16, 17, 18, 19, 20, 21, 22, 23, 24, 25, 26, 27, 29, 30, 31, 33, 34, 36, 38]

--- Генерація вершинного покриття (зі списку суміжності) ---
Знайдене максимальне парування (M): {(24, 30), (15, 27), (31, 39), (3, 36), (11, 34), (14, 20), (2, 10), (5, 7), (8, 35), (23, 28), (19, 32), (1, 26), (17, 21), (13, 25), (16, 37), (6, 22)}
Згенероване вершинне покриття (C): [1, 2, 3, 5, 6, 7, 8, 10, 11, 13, 14, 15, 16, 17, 19, 20, 21, 22, 23, 24, 25, 26, 27, 28, 30, 31, 32, 34, 35, 36, 37, 39]

--- Генерація вершинного покриття (зі списку суміжності) ---
Знайдене максимальне парування (M): {(2, 4), (12, 17), (7, 23), (0, 13), (19, 20), (28, 35), (14, 26), (3, 39), (10, 32), (5, 16), (9, 24), (25, 27), (33, 34), (18, 21), (11, 30), (36, 37), (6, 22)}
Згенероване вершинне покриття (C): [0, 2, 3, 4, 5, 6, 7, 9, 10, 11, 12, 13, 14, 16, 17, 18, 19, 20, 21, 22, 23, 24, 25, 26, 27, 28, 30, 32, 33, 34, 35, 36, 37, 39]

--- Генерація вершинного покриття (зі списку суміжності) ---
Знайдене максимальне парування (M): {(12, 17), (10, 11), (6, 21), (14, 33), (0, 19), (13, 29), (24, 35), (23, 38), (15, 26), (25, 36), (5, 16), (27, 32), (4, 8), (18, 31), (20, 22), (28, 34), (3, 37)}
Згенероване вершинне покриття (C): [0, 3, 4, 5, 6, 8, 10, 11, 12, 13, 14, 15, 16, 17, 18, 19, 20, 21, 22, 23, 24, 25, 26, 27, 28, 29, 31, 32, 33, 34, 35, 36, 37, 38]

--- Генерація вершинного покриття (зі списку суміжності) ---
Знайдене максимальне парування (M): {(13, 14), (20, 31), (34, 36), (11, 27), (15, 39), (7, 29), (9, 25), (3, 16), (28, 38), (26, 32), (2, 6), (21, 30), (35, 37), (23, 24), (5, 12)}
Згенероване вершинне покриття (C): [2, 3, 5, 6, 7, 9, 11, 12, 13, 14, 15, 16, 20, 21, 23, 24, 25, 26, 27, 28, 29, 30, 31, 32, 34, 35, 36, 37, 38, 39]

--- Генерація вершинного покриття (зі списку суміжності) ---
Знайдене максимальне парування (M): {(8, 24), (4, 19), (11, 34), (3, 20), (21, 22), (10, 13), (14, 39), (15, 32), (1, 33), (0, 6), (17, 38), (2, 35), (5, 29), (23, 31), (18, 25), (16, 27), (26, 37)}
Згенероване вершинне покриття (C): [0, 1, 2, 3, 4, 5, 6, 8, 10, 11, 13, 14, 15, 16, 17, 18, 19, 20, 21, 22, 23, 24, 25, 26, 27, 29, 31, 32, 33, 34, 35, 37, 38, 39]

--- Генерація вершинного покриття (зі списку суміжності) ---
Знайдене максимальне парування (M): {(23, 33), (11, 20), (1, 2), (6, 28), (13, 36), (15, 27), (17, 19), (7, 35), (8, 10), (12, 38), (21, 31), (9, 37), (4, 14), (0, 18), (5, 22), (25, 26), (29, 30)}
Згенероване вершинне покриття (C): [0, 1, 2, 4, 5, 6, 7, 8, 9, 10, 11, 12, 13, 14, 15, 17, 18, 19, 20, 21, 22, 23, 25, 26, 27, 28, 29, 30, 31, 33, 35, 36, 37, 38]

--- Генерація вершинного покриття (зі списку суміжності) ---
Знайдене максимальне парування (M): {(9, 23), (3, 30), (0, 29), (7, 10), (13, 26), (6, 27), (32, 36), (12, 38), (8, 35), (14, 22), (16, 18), (21, 33), (2, 15), (1, 25), (31, 37)}
Згенероване вершинне покриття (C): [0, 1, 2, 3, 6, 7, 8, 9, 10, 12, 13, 14, 15, 16, 18, 21, 22, 23, 25, 26, 27, 29, 30, 31, 32, 33, 35, 36, 37, 38]

--- Генерація вершинного покриття (зі списку суміжності) ---
Знайдене максимальне парування (M): {(31, 34), (23, 24), (2, 17), (7, 20), (11, 29), (15, 33), (35, 39), (6, 27), (13, 21), (26, 32), (4, 18), (22, 28), (5, 38), (30, 37), (1, 25), (9, 36), (12, 14)}
Згенероване вершинне покриття (C): [1, 2, 4, 5, 6, 7, 9, 11, 12, 13, 14, 15, 17, 18, 20, 21, 22, 23, 24, 25, 26, 27, 28, 29, 30, 31, 32, 33, 34, 35, 36, 37, 38, 39]

--- Генерація вершинного покриття (зі списку суміжності) ---
Знайдене максимальне парування (M): {(12, 33), (2, 27), (19, 30), (9, 13), (0, 10), (1, 5), (11, 29), (15, 39), (8, 26), (23, 35), (6, 17), (21, 31), (20, 25), (16, 34), (28, 37), (36, 38), (7, 14)}
Згенероване вершинне покриття (C): [0, 1, 2, 5, 6, 7, 8, 9, 10, 11, 12, 13, 14, 15, 16, 17, 19, 20, 21, 23, 25, 26, 27, 28, 29, 30, 31, 33, 34, 35, 36, 37, 38, 39]

--- Генерація вершинного покриття (зі списку суміжності) ---
Знайдене максимальне парування (M): {(6, 18), (10, 24), (1, 11), (19, 36), (3, 7), (2, 39), (23, 35), (21, 27), (20, 26), (12, 28), (22, 32), (33, 37), (29, 31), (13, 15), (0, 14), (9, 30)}
Згенероване вершинне покриття (C): [0, 1, 2, 3, 6, 7, 9, 10, 11, 12, 13, 14, 15, 18, 19, 20, 21, 22, 23, 24, 26, 27, 28, 29, 30, 31, 32, 33, 35, 36, 37, 39]

--- Генерація вершинного покриття (зі списку суміжності) ---
Знайдене максимальне парування (M): {(4, 26), (13, 14), (24, 27), (7, 23), (33, 35), (34, 39), (0, 32), (9, 28), (11, 22), (17, 38), (3, 29), (16, 21), (15, 25), (18, 31), (30, 37), (5, 12)}
Згенероване вершинне покриття (C): [0, 3, 4, 5, 7, 9, 11, 12, 13, 14, 15, 16, 17, 18, 21, 22, 23, 24, 25, 26, 27, 28, 29, 30, 31, 32, 33, 34, 35, 37, 38, 39]

--- Генерація вершинного покриття (зі списку суміжності) ---
Знайдене максимальне парування (M): {(10, 37), (6, 18), (16, 20), (24, 27), (0, 26), (4, 22), (15, 23), (13, 39), (5, 36), (2, 19), (7, 38), (8, 35), (29, 32), (17, 25), (3, 28), (12, 34), (11, 14), (21, 33)}
Згенероване вершинне покриття (C): [0, 2, 3, 4, 5, 6, 7, 8, 10, 11, 12, 13, 14, 15, 16, 17, 18, 19, 20, 21, 22, 23, 24, 25, 26, 27, 28, 29, 32, 33, 34, 35, 36, 37, 38, 39]

--- Генерація вершинного покриття (зі списку суміжності) ---
Знайдене максимальне парування (M): {(10, 37), (0, 30), (20, 27), (7, 39), (23, 29), (14, 26), (34, 35), (2, 16), (1, 33), (11, 12), (24, 25), (22, 36), (17, 28), (3, 6), (18, 21), (8, 31)}
Згенероване вершинне покриття (C): [0, 1, 2, 3, 6, 7, 8, 10, 11, 12, 14, 16, 17, 18, 20, 21, 22, 23, 24, 25, 26, 27, 28, 29, 30, 31, 33, 34, 35, 36, 37, 39]

--- Генерація вершинного покриття (зі списку суміжності) ---
Знайдене максимальне парування (M): {(24, 30), (4, 39), (9, 32), (26, 27), (5, 33), (16, 38), (11, 12), (14, 35), (6, 23), (17, 25), (10, 29), (0, 15), (7, 37), (13, 21), (20, 31), (22, 28), (3, 34)}
Згенероване вершинне покриття (C): [0, 3, 4, 5, 6, 7, 9, 10, 11, 12, 13, 14, 15, 16, 17, 20, 21, 22, 23, 24, 25, 26, 27, 28, 29, 30, 31, 32, 33, 34, 35, 37, 38, 39]

--- Генерація вершинного покриття (зі списку суміжності) ---
Знайдене максимальне парування (M): {(16, 20), (4, 13), (8, 23), (15, 27), (36, 39), (10, 33), (6, 24), (19, 35), (12, 28), (5, 29), (1, 32), (31, 38), (3, 22), (18, 21), (11, 30), (0, 14), (9, 37), (25, 26)}
Згенероване вершинне покриття (C): [0, 1, 3, 4, 5, 6, 8, 9, 10, 11, 12, 13, 14, 15, 16, 18, 19, 20, 21, 22, 23, 24, 25, 26, 27, 28, 29, 30, 31, 32, 33, 35, 36, 37, 38, 39]

--- Генерація вершинного покриття (зі списку суміжності) ---
Знайдене максимальне парування (M): {(5, 37), (12, 33), (2, 20), (4, 9), (18, 39), (0, 3), (7, 29), (19, 35), (6, 13), (27, 32), (30, 38), (1, 16), (23, 24), (15, 31), (14, 34)}
Згенероване вершинне покриття (C): [0, 1, 2, 3, 4, 5, 6, 7, 9, 12, 13, 14, 15, 16, 18, 19, 20, 23, 24, 27, 29, 30, 31, 32, 33, 34, 35, 37, 38, 39]

--- Генерація вершинного покриття (зі списку суміжності) ---
Знайдене максимальне парування (M): {(13, 30), (4, 17), (29, 33), (16, 26), (27, 38), (9, 21), (3, 35), (19, 25), (11, 31), (6, 36), (8, 22), (34, 37), (0, 14)}
Згенероване вершинне покриття (C): [0, 3, 4, 6, 8, 9, 11, 13, 14, 16, 17, 19, 21, 22, 25, 26, 27, 29, 30, 31, 33, 34, 35, 36, 37, 38]

--- Генерація вершинного покриття (зі списку суміжності) ---
Знайдене максимальне парування (M): {(11, 23), (4, 26), (18, 33), (19, 27), (12, 39), (30, 36), (0, 32), (14, 29), (7, 28), (13, 22), (21, 34), (3, 25), (1, 16), (10, 38), (9, 17), (31, 37)}
Згенероване вершинне покриття (C): [0, 1, 3, 4, 7, 9, 10, 11, 12, 13, 14, 16, 17, 18, 19, 21, 22, 23, 25, 26, 27, 28, 29, 30, 31, 32, 33, 34, 36, 37, 38, 39]

--- Генерація вершинного покриття (зі списку суміжності) ---
Знайдене максимальне парування (M): {(26, 34), (5, 21), (20, 30), (33, 36), (6, 11), (10, 39), (1, 14), (2, 29), (9, 15), (12, 28), (8, 22), (32, 35), (25, 27), (13, 37), (4, 7), (16, 23)}
Згенероване вершинне покриття (C): [1, 2, 4, 5, 6, 7, 8, 9, 10, 11, 12, 13, 14, 15, 16, 20, 21, 22, 23, 25, 26, 27, 28, 29, 30, 32, 33, 34, 35, 36, 37, 39]

--- Генерація вершинного покриття (зі списку суміжності) ---
Знайдене максимальне парування (M): {(15, 21), (0, 20), (7, 17), (23, 36), (11, 29), (4, 38), (5, 27), (28, 39), (25, 31), (2, 35), (22, 32), (9, 14), (16, 18), (13, 24)}
Згенероване вершинне покриття (C): [0, 2, 4, 5, 7, 9, 11, 13, 14, 15, 16, 17, 18, 20, 21, 22, 23, 24, 25, 27, 28, 29, 31, 32, 35, 36, 38, 39]

--- Генерація вершинного покриття (зі списку суміжності) ---
Знайдене максимальне парування (M): {(20, 34), (14, 24), (18, 23), (0, 4), (2, 17), (12, 13), (8, 39), (11, 22), (6, 7), (10, 35), (1, 32), (15, 38), (30, 37), (16, 27), (3, 21), (25, 33)}
Згенероване вершинне покриття (C): [0, 1, 2, 3, 4, 6, 7, 8, 10, 11, 12, 13, 14, 15, 16, 17, 18, 20, 21, 22, 23, 24, 25, 27, 30, 32, 33, 34, 35, 37, 38, 39]

--- Генерація вершинного покриття (зі списку суміжності) ---
Знайдене максимальне парування (M): {(8, 24), (18, 27), (3, 30), (1, 15), (29, 39), (10, 23), (7, 13), (14, 26), (32, 36), (11, 22), (16, 31), (17, 25), (6, 38), (9, 33), (0, 37), (2, 34), (5, 12)}
Згенероване вершинне покриття (C): [0, 1, 2, 3, 5, 6, 7, 8, 9, 10, 11, 12, 13, 14, 15, 16, 17, 18, 22, 23, 24, 25, 26, 27, 29, 30, 31, 32, 33, 34, 36, 37, 38, 39]

--- Генерація вершинного покриття (зі списку суміжності) ---
Знайдене максимальне парування (M): {(8, 30), (33, 36), (7, 23), (16, 39), (0, 29), (6, 24), (21, 22), (14, 32), (4, 25), (17, 38), (11, 28), (10, 20), (3, 12), (1, 26), (2, 31), (13, 15), (19, 34)}
Згенероване вершинне покриття (C): [0, 1, 2, 3, 4, 6, 7, 8, 10, 11, 12, 13, 14, 15, 16, 17, 19, 20, 21, 22, 23, 24, 25, 26, 28, 29, 30, 31, 32, 33, 34, 36, 38, 39]

--- Генерація вершинного покриття (зі списку суміжності) ---
Знайдене максимальне парування (M): {(10, 37), (19, 24), (33, 36), (4, 23), (17, 20), (1, 25), (6, 34), (0, 13), (8, 21), (14, 26), (5, 7), (35, 38), (2, 22), (9, 30), (11, 31), (3, 15)}
Згенероване вершинне покриття (C): [0, 1, 2, 3, 4, 5, 6, 7, 8, 9, 10, 11, 13, 14, 15, 17, 19, 20, 21, 22, 23, 24, 25, 26, 30, 31, 33, 34, 35, 36, 37, 38]

--- Генерація вершинного покриття (зі списку суміжності) ---
Знайдене максимальне парування (M): {(0, 30), (25, 35), (16, 39), (2, 36), (18, 26), (5, 17), (8, 10), (11, 28), (6, 23), (21, 31), (12, 22), (19, 32), (7, 37), (9, 33), (14, 15), (13, 34)}
Згенероване вершинне покриття (C): [0, 2, 5, 6, 7, 8, 9, 10, 11, 12, 13, 14, 15, 16, 17, 18, 19, 21, 22, 23, 25, 26, 28, 30, 31, 32, 33, 34, 35, 36, 37, 39]

--- Генерація вершинного покриття (зі списку суміжності) ---
Знайдене максимальне парування (M): {(2, 4), (21, 26), (8, 27), (3, 33), (22, 24), (12, 16), (1, 11), (15, 17), (18, 29), (6, 19), (14, 36), (7, 39), (23, 28), (9, 34), (13, 25), (32, 38), (20, 37), (10, 31)}
Згенероване вершинне покриття (C): [1, 2, 3, 4, 6, 7, 8, 9, 10, 11, 12, 13, 14, 15, 16, 17, 18, 19, 20, 21, 22, 23, 24, 25, 26, 27, 28, 29, 31, 32, 33, 34, 36, 37, 38, 39]

--- Генерація вершинного покриття (зі списку суміжності) ---
Знайдене максимальне парування (M): {(17, 33), (0, 30), (4, 29), (10, 24), (6, 21), (19, 36), (15, 39), (31, 32), (11, 12), (2, 3), (14, 25), (16, 34), (20, 38), (5, 18), (1, 22)}
Згенероване вершинне покриття (C): [0, 1, 2, 3, 4, 5, 6, 10, 11, 12, 14, 15, 16, 17, 18, 19, 20, 21, 22, 24, 25, 29, 30, 31, 32, 33, 34, 36, 38, 39]

Середній час виконання: 0.0000195360 секунд
