
--- Генерація вершинного покриття (зі списку суміжності) ---
Знайдене максимальне парування (M): {(41, 79), (43, 76), (5, 101), (96, 152), (62, 74), (98, 103), (110, 132), (136, 151), (35, 108), (25, 107), (78, 100), (47, 48), (56, 60), (119, 128), (105, 129), (117, 158), (31, 51), (77, 112), (10, 150), (6, 54), (89, 159), (97, 172), (21, 171), (63, 70), (52, 69), (4, 29), (59, 148), (67, 161), (8, 93), (65, 154), (9, 174), (49, 155), (46, 58), (121, 134), (11, 91), (26, 27), (106, 145), (33, 115), (133, 165), (124, 162), (20, 53), (1, 146), (2, 99), (122, 164), (13, 114), (81, 166), (90, 123), (80, 157), (17, 86), (125, 156), (36, 163), (85, 147), (16, 139), (92, 116), (12, 144), (44, 66), (82, 169), (34, 40), (0, 72), (137, 141), (3, 61), (111, 131), (57, 160), (55, 126), (84, 153), (142, 149), (19, 23), (109, 118), (7, 15), (64, 140), (24, 104), (50, 68), (30, 71), (22, 88), (73, 170), (75, 143), (32, 83), (37, 168), (95, 130)}
Згенероване вершинне покриття (C): [0, 1, 2, 3, 4, 5, 6, 7, 8, 9, 10, 11, 12, 13, 15, 16, 17, 19, 20, 21, 22, 23, 24, 25, 26, 27, 29, 30, 31, 32, 33, 34, 35, 36, 37, 40, 41, 43, 44, 46, 47, 48, 49, 50, 51, 52, 53, 54, 55, 56, 57, 58, 59, 60, 61, 62, 63, 64, 65, 66, 67, 68, 69, 70, 71, 72, 73, 74, 75, 76, 77, 78, 79, 80, 81, 82, 83, 84, 85, 86, 88, 89, 90, 91, 92, 93, 95, 96, 97, 98, 99, 100, 101, 103, 104, 105, 106, 107, 108, 109, 110, 111, 112, 114, 115, 116, 117, 118, 119, 121, 122, 123, 124, 125, 126, 128, 129, 130, 131, 132, 133, 134, 136, 137, 139, 140, 141, 142, 143, 144, 145, 146, 147, 148, 149, 150, 151, 152, 153, 154, 155, 156, 157, 158, 159, 160, 161, 162, 163, 164, 165, 166, 168, 169, 170, 171, 172, 174]

--- Генерація вершинного покриття (зі списку суміжності) ---
Знайдене максимальне парування (M): {(77, 124), (70, 128), (161, 166), (94, 131), (103, 127), (6, 75), (50, 164), (18, 83), (17, 51), (147, 160), (26, 53), (46, 123), (80, 88), (84, 116), (72, 114), (39, 74), (96, 163), (27, 54), (42, 171), (12, 157), (66, 73), (60, 169), (119, 121), (56, 62), (43, 162), (7, 142), (1, 156), (28, 64), (85, 125), (0, 105), (47, 134), (99, 117), (40, 104), (138, 148), (130, 153), (11, 89), (63, 136), (141, 149), (4, 22), (13, 137), (98, 150), (33, 158), (20, 151), (49, 102), (57, 115), (87, 95), (23, 101), (61, 167), (14, 110), (30, 106), (36, 79), (25, 113), (10, 133), (91, 97), (5, 109), (139, 173), (111, 120), (8, 67), (170, 172), (107, 143), (100, 159), (68, 69), (16, 132), (37, 118), (24, 29), (90, 93), (15, 44), (108, 126), (38, 58), (3, 155), (9, 86), (112, 135), (55, 82), (45, 81), (48, 52), (140, 144), (92, 168)}
Згенероване вершинне покриття (C): [0, 1, 3, 4, 5, 6, 7, 8, 9, 10, 11, 12, 13, 14, 15, 16, 17, 18, 20, 22, 23, 24, 25, 26, 27, 28, 29, 30, 33, 36, 37, 38, 39, 40, 42, 43, 44, 45, 46, 47, 48, 49, 50, 51, 52, 53, 54, 55, 56, 57, 58, 60, 61, 62, 63, 64, 66, 67, 68, 69, 70, 72, 73, 74, 75, 77, 79, 80, 81, 82, 83, 84, 85, 86, 87, 88, 89, 90, 91, 92, 93, 94, 95, 96, 97, 98, 99, 100, 101, 102, 103, 104, 105, 106, 107, 108, 109, 110, 111, 112, 113, 114, 115, 116, 117, 118, 119, 120, 121, 123, 124, 125, 126, 127, 128, 130, 131, 132, 133, 134, 135, 136, 137, 138, 139, 140, 141, 142, 143, 144, 147, 148, 149, 150, 151, 153, 155, 156, 157, 158, 159, 160, 161, 162, 163, 164, 166, 167, 168, 169, 170, 171, 172, 173]

--- Генерація вершинного покриття (зі списку суміжності) ---
Знайдене максимальне парування (M): {(15, 85), (26, 149), (1, 95), (47, 62), (35, 115), (88, 118), (66, 69), (37, 42), (41, 152), (53, 80), (0, 44), (125, 130), (83, 87), (67, 100), (13, 138), (27, 164), (10, 157), (19, 114), (142, 148), (48, 159), (25, 54), (45, 151), (29, 63), (52, 147), (21, 132), (79, 158), (9, 51), (8, 116), (40, 84), (11, 121), (86, 117), (50, 97), (75, 96), (7, 71), (20, 74), (38, 98), (110, 168), (16, 131), (65, 145), (104, 143), (108, 113), (12, 72), (23, 81), (43, 68), (94, 150), (33, 76), (2, 24), (165, 167), (93, 126), (77, 139), (46, 170), (34, 107), (36, 49), (28, 109), (124, 128), (133, 140), (134, 166), (55, 174), (3, 112), (129, 163), (61, 135), (91, 154), (105, 162), (30, 101), (14, 59), (57, 103), (58, 141), (64, 172), (127, 155), (102, 119), (146, 153), (123, 160), (18, 31), (120, 173), (92, 111), (106, 137), (99, 171), (70, 144), (73, 161), (56, 90), (5, 136)}
Згенероване вершинне покриття (C): [0, 1, 2, 3, 5, 7, 8, 9, 10, 11, 12, 13, 14, 15, 16, 18, 19, 20, 21, 23, 24, 25, 26, 27, 28, 29, 30, 31, 33, 34, 35, 36, 37, 38, 40, 41, 42, 43, 44, 45, 46, 47, 48, 49, 50, 51, 52, 53, 54, 55, 56, 57, 58, 59, 61, 62, 63, 64, 65, 66, 67, 68, 69, 70, 71, 72, 73, 74, 75, 76, 77, 79, 80, 81, 83, 84, 85, 86, 87, 88, 90, 91, 92, 93, 94, 95, 96, 97, 98, 99, 100, 101, 102, 103, 104, 105, 106, 107, 108, 109, 110, 111, 112, 113, 114, 115, 116, 117, 118, 119, 120, 121, 123, 124, 125, 126, 127, 128, 129, 130, 131, 132, 133, 134, 135, 136, 137, 138, 139, 140, 141, 142, 143, 144, 145, 146, 147, 148, 149, 150, 151, 152, 153, 154, 155, 157, 158, 159, 160, 161, 162, 163, 164, 165, 166, 167, 168, 170, 171, 172, 173, 174]

--- Генерація вершинного покриття (зі списку суміжності) ---
Знайдене максимальне парування (M): {(56, 101), (37, 170), (6, 20), (80, 122), (1, 115), (48, 102), (40, 162), (106, 171), (7, 58), (88, 168), (139, 149), (38, 167), (31, 42), (33, 70), (79, 85), (73, 96), (134, 146), (87, 116), (93, 95), (18, 71), (8, 100), (44, 108), (0, 123), (120, 158), (3, 30), (52, 151), (27, 51), (65, 154), (57, 159), (46, 49), (91, 136), (119, 173), (61, 165), (62, 75), (39, 137), (22, 130), (82, 160), (15, 36), (14, 16), (111, 150), (12, 147), (19, 97), (118, 164), (63, 76), (9, 105), (107, 121), (41, 66), (127, 133), (50, 142), (34, 54), (17, 157), (60, 109), (84, 140), (13, 98), (32, 166), (77, 143), (59, 92), (104, 124), (4, 67), (21, 83), (35, 45), (23, 55), (117, 138), (24, 29), (86, 132), (103, 148), (163, 169), (26, 99), (25, 110), (10, 11), (53, 174), (2, 135), (126, 161), (64, 94), (74, 144), (112, 128), (131, 141), (129, 153)}
Згенероване вершинне покриття (C): [0, 1, 2, 3, 4, 6, 7, 8, 9, 10, 11, 12, 13, 14, 15, 16, 17, 18, 19, 20, 21, 22, 23, 24, 25, 26, 27, 29, 30, 31, 32, 33, 34, 35, 36, 37, 38, 39, 40, 41, 42, 44, 45, 46, 48, 49, 50, 51, 52, 53, 54, 55, 56, 57, 58, 59, 60, 61, 62, 63, 64, 65, 66, 67, 70, 71, 73, 74, 75, 76, 77, 79, 80, 82, 83, 84, 85, 86, 87, 88, 91, 92, 93, 94, 95, 96, 97, 98, 99, 100, 101, 102, 103, 104, 105, 106, 107, 108, 109, 110, 111, 112, 115, 116, 117, 118, 119, 120, 121, 122, 123, 124, 126, 127, 128, 129, 130, 131, 132, 133, 134, 135, 136, 137, 138, 139, 140, 141, 142, 143, 144, 146, 147, 148, 149, 150, 151, 153, 154, 157, 158, 159, 160, 161, 162, 163, 164, 165, 166, 167, 168, 169, 170, 171, 173, 174]

--- Генерація вершинного покриття (зі списку суміжності) ---
Знайдене максимальне парування (M): {(6, 137), (55, 121), (88, 109), (120, 159), (47, 162), (166, 174), (28, 142), (102, 155), (32, 78), (94, 96), (35, 83), (85, 114), (19, 123), (97, 161), (100, 126), (59, 70), (30, 171), (53, 84), (107, 119), (80, 101), (106, 129), (44, 90), (93, 113), (8, 173), (12, 33), (57, 65), (58, 158), (64, 116), (18, 128), (34, 112), (13, 89), (0, 153), (36, 127), (20, 21), (82, 103), (46, 49), (5, 130), (41, 62), (72, 168), (15, 61), (42, 152), (131, 156), (95, 99), (50, 76), (52, 73), (27, 138), (105, 140), (7, 132), (67, 149), (135, 146), (87, 170), (98, 145), (111, 118), (39, 77), (48, 144), (74, 172), (133, 151), (79, 125), (115, 124), (40, 160), (141, 157), (2, 60), (11, 136), (4, 51), (24, 29), (38, 92), (167, 169), (25, 110), (147, 163), (14, 91), (10, 148), (9, 150), (3, 54), (122, 154), (86, 134), (23, 75), (43, 117), (56, 108), (63, 68)}
Згенероване вершинне покриття (C): [0, 2, 3, 4, 5, 6, 7, 8, 9, 10, 11, 12, 13, 14, 15, 18, 19, 20, 21, 23, 24, 25, 27, 28, 29, 30, 32, 33, 34, 35, 36, 38, 39, 40, 41, 42, 43, 44, 46, 47, 48, 49, 50, 51, 52, 53, 54, 55, 56, 57, 58, 59, 60, 61, 62, 63, 64, 65, 67, 68, 70, 72, 73, 74, 75, 76, 77, 78, 79, 80, 82, 83, 84, 85, 86, 87, 88, 89, 90, 91, 92, 93, 94, 95, 96, 97, 98, 99, 100, 101, 102, 103, 105, 106, 107, 108, 109, 110, 111, 112, 113, 114, 115, 116, 117, 118, 119, 120, 121, 122, 123, 124, 125, 126, 127, 128, 129, 130, 131, 132, 133, 134, 135, 136, 137, 138, 140, 141, 142, 144, 145, 146, 147, 148, 149, 150, 151, 152, 153, 154, 155, 156, 157, 158, 159, 160, 161, 162, 163, 166, 167, 168, 169, 170, 171, 172, 173, 174]

--- Генерація вершинного покриття (зі списку суміжності) ---
Знайдене максимальне парування (M): {(27, 50), (7, 26), (18, 145), (130, 170), (3, 86), (30, 82), (132, 133), (61, 91), (14, 49), (74, 75), (66, 126), (80, 97), (79, 83), (60, 69), (20, 42), (6, 162), (22, 158), (23, 38), (5, 96), (53, 112), (43, 89), (98, 153), (10, 95), (73, 142), (99, 115), (85, 134), (13, 78), (41, 103), (121, 157), (90, 160), (8, 127), (0, 123), (2, 120), (21, 118), (105, 163), (33, 37), (4, 68), (40, 51), (72, 113), (59, 104), (57, 152), (92, 128), (55, 81), (32, 70), (28, 36), (93, 156), (108, 172), (84, 138), (100, 143), (45, 54), (76, 87), (94, 102), (114, 135), (25, 149), (46, 147), (119, 131), (17, 77), (9, 146), (19, 101), (148, 169), (67, 117), (12, 62), (29, 151), (124, 159), (111, 168), (125, 167), (137, 150), (107, 109), (24, 47), (1, 164), (116, 139), (39, 166), (64, 174), (88, 141), (122, 136), (15, 165), (34, 154), (48, 171), (31, 173)}
Згенероване вершинне покриття (C): [0, 1, 2, 3, 4, 5, 6, 7, 8, 9, 10, 12, 13, 14, 15, 17, 18, 19, 20, 21, 22, 23, 24, 25, 26, 27, 28, 29, 30, 31, 32, 33, 34, 36, 37, 38, 39, 40, 41, 42, 43, 45, 46, 47, 48, 49, 50, 51, 53, 54, 55, 57, 59, 60, 61, 62, 64, 66, 67, 68, 69, 70, 72, 73, 74, 75, 76, 77, 78, 79, 80, 81, 82, 83, 84, 85, 86, 87, 88, 89, 90, 91, 92, 93, 94, 95, 96, 97, 98, 99, 100, 101, 102, 103, 104, 105, 107, 108, 109, 111, 112, 113, 114, 115, 116, 117, 118, 119, 120, 121, 122, 123, 124, 125, 126, 127, 128, 130, 131, 132, 133, 134, 135, 136, 137, 138, 139, 141, 142, 143, 145, 146, 147, 148, 149, 150, 151, 152, 153, 154, 156, 157, 158, 159, 160, 162, 163, 164, 165, 166, 167, 168, 169, 170, 171, 172, 173, 174]

--- Генерація вершинного покриття (зі списку суміжності) ---
Знайдене максимальне парування (M): {(109, 129), (72, 73), (74, 82), (12, 162), (20, 56), (158, 161), (112, 157), (17, 78), (40, 171), (14, 106), (69, 124), (61, 120), (52, 117), (108, 125), (77, 103), (4, 153), (35, 131), (32, 144), (44, 143), (5, 7), (63, 150), (28, 137), (49, 50), (16, 65), (60, 98), (13, 133), (26, 139), (54, 122), (0, 96), (64, 141), (79, 160), (15, 68), (59, 102), (39, 126), (34, 121), (25, 97), (84, 115), (23, 163), (19, 22), (58, 62), (156, 164), (6, 88), (55, 99), (27, 92), (2, 81), (145, 148), (9, 105), (138, 173), (51, 113), (142, 170), (8, 90), (3, 167), (114, 135), (94, 166), (21, 127), (123, 147), (18, 91), (45, 93), (83, 104), (85, 101), (48, 155), (67, 80), (107, 116), (10, 110), (36, 165), (11, 154), (76, 100), (37, 118), (33, 41), (42, 53), (24, 111), (159, 174), (1, 136), (31, 70), (149, 172), (140, 169), (57, 128), (30, 89), (29, 66), (46, 146), (95, 130)}
Згенероване вершинне покриття (C): [0, 1, 2, 3, 4, 5, 6, 7, 8, 9, 10, 11, 12, 13, 14, 15, 16, 17, 18, 19, 20, 21, 22, 23, 24, 25, 26, 27, 28, 29, 30, 31, 32, 33, 34, 35, 36, 37, 39, 40, 41, 42, 44, 45, 46, 48, 49, 50, 51, 52, 53, 54, 55, 56, 57, 58, 59, 60, 61, 62, 63, 64, 65, 66, 67, 68, 69, 70, 72, 73, 74, 76, 77, 78, 79, 80, 81, 82, 83, 84, 85, 88, 89, 90, 91, 92, 93, 94, 95, 96, 97, 98, 99, 100, 101, 102, 103, 104, 105, 106, 107, 108, 109, 110, 111, 112, 113, 114, 115, 116, 117, 118, 120, 121, 122, 123, 124, 125, 126, 127, 128, 129, 130, 131, 133, 135, 136, 137, 138, 139, 140, 141, 142, 143, 144, 145, 146, 147, 148, 149, 150, 153, 154, 155, 156, 157, 158, 159, 160, 161, 162, 163, 164, 165, 166, 167, 169, 170, 171, 172, 173, 174]

--- Генерація вершинного покриття (зі списку суміжності) ---
Знайдене максимальне парування (M): {(132, 158), (61, 171), (10, 98), (7, 145), (70, 73), (18, 35), (5, 83), (100, 165), (52, 161), (49, 153), (75, 172), (1, 115), (46, 114), (14, 88), (19, 41), (9, 67), (25, 118), (127, 159), (16, 99), (109, 138), (38, 59), (94, 146), (13, 124), (155, 162), (21, 116), (111, 128), (0, 169), (8, 63), (80, 140), (106, 168), (133, 170), (28, 96), (47, 54), (39, 135), (43, 50), (22, 27), (31, 103), (34, 105), (36, 56), (87, 150), (44, 60), (81, 173), (79, 121), (65, 76), (30, 42), (3, 110), (92, 112), (51, 104), (139, 141), (57, 163), (77, 86), (26, 102), (6, 108), (33, 126), (17, 148), (149, 166), (32, 120), (48, 119), (85, 101), (15, 152), (40, 117), (93, 107), (23, 174), (97, 123), (68, 160), (58, 125), (78, 137), (53, 147), (113, 122), (2, 71), (74, 142), (29, 64), (62, 143), (55, 91), (45, 154), (11, 12), (134, 156), (90, 131)}
Згенероване вершинне покриття (C): [0, 1, 2, 3, 5, 6, 7, 8, 9, 10, 11, 12, 13, 14, 15, 16, 17, 18, 19, 21, 22, 23, 25, 26, 27, 28, 29, 30, 31, 32, 33, 34, 35, 36, 38, 39, 40, 41, 42, 43, 44, 45, 46, 47, 48, 49, 50, 51, 52, 53, 54, 55, 56, 57, 58, 59, 60, 61, 62, 63, 64, 65, 67, 68, 70, 71, 73, 74, 75, 76, 77, 78, 79, 80, 81, 83, 85, 86, 87, 88, 90, 91, 92, 93, 94, 96, 97, 98, 99, 100, 101, 102, 103, 104, 105, 106, 107, 108, 109, 110, 111, 112, 113, 114, 115, 116, 117, 118, 119, 120, 121, 122, 123, 124, 125, 126, 127, 128, 131, 132, 133, 134, 135, 137, 138, 139, 140, 141, 142, 143, 145, 146, 147, 148, 149, 150, 152, 153, 154, 155, 156, 158, 159, 160, 161, 162, 163, 165, 166, 168, 169, 170, 171, 172, 173, 174]

--- Генерація вершинного покриття (зі списку суміжності) ---
Знайдене максимальне парування (M): {(61, 162), (106, 136), (18, 78), (13, 30), (6, 82), (108, 109), (92, 125), (62, 81), (55, 69), (50, 70), (1, 49), (24, 115), (88, 118), (20, 29), (14, 147), (64, 105), (83, 85), (119, 163), (44, 139), (89, 104), (0, 75), (45, 168), (112, 133), (124, 165), (4, 103), (66, 145), (48, 84), (53, 132), (51, 171), (102, 122), (42, 111), (32, 167), (57, 99), (39, 87), (9, 114), (36, 128), (2, 160), (33, 157), (7, 34), (3, 76), (71, 98), (12, 149), (38, 107), (72, 169), (16, 110), (97, 159), (100, 158), (95, 113), (116, 142), (74, 148), (101, 138), (22, 43), (67, 170), (153, 173), (8, 93), (143, 174), (40, 131), (137, 146), (25, 155), (73, 79), (5, 121), (54, 154), (19, 65), (26, 52), (130, 134), (31, 161), (152, 164), (127, 150), (129, 144), (140, 141), (23, 47), (27, 96), (10, 80), (120, 172), (21, 123), (91, 166)}
Згенероване вершинне покриття (C): [0, 1, 2, 3, 4, 5, 6, 7, 8, 9, 10, 12, 13, 14, 16, 18, 19, 20, 21, 22, 23, 24, 25, 26, 27, 29, 30, 31, 32, 33, 34, 36, 38, 39, 40, 42, 43, 44, 45, 47, 48, 49, 50, 51, 52, 53, 54, 55, 57, 61, 62, 64, 65, 66, 67, 69, 70, 71, 72, 73, 74, 75, 76, 78, 79, 80, 81, 82, 83, 84, 85, 87, 88, 89, 91, 92, 93, 95, 96, 97, 98, 99, 100, 101, 102, 103, 104, 105, 106, 107, 108, 109, 110, 111, 112, 113, 114, 115, 116, 118, 119, 120, 121, 122, 123, 124, 125, 127, 128, 129, 130, 131, 132, 133, 134, 136, 137, 138, 139, 140, 141, 142, 143, 144, 145, 146, 147, 148, 149, 150, 152, 153, 154, 155, 157, 158, 159, 160, 161, 162, 163, 164, 165, 166, 167, 168, 169, 170, 171, 172, 173, 174]

--- Генерація вершинного покриття (зі списку суміжності) ---
Знайдене максимальне парування (M): {(27, 141), (139, 172), (93, 150), (77, 163), (48, 136), (84, 132), (24, 44), (25, 98), (124, 140), (73, 101), (2, 59), (38, 55), (106, 171), (15, 126), (52, 145), (35, 147), (16, 79), (121, 162), (37, 65), (95, 164), (60, 105), (31, 72), (28, 119), (116, 122), (76, 113), (19, 70), (39, 103), (49, 169), (67, 159), (128, 144), (0, 50), (85, 173), (45, 82), (74, 118), (104, 107), (78, 152), (125, 157), (14, 69), (9, 64), (86, 158), (80, 87), (26, 61), (115, 127), (75, 112), (123, 161), (12, 83), (4, 88), (30, 33), (108, 154), (90, 148), (40, 92), (29, 156), (10, 133), (110, 165), (54, 66), (1, 68), (53, 170), (47, 117), (149, 168), (22, 102), (21, 58), (6, 32), (13, 56), (89, 91), (17, 81), (11, 138), (3, 109), (5, 51), (151, 160), (20, 134), (43, 99), (23, 130), (18, 143), (41, 120), (71, 100), (129, 135), (42, 146), (57, 137)}
Згенероване вершинне покриття (C): [0, 1, 2, 3, 4, 5, 6, 9, 10, 11, 12, 13, 14, 15, 16, 17, 18, 19, 20, 21, 22, 23, 24, 25, 26, 27, 28, 29, 30, 31, 32, 33, 35, 37, 38, 39, 40, 41, 42, 43, 44, 45, 47, 48, 49, 50, 51, 52, 53, 54, 55, 56, 57, 58, 59, 60, 61, 64, 65, 66, 67, 68, 69, 70, 71, 72, 73, 74, 75, 76, 77, 78, 79, 80, 81, 82, 83, 84, 85, 86, 87, 88, 89, 90, 91, 92, 93, 95, 98, 99, 100, 101, 102, 103, 104, 105, 106, 107, 108, 109, 110, 112, 113, 115, 116, 117, 118, 119, 120, 121, 122, 123, 124, 125, 126, 127, 128, 129, 130, 132, 133, 134, 135, 136, 137, 138, 139, 140, 141, 143, 144, 145, 146, 147, 148, 149, 150, 151, 152, 154, 156, 157, 158, 159, 160, 161, 162, 163, 164, 165, 168, 169, 170, 171, 172, 173]

--- Генерація вершинного покриття (зі списку суміжності) ---
Знайдене максимальне парування (M): {(73, 90), (16, 120), (45, 156), (91, 153), (47, 162), (69, 122), (142, 146), (48, 102), (105, 157), (84, 143), (130, 140), (87, 123), (19, 98), (30, 116), (39, 149), (36, 77), (23, 86), (12, 150), (59, 155), (21, 125), (25, 141), (53, 68), (100, 119), (2, 93), (37, 124), (49, 52), (99, 138), (18, 64), (50, 172), (71, 167), (41, 126), (113, 121), (96, 135), (1, 7), (101, 137), (108, 170), (0, 164), (89, 147), (82, 117), (10, 76), (54, 174), (35, 148), (94, 109), (70, 136), (27, 103), (29, 67), (75, 107), (139, 152), (15, 95), (26, 40), (104, 106), (13, 61), (133, 151), (8, 74), (127, 144), (42, 85), (62, 118), (81, 131), (20, 112), (60, 111), (3, 4), (43, 159), (14, 132), (44, 57), (145, 173), (31, 169), (34, 168), (66, 154), (51, 110), (24, 38), (55, 80), (11, 56), (5, 79), (17, 163), (129, 160), (58, 63), (88, 171), (28, 65), (33, 134), (32, 83), (78, 114)}
Згенероване вершинне покриття (C): [0, 1, 2, 3, 4, 5, 7, 8, 10, 11, 12, 13, 14, 15, 16, 17, 18, 19, 20, 21, 23, 24, 25, 26, 27, 28, 29, 30, 31, 32, 33, 34, 35, 36, 37, 38, 39, 40, 41, 42, 43, 44, 45, 47, 48, 49, 50, 51, 52, 53, 54, 55, 56, 57, 58, 59, 60, 61, 62, 63, 64, 65, 66, 67, 68, 69, 70, 71, 73, 74, 75, 76, 77, 78, 79, 80, 81, 82, 83, 84, 85, 86, 87, 88, 89, 90, 91, 93, 94, 95, 96, 98, 99, 100, 101, 102, 103, 104, 105, 106, 107, 108, 109, 110, 111, 112, 113, 114, 116, 117, 118, 119, 120, 121, 122, 123, 124, 125, 126, 127, 129, 130, 131, 132, 133, 134, 135, 136, 137, 138, 139, 140, 141, 142, 143, 144, 145, 146, 147, 148, 149, 150, 151, 152, 153, 154, 155, 156, 157, 159, 160, 162, 163, 164, 167, 168, 169, 170, 171, 172, 173, 174]

--- Генерація вершинного покриття (зі списку суміжності) ---
Знайдене максимальне парування (M): {(19, 119), (71, 166), (60, 74), (108, 148), (34, 58), (16, 22), (49, 153), (38, 174), (23, 164), (75, 147), (9, 92), (21, 121), (88, 113), (31, 143), (107, 126), (32, 53), (85, 123), (25, 118), (35, 67), (149, 171), (41, 110), (64, 84), (44, 72), (50, 152), (114, 133), (36, 43), (52, 158), (79, 142), (45, 128), (122, 167), (137, 165), (15, 59), (78, 161), (130, 144), (10, 136), (81, 86), (54, 87), (63, 163), (5, 139), (42, 70), (105, 138), (55, 97), (91, 102), (8, 168), (146, 154), (2, 170), (156, 173), (94, 109), (100, 125), (57, 99), (1, 112), (0, 95), (17, 111), (24, 98), (93, 151), (7, 127), (46, 140), (29, 69), (120, 132), (13, 155), (33, 48), (96, 116), (135, 141), (65, 82), (11, 90), (6, 14), (103, 157), (18, 150), (117, 159), (73, 104), (39, 47), (51, 76), (68, 89), (4, 172), (12, 66), (20, 27), (101, 131), (37, 40), (3, 56)}
Згенероване вершинне покриття (C): [0, 1, 2, 3, 4, 5, 6, 7, 8, 9, 10, 11, 12, 13, 14, 15, 16, 17, 18, 19, 20, 21, 22, 23, 24, 25, 27, 29, 31, 32, 33, 34, 35, 36, 37, 38, 39, 40, 41, 42, 43, 44, 45, 46, 47, 48, 49, 50, 51, 52, 53, 54, 55, 56, 57, 58, 59, 60, 63, 64, 65, 66, 67, 68, 69, 70, 71, 72, 73, 74, 75, 76, 78, 79, 81, 82, 84, 85, 86, 87, 88, 89, 90, 91, 92, 93, 94, 95, 96, 97, 98, 99, 100, 101, 102, 103, 104, 105, 107, 108, 109, 110, 111, 112, 113, 114, 116, 117, 118, 119, 120, 121, 122, 123, 125, 126, 127, 128, 130, 131, 132, 133, 135, 136, 137, 138, 139, 140, 141, 142, 143, 144, 146, 147, 148, 149, 150, 151, 152, 153, 154, 155, 156, 157, 158, 159, 161, 163, 164, 165, 166, 167, 168, 170, 171, 172, 173, 174]

--- Генерація вершинного покриття (зі списку суміжності) ---
Знайдене максимальне парування (M): {(28, 58), (99, 118), (10, 91), (47, 55), (19, 103), (136, 160), (45, 85), (15, 80), (8, 96), (41, 172), (43, 144), (33, 143), (18, 124), (21, 123), (30, 34), (0, 39), (105, 122), (133, 138), (31, 145), (3, 74), (94, 128), (2, 173), (48, 115), (61, 79), (87, 171), (97, 117), (93, 113), (25, 40), (84, 159), (7, 73), (76, 90), (24, 153), (44, 165), (148, 170), (5, 121), (57, 168), (59, 77), (37, 110), (23, 65), (36, 129), (78, 83), (104, 166), (71, 126), (27, 101), (92, 112), (56, 70), (32, 100), (38, 95), (51, 131), (13, 114), (62, 134), (116, 169), (75, 98), (141, 146), (52, 68), (42, 158), (66, 88), (82, 139), (9, 109), (152, 157), (53, 108), (142, 174), (11, 154), (49, 147), (16, 89), (1, 63), (119, 156), (17, 26), (155, 161), (140, 151), (120, 127), (106, 137), (125, 135), (54, 102), (64, 167), (12, 50), (29, 130), (132, 149)}
Згенероване вершинне покриття (C): [0, 1, 2, 3, 5, 7, 8, 9, 10, 11, 12, 13, 15, 16, 17, 18, 19, 21, 23, 24, 25, 26, 27, 28, 29, 30, 31, 32, 33, 34, 36, 37, 38, 39, 40, 41, 42, 43, 44, 45, 47, 48, 49, 50, 51, 52, 53, 54, 55, 56, 57, 58, 59, 61, 62, 63, 64, 65, 66, 68, 70, 71, 73, 74, 75, 76, 77, 78, 79, 80, 82, 83, 84, 85, 87, 88, 89, 90, 91, 92, 93, 94, 95, 96, 97, 98, 99, 100, 101, 102, 103, 104, 105, 106, 108, 109, 110, 112, 113, 114, 115, 116, 117, 118, 119, 120, 121, 122, 123, 124, 125, 126, 127, 128, 129, 130, 131, 132, 133, 134, 135, 136, 137, 138, 139, 140, 141, 142, 143, 144, 145, 146, 147, 148, 149, 151, 152, 153, 154, 155, 156, 157, 158, 159, 160, 161, 165, 166, 167, 168, 169, 170, 171, 172, 173, 174]

--- Генерація вершинного покриття (зі списку суміжності) ---
Знайдене максимальне парування (M): {(13, 161), (61, 91), (148, 168), (97, 138), (146, 171), (122, 124), (26, 62), (6, 59), (83, 162), (71, 72), (7, 78), (76, 95), (17, 64), (12, 150), (81, 121), (33, 136), (126, 153), (115, 141), (3, 58), (19, 118), (28, 66), (79, 169), (31, 37), (43, 139), (40, 143), (128, 155), (74, 129), (23, 145), (75, 82), (133, 154), (41, 144), (4, 159), (39, 73), (38, 157), (84, 90), (48, 103), (49, 166), (15, 173), (152, 160), (1, 137), (86, 89), (27, 67), (130, 132), (24, 68), (21, 170), (101, 123), (105, 151), (125, 163), (60, 164), (45, 127), (108, 165), (2, 156), (50, 53), (167, 174), (5, 20), (55, 142), (88, 112), (113, 120), (47, 147), (22, 93), (18, 56), (54, 107), (25, 80), (77, 111), (8, 158), (14, 52), (30, 69), (51, 85), (104, 131), (44, 116), (16, 109), (9, 70), (46, 119), (100, 172), (11, 149), (114, 134), (32, 92)}
Згенероване вершинне покриття (C): [1, 2, 3, 4, 5, 6, 7, 8, 9, 11, 12, 13, 14, 15, 16, 17, 18, 19, 20, 21, 22, 23, 24, 25, 26, 27, 28, 30, 31, 32, 33, 37, 38, 39, 40, 41, 43, 44, 45, 46, 47, 48, 49, 50, 51, 52, 53, 54, 55, 56, 58, 59, 60, 61, 62, 64, 66, 67, 68, 69, 70, 71, 72, 73, 74, 75, 76, 77, 78, 79, 80, 81, 82, 83, 84, 85, 86, 88, 89, 90, 91, 92, 93, 95, 97, 100, 101, 103, 104, 105, 107, 108, 109, 111, 112, 113, 114, 115, 116, 118, 119, 120, 121, 122, 123, 124, 125, 126, 127, 128, 129, 130, 131, 132, 133, 134, 136, 137, 138, 139, 141, 142, 143, 144, 145, 146, 147, 148, 149, 150, 151, 152, 153, 154, 155, 156, 157, 158, 159, 160, 161, 162, 163, 164, 165, 166, 167, 168, 169, 170, 171, 172, 173, 174]

--- Генерація вершинного покриття (зі списку суміжності) ---
Знайдене максимальне парування (M): {(124, 172), (15, 140), (94, 171), (17, 116), (7, 26), (28, 64), (62, 151), (88, 170), (8, 119), (5, 65), (90, 164), (12, 77), (3, 25), (92, 137), (33, 127), (60, 135), (13, 121), (125, 155), (22, 157), (21, 107), (30, 85), (23, 43), (35, 133), (69, 104), (66, 145), (1, 146), (70, 115), (11, 154), (41, 42), (128, 138), (108, 163), (113, 153), (50, 57), (123, 160), (56, 131), (20, 144), (53, 80), (31, 89), (40, 150), (58, 79), (68, 166), (109, 149), (4, 75), (47, 82), (49, 168), (86, 101), (110, 159), (100, 152), (83, 84), (54, 161), (19, 142), (55, 165), (9, 37), (105, 111), (45, 130), (46, 156), (87, 139), (2, 98), (59, 132), (18, 158), (51, 63), (32, 114), (78, 81), (112, 174), (76, 120), (29, 106), (16, 167), (97, 103), (0, 73), (99, 134), (93, 148), (117, 118), (129, 147), (122, 141), (71, 72), (48, 143)}
Згенероване вершинне покриття (C): [0, 1, 2, 3, 4, 5, 7, 8, 9, 11, 12, 13, 15, 16, 17, 18, 19, 20, 21, 22, 23, 25, 26, 28, 29, 30, 31, 32, 33, 35, 37, 40, 41, 42, 43, 45, 46, 47, 48, 49, 50, 51, 53, 54, 55, 56, 57, 58, 59, 60, 62, 63, 64, 65, 66, 68, 69, 70, 71, 72, 73, 75, 76, 77, 78, 79, 80, 81, 82, 83, 84, 85, 86, 87, 88, 89, 90, 92, 93, 94, 97, 98, 99, 100, 101, 103, 104, 105, 106, 107, 108, 109, 110, 111, 112, 113, 114, 115, 116, 117, 118, 119, 120, 121, 122, 123, 124, 125, 127, 128, 129, 130, 131, 132, 133, 134, 135, 137, 138, 139, 140, 141, 142, 143, 144, 145, 146, 147, 148, 149, 150, 151, 152, 153, 154, 155, 156, 157, 158, 159, 160, 161, 163, 164, 165, 166, 167, 168, 170, 171, 172, 174]

--- Генерація вершинного покриття (зі списку суміжності) ---
Знайдене максимальне парування (M): {(13, 33), (4, 64), (15, 149), (47, 80), (45, 92), (56, 156), (68, 121), (23, 34), (46, 130), (52, 143), (18, 65), (44, 166), (48, 157), (66, 144), (5, 167), (79, 101), (127, 129), (85, 132), (155, 160), (35, 140), (2, 27), (99, 161), (67, 86), (126, 153), (53, 114), (55, 111), (93, 104), (22, 135), (57, 120), (152, 165), (105, 145), (163, 168), (69, 87), (24, 82), (137, 142), (100, 123), (3, 71), (32, 107), (94, 134), (118, 128), (89, 110), (81, 136), (1, 91), (148, 174), (29, 37), (11, 40), (102, 124), (49, 88), (21, 26), (8, 138), (119, 170), (51, 154), (84, 151), (36, 74), (72, 158), (96, 125), (17, 70), (115, 172), (25, 117), (16, 169), (39, 63), (54, 61), (76, 146), (30, 103), (171, 173), (38, 147), (31, 141), (43, 106), (12, 73), (19, 60), (59, 78), (62, 113), (6, 7), (58, 109), (75, 159), (112, 162), (10, 50), (133, 139), (150, 164), (90, 122), (0, 131)}
Згенероване вершинне покриття (C): [0, 1, 2, 3, 4, 5, 6, 7, 8, 10, 11, 12, 13, 15, 16, 17, 18, 19, 21, 22, 23, 24, 25, 26, 27, 29, 30, 31, 32, 33, 34, 35, 36, 37, 38, 39, 40, 43, 44, 45, 46, 47, 48, 49, 50, 51, 52, 53, 54, 55, 56, 57, 58, 59, 60, 61, 62, 63, 64, 65, 66, 67, 68, 69, 70, 71, 72, 73, 74, 75, 76, 78, 79, 80, 81, 82, 84, 85, 86, 87, 88, 89, 90, 91, 92, 93, 94, 96, 99, 100, 101, 102, 103, 104, 105, 106, 107, 109, 110, 111, 112, 113, 114, 115, 117, 118, 119, 120, 121, 122, 123, 124, 125, 126, 127, 128, 129, 130, 131, 132, 133, 134, 135, 136, 137, 138, 139, 140, 141, 142, 143, 144, 145, 146, 147, 148, 149, 150, 151, 152, 153, 154, 155, 156, 157, 158, 159, 160, 161, 162, 163, 164, 165, 166, 167, 168, 169, 170, 171, 172, 173, 174]

--- Генерація вершинного покриття (зі списку суміжності) ---
Знайдене максимальне парування (M): {(89, 123), (6, 82), (78, 141), (10, 52), (65, 70), (74, 91), (80, 159), (35, 72), (61, 155), (11, 151), (96, 97), (32, 158), (51, 171), (16, 150), (90, 99), (34, 131), (59, 130), (76, 173), (88, 129), (60, 103), (7, 30), (102, 121), (0, 110), (8, 132), (92, 147), (100, 105), (26, 48), (36, 43), (17, 39), (113, 144), (2, 84), (71, 101), (69, 140), (107, 133), (4, 157), (24, 25), (104, 143), (139, 146), (75, 174), (41, 117), (67, 81), (14, 142), (95, 106), (12, 163), (87, 111), (116, 165), (37, 55), (122, 153), (29, 145), (38, 93), (57, 115), (114, 167), (15, 45), (86, 160), (1, 73), (85, 124), (112, 126), (19, 108), (20, 137), (49, 152), (18, 127), (9, 109), (21, 83), (120, 125), (40, 135), (54, 134), (42, 172), (62, 168), (47, 149), (56, 170), (13, 31), (98, 154), (33, 162), (136, 156), (64, 94), (118, 138), (68, 119), (27, 148), (22, 161), (46, 128)}
Згенероване вершинне покриття (C): [0, 1, 2, 4, 6, 7, 8, 9, 10, 11, 12, 13, 14, 15, 16, 17, 18, 19, 20, 21, 22, 24, 25, 26, 27, 29, 30, 31, 32, 33, 34, 35, 36, 37, 38, 39, 40, 41, 42, 43, 45, 46, 47, 48, 49, 51, 52, 54, 55, 56, 57, 59, 60, 61, 62, 64, 65, 67, 68, 69, 70, 71, 72, 73, 74, 75, 76, 78, 80, 81, 82, 83, 84, 85, 86, 87, 88, 89, 90, 91, 92, 93, 94, 95, 96, 97, 98, 99, 100, 101, 102, 103, 104, 105, 106, 107, 108, 109, 110, 111, 112, 113, 114, 115, 116, 117, 118, 119, 120, 121, 122, 123, 124, 125, 126, 127, 128, 129, 130, 131, 132, 133, 134, 135, 136, 137, 138, 139, 140, 141, 142, 143, 144, 145, 146, 147, 148, 149, 150, 151, 152, 153, 154, 155, 156, 157, 158, 159, 160, 161, 162, 163, 165, 167, 168, 170, 171, 172, 173, 174]

--- Генерація вершинного покриття (зі списку суміжності) ---
Знайдене максимальне парування (M): {(118, 159), (15, 94), (35, 106), (1, 58), (139, 172), (60, 92), (89, 107), (96, 170), (2, 41), (46, 169), (137, 168), (66, 126), (155, 158), (21, 167), (8, 50), (16, 33), (14, 17), (3, 145), (27, 29), (99, 152), (36, 77), (20, 163), (0, 160), (64, 86), (73, 98), (22, 25), (56, 146), (51, 134), (87, 100), (44, 74), (30, 93), (61, 108), (7, 82), (9, 128), (149, 150), (55, 115), (85, 95), (5, 105), (65, 101), (75, 130), (32, 125), (104, 166), (67, 147), (42, 81), (10, 39), (12, 131), (79, 114), (90, 132), (91, 97), (45, 164), (34, 109), (19, 154), (28, 47), (78, 142), (43, 120), (69, 148), (24, 70), (117, 173), (31, 112), (23, 53), (49, 72), (140, 156), (52, 116), (48, 57), (83, 161), (71, 141), (80, 171), (13, 38), (4, 133), (84, 162), (59, 151), (62, 113), (119, 165), (11, 138), (63, 121), (76, 157), (68, 153), (124, 127), (135, 136), (37, 40), (129, 144)}
Згенероване вершинне покриття (C): [0, 1, 2, 3, 4, 5, 7, 8, 9, 10, 11, 12, 13, 14, 15, 16, 17, 19, 20, 21, 22, 23, 24, 25, 27, 28, 29, 30, 31, 32, 33, 34, 35, 36, 37, 38, 39, 40, 41, 42, 43, 44, 45, 46, 47, 48, 49, 50, 51, 52, 53, 55, 56, 57, 58, 59, 60, 61, 62, 63, 64, 65, 66, 67, 68, 69, 70, 71, 72, 73, 74, 75, 76, 77, 78, 79, 80, 81, 82, 83, 84, 85, 86, 87, 89, 90, 91, 92, 93, 94, 95, 96, 97, 98, 99, 100, 101, 104, 105, 106, 107, 108, 109, 112, 113, 114, 115, 116, 117, 118, 119, 120, 121, 124, 125, 126, 127, 128, 129, 130, 131, 132, 133, 134, 135, 136, 137, 138, 139, 140, 141, 142, 144, 145, 146, 147, 148, 149, 150, 151, 152, 153, 154, 155, 156, 157, 158, 159, 160, 161, 162, 163, 164, 165, 166, 167, 168, 169, 170, 171, 172, 173]

--- Генерація вершинного покриття (зі списку суміжності) ---
Знайдене максимальне парування (M): {(66, 158), (62, 72), (95, 148), (88, 164), (36, 126), (104, 160), (22, 81), (24, 115), (101, 170), (0, 69), (91, 98), (112, 130), (35, 163), (16, 49), (65, 136), (141, 168), (26, 71), (50, 157), (57, 107), (8, 132), (75, 76), (23, 77), (25, 111), (52, 85), (102, 134), (97, 147), (21, 173), (1, 151), (9, 119), (51, 118), (29, 161), (6, 58), (44, 140), (34, 105), (10, 156), (43, 61), (27, 74), (4, 106), (2, 17), (108, 154), (19, 42), (3, 174), (86, 144), (68, 117), (123, 172), (152, 153), (80, 121), (89, 133), (114, 171), (18, 63), (28, 40), (64, 124), (39, 70), (103, 155), (59, 122), (60, 129), (87, 165), (127, 146), (100, 113), (13, 93), (7, 150), (33, 169), (90, 166), (135, 143), (79, 120), (30, 78), (38, 131), (32, 145), (55, 128), (15, 37), (53, 149), (82, 109), (12, 96), (46, 73), (92, 159), (11, 94), (14, 56)}
Згенероване вершинне покриття (C): [0, 1, 2, 3, 4, 6, 7, 8, 9, 10, 11, 12, 13, 14, 15, 16, 17, 18, 19, 21, 22, 23, 24, 25, 26, 27, 28, 29, 30, 32, 33, 34, 35, 36, 37, 38, 39, 40, 42, 43, 44, 46, 49, 50, 51, 52, 53, 55, 56, 57, 58, 59, 60, 61, 62, 63, 64, 65, 66, 68, 69, 70, 71, 72, 73, 74, 75, 76, 77, 78, 79, 80, 81, 82, 85, 86, 87, 88, 89, 90, 91, 92, 93, 94, 95, 96, 97, 98, 100, 101, 102, 103, 104, 105, 106, 107, 108, 109, 111, 112, 113, 114, 115, 117, 118, 119, 120, 121, 122, 123, 124, 126, 127, 128, 129, 130, 131, 132, 133, 134, 135, 136, 140, 141, 143, 144, 145, 146, 147, 148, 149, 150, 151, 152, 153, 154, 155, 156, 157, 158, 159, 160, 161, 163, 164, 165, 166, 168, 169, 170, 171, 172, 173, 174]

--- Генерація вершинного покриття (зі списку суміжності) ---
Знайдене максимальне парування (M): {(35, 143), (57, 149), (104, 142), (33, 146), (105, 113), (19, 107), (75, 103), (47, 68), (49, 157), (5, 132), (64, 151), (1, 52), (84, 99), (4, 21), (101, 109), (31, 38), (80, 89), (10, 134), (28, 85), (34, 40), (124, 156), (144, 171), (91, 159), (6, 60), (70, 164), (41, 155), (94, 106), (3, 110), (69, 108), (29, 74), (17, 51), (55, 126), (8, 54), (22, 71), (0, 111), (50, 121), (11, 169), (39, 90), (15, 163), (122, 167), (83, 130), (43, 173), (9, 65), (61, 133), (24, 117), (152, 162), (26, 120), (37, 154), (141, 165), (12, 161), (72, 125), (13, 129), (131, 145), (56, 115), (123, 135), (76, 93), (148, 158), (81, 86), (16, 82), (78, 139), (44, 116), (20, 27), (36, 136), (58, 87), (7, 170), (77, 88), (59, 147), (53, 100), (23, 96), (73, 118), (140, 150), (66, 79), (14, 166), (42, 97), (48, 137)}
Згенероване вершинне покриття (C): [0, 1, 3, 4, 5, 6, 7, 8, 9, 10, 11, 12, 13, 14, 15, 16, 17, 19, 20, 21, 22, 23, 24, 26, 27, 28, 29, 31, 33, 34, 35, 36, 37, 38, 39, 40, 41, 42, 43, 44, 47, 48, 49, 50, 51, 52, 53, 54, 55, 56, 57, 58, 59, 60, 61, 64, 65, 66, 68, 69, 70, 71, 72, 73, 74, 75, 76, 77, 78, 79, 80, 81, 82, 83, 84, 85, 86, 87, 88, 89, 90, 91, 93, 94, 96, 97, 99, 100, 101, 103, 104, 105, 106, 107, 108, 109, 110, 111, 113, 115, 116, 117, 118, 120, 121, 122, 123, 124, 125, 126, 129, 130, 131, 132, 133, 134, 135, 136, 137, 139, 140, 141, 142, 143, 144, 145, 146, 147, 148, 149, 150, 151, 152, 154, 155, 156, 157, 158, 159, 161, 162, 163, 164, 165, 166, 167, 169, 170, 171, 173]

--- Генерація вершинного покриття (зі списку суміжності) ---
Знайдене максимальне парування (M): {(32, 101), (35, 42), (26, 39), (119, 142), (36, 80), (105, 134), (83, 131), (117, 172), (74, 146), (85, 91), (72, 84), (90, 163), (76, 118), (63, 155), (2, 123), (49, 55), (28, 151), (30, 141), (3, 99), (12, 166), (33, 97), (130, 167), (41, 110), (53, 139), (37, 122), (156, 158), (47, 77), (5, 25), (38, 59), (23, 168), (52, 94), (21, 125), (88, 145), (45, 128), (68, 93), (70, 127), (116, 124), (40, 150), (16, 165), (111, 164), (4, 157), (34, 57), (11, 107), (103, 174), (133, 154), (60, 148), (24, 73), (56, 114), (108, 161), (14, 62), (15, 27), (71, 96), (92, 137), (126, 159), (95, 147), (7, 171), (65, 69), (79, 132), (136, 138), (115, 152), (66, 113), (106, 112), (48, 64), (46, 140), (31, 121), (29, 87), (54, 61), (129, 149), (44, 169), (78, 82), (0, 120), (9, 22), (43, 81), (19, 160), (75, 104), (135, 173), (6, 89), (18, 143), (86, 100), (58, 102)}
Згенероване вершинне покриття (C): [0, 2, 3, 4, 5, 6, 7, 9, 11, 12, 14, 15, 16, 18, 19, 21, 22, 23, 24, 25, 26, 27, 28, 29, 30, 31, 32, 33, 34, 35, 36, 37, 38, 39, 40, 41, 42, 43, 44, 45, 46, 47, 48, 49, 52, 53, 54, 55, 56, 57, 58, 59, 60, 61, 62, 63, 64, 65, 66, 68, 69, 70, 71, 72, 73, 74, 75, 76, 77, 78, 79, 80, 81, 82, 83, 84, 85, 86, 87, 88, 89, 90, 91, 92, 93, 94, 95, 96, 97, 99, 100, 101, 102, 103, 104, 105, 106, 107, 108, 110, 111, 112, 113, 114, 115, 116, 117, 118, 119, 120, 121, 122, 123, 124, 125, 126, 127, 128, 129, 130, 131, 132, 133, 134, 135, 136, 137, 138, 139, 140, 141, 142, 143, 145, 146, 147, 148, 149, 150, 151, 152, 154, 155, 156, 157, 158, 159, 160, 161, 163, 164, 165, 166, 167, 168, 169, 171, 172, 173, 174]

--- Генерація вершинного покриття (зі списку суміжності) ---
Знайдене максимальне парування (M): {(21, 144), (113, 163), (5, 10), (40, 41), (20, 38), (142, 162), (7, 172), (2, 66), (29, 105), (112, 157), (30, 48), (61, 118), (64, 80), (79, 108), (54, 152), (153, 164), (49, 110), (91, 155), (59, 96), (3, 170), (84, 143), (11, 37), (90, 101), (83, 135), (85, 132), (119, 121), (44, 115), (146, 166), (75, 87), (42, 148), (69, 174), (45, 55), (50, 51), (65, 97), (145, 151), (92, 133), (46, 56), (9, 16), (103, 126), (27, 33), (124, 158), (99, 138), (68, 150), (116, 117), (32, 169), (88, 131), (53, 109), (70, 104), (28, 43), (100, 114), (77, 93), (58, 89), (52, 137), (26, 63), (34, 171), (154, 160), (111, 134), (67, 149), (107, 130), (159, 168), (78, 167), (36, 106), (15, 22), (31, 73), (60, 173), (72, 156), (98, 120), (0, 24), (6, 12), (62, 102), (86, 123), (35, 47), (8, 14), (139, 140), (136, 165), (17, 74), (128, 161), (71, 127), (76, 141), (39, 122)}
Згенероване вершинне покриття (C): [0, 2, 3, 5, 6, 7, 8, 9, 10, 11, 12, 14, 15, 16, 17, 20, 21, 22, 24, 26, 27, 28, 29, 30, 31, 32, 33, 34, 35, 36, 37, 38, 39, 40, 41, 42, 43, 44, 45, 46, 47, 48, 49, 50, 51, 52, 53, 54, 55, 56, 58, 59, 60, 61, 62, 63, 64, 65, 66, 67, 68, 69, 70, 71, 72, 73, 74, 75, 76, 77, 78, 79, 80, 83, 84, 85, 86, 87, 88, 89, 90, 91, 92, 93, 96, 97, 98, 99, 100, 101, 102, 103, 104, 105, 106, 107, 108, 109, 110, 111, 112, 113, 114, 115, 116, 117, 118, 119, 120, 121, 122, 123, 124, 126, 127, 128, 130, 131, 132, 133, 134, 135, 136, 137, 138, 139, 140, 141, 142, 143, 144, 145, 146, 148, 149, 150, 151, 152, 153, 154, 155, 156, 157, 158, 159, 160, 161, 162, 163, 164, 165, 166, 167, 168, 169, 170, 171, 172, 173, 174]

--- Генерація вершинного покриття (зі списку суміжності) ---
Знайдене максимальне парування (M): {(33, 155), (70, 174), (161, 166), (127, 143), (45, 156), (58, 150), (2, 75), (63, 125), (72, 148), (35, 108), (73, 92), (88, 120), (53, 98), (20, 104), (32, 133), (51, 164), (1, 90), (17, 71), (82, 106), (48, 49), (128, 167), (21, 160), (40, 54), (114, 122), (100, 105), (135, 163), (27, 38), (13, 30), (47, 132), (23, 141), (14, 37), (78, 159), (7, 126), (146, 168), (41, 151), (76, 117), (119, 152), (31, 39), (81, 107), (44, 131), (96, 144), (36, 102), (80, 169), (62, 139), (84, 99), (87, 95), (18, 50), (65, 94), (0, 157), (3, 9), (16, 101), (22, 34), (74, 154), (57, 147), (26, 86), (115, 170), (6, 110), (43, 129), (10, 25), (123, 149), (15, 24), (52, 171), (121, 124), (8, 12), (56, 113), (112, 142), (140, 158), (29, 153), (60, 67), (61, 66), (136, 172), (5, 42), (97, 134), (64, 103), (137, 173), (83, 165), (85, 162)}
Згенероване вершинне покриття (C): [0, 1, 2, 3, 5, 6, 7, 8, 9, 10, 12, 13, 14, 15, 16, 17, 18, 20, 21, 22, 23, 24, 25, 26, 27, 29, 30, 31, 32, 33, 34, 35, 36, 37, 38, 39, 40, 41, 42, 43, 44, 45, 47, 48, 49, 50, 51, 52, 53, 54, 56, 57, 58, 60, 61, 62, 63, 64, 65, 66, 67, 70, 71, 72, 73, 74, 75, 76, 78, 80, 81, 82, 83, 84, 85, 86, 87, 88, 90, 92, 94, 95, 96, 97, 98, 99, 100, 101, 102, 103, 104, 105, 106, 107, 108, 110, 112, 113, 114, 115, 117, 119, 120, 121, 122, 123, 124, 125, 126, 127, 128, 129, 131, 132, 133, 134, 135, 136, 137, 139, 140, 141, 142, 143, 144, 146, 147, 148, 149, 150, 151, 152, 153, 154, 155, 156, 157, 158, 159, 160, 161, 162, 163, 164, 165, 166, 167, 168, 169, 170, 171, 172, 173, 174]

--- Генерація вершинного покриття (зі списку суміжності) ---
Знайдене максимальне парування (M): {(4, 119), (21, 135), (2, 57), (34, 37), (31, 102), (30, 82), (32, 76), (122, 140), (46, 148), (70, 130), (8, 121), (18, 101), (3, 88), (22, 156), (84, 107), (58, 152), (0, 80), (33, 150), (64, 128), (45, 69), (17, 62), (137, 170), (6, 116), (78, 129), (10, 159), (44, 106), (81, 155), (11, 103), (85, 143), (120, 174), (89, 113), (160, 164), (15, 169), (118, 142), (48, 138), (112, 168), (51, 127), (12, 154), (96, 144), (74, 86), (115, 136), (36, 166), (91, 111), (93, 172), (52, 55), (92, 146), (71, 117), (110, 163), (16, 126), (35, 139), (105, 158), (19, 42), (49, 77), (50, 60), (68, 108), (43, 63), (23, 94), (134, 157), (28, 29), (40, 67), (5, 54), (14, 66), (72, 165), (133, 151), (95, 167), (47, 90), (25, 124), (26, 161), (53, 99), (20, 41), (9, 38), (59, 87), (39, 56), (83, 145), (13, 104), (131, 141), (97, 173), (132, 149)}
Згенероване вершинне покриття (C): [0, 2, 3, 4, 5, 6, 8, 9, 10, 11, 12, 13, 14, 15, 16, 17, 18, 19, 20, 21, 22, 23, 25, 26, 28, 29, 30, 31, 32, 33, 34, 35, 36, 37, 38, 39, 40, 41, 42, 43, 44, 45, 46, 47, 48, 49, 50, 51, 52, 53, 54, 55, 56, 57, 58, 59, 60, 62, 63, 64, 66, 67, 68, 69, 70, 71, 72, 74, 76, 77, 78, 80, 81, 82, 83, 84, 85, 86, 87, 88, 89, 90, 91, 92, 93, 94, 95, 96, 97, 99, 101, 102, 103, 104, 105, 106, 107, 108, 110, 111, 112, 113, 115, 116, 117, 118, 119, 120, 121, 122, 124, 126, 127, 128, 129, 130, 131, 132, 133, 134, 135, 136, 137, 138, 139, 140, 141, 142, 143, 144, 145, 146, 148, 149, 150, 151, 152, 154, 155, 156, 157, 158, 159, 160, 161, 163, 164, 165, 166, 167, 168, 169, 170, 172, 173, 174]

--- Генерація вершинного покриття (зі списку суміжності) ---
Знайдене максимальне парування (M): {(12, 123), (119, 133), (10, 165), (90, 152), (5, 120), (44, 51), (32, 49), (25, 105), (88, 112), (17, 82), (22, 96), (31, 99), (102, 150), (9, 142), (106, 130), (3, 40), (1, 15), (109, 116), (36, 168), (27, 43), (39, 75), (38, 144), (115, 141), (30, 45), (128, 138), (65, 155), (21, 76), (37, 60), (6, 139), (2, 41), (147, 157), (16, 159), (137, 162), (63, 97), (23, 24), (14, 140), (103, 108), (161, 171), (4, 148), (135, 149), (48, 62), (77, 104), (35, 129), (57, 71), (59, 163), (28, 166), (29, 131), (11, 34), (64, 67), (100, 127), (7, 79), (66, 98), (93, 173), (52, 117), (8, 56), (19, 114), (26, 156), (47, 69), (80, 111), (18, 85), (42, 125), (0, 55), (87, 145), (101, 107), (20, 158), (126, 136), (58, 81), (13, 61), (73, 164), (70, 86), (95, 170), (113, 121), (143, 146), (50, 92), (53, 124), (54, 68)}
Згенероване вершинне покриття (C): [0, 1, 2, 3, 4, 5, 6, 7, 8, 9, 10, 11, 12, 13, 14, 15, 16, 17, 18, 19, 20, 21, 22, 23, 24, 25, 26, 27, 28, 29, 30, 31, 32, 34, 35, 36, 37, 38, 39, 40, 41, 42, 43, 44, 45, 47, 48, 49, 50, 51, 52, 53, 54, 55, 56, 57, 58, 59, 60, 61, 62, 63, 64, 65, 66, 67, 68, 69, 70, 71, 73, 75, 76, 77, 79, 80, 81, 82, 85, 86, 87, 88, 90, 92, 93, 95, 96, 97, 98, 99, 100, 101, 102, 103, 104, 105, 106, 107, 108, 109, 111, 112, 113, 114, 115, 116, 117, 119, 120, 121, 123, 124, 125, 126, 127, 128, 129, 130, 131, 133, 135, 136, 137, 138, 139, 140, 141, 142, 143, 144, 145, 146, 147, 148, 149, 150, 152, 155, 156, 157, 158, 159, 161, 162, 163, 164, 165, 166, 168, 170, 171, 173]

--- Генерація вершинного покриття (зі списку суміжності) ---
Знайдене максимальне парування (M): {(15, 21), (114, 143), (18, 26), (16, 93), (33, 63), (19, 82), (24, 145), (147, 160), (48, 129), (52, 86), (92, 163), (36, 112), (115, 155), (44, 168), (6, 43), (39, 174), (95, 109), (150, 173), (45, 53), (54, 74), (27, 120), (56, 71), (30, 116), (49, 50), (97, 99), (64, 123), (37, 124), (103, 172), (98, 130), (59, 157), (23, 170), (100, 139), (51, 81), (96, 144), (7, 121), (70, 104), (68, 88), (3, 135), (38, 166), (62, 105), (41, 137), (78, 165), (20, 126), (40, 83), (31, 153), (80, 91), (8, 72), (141, 171), (25, 131), (47, 161), (22, 107), (77, 125), (66, 159), (11, 113), (29, 158), (108, 140), (57, 67), (73, 136), (46, 167), (13, 164), (1, 61), (101, 127), (122, 134), (17, 42), (12, 128), (89, 146), (106, 162), (55, 119), (85, 169), (69, 118), (28, 65), (0, 58), (14, 148), (9, 79), (32, 138), (60, 154), (75, 152)}
Згенероване вершинне покриття (C): [0, 1, 3, 6, 7, 8, 9, 11, 12, 13, 14, 15, 16, 17, 18, 19, 20, 21, 22, 23, 24, 25, 26, 27, 28, 29, 30, 31, 32, 33, 36, 37, 38, 39, 40, 41, 42, 43, 44, 45, 46, 47, 48, 49, 50, 51, 52, 53, 54, 55, 56, 57, 58, 59, 60, 61, 62, 63, 64, 65, 66, 67, 68, 69, 70, 71, 72, 73, 74, 75, 77, 78, 79, 80, 81, 82, 83, 85, 86, 88, 89, 91, 92, 93, 95, 96, 97, 98, 99, 100, 101, 103, 104, 105, 106, 107, 108, 109, 112, 113, 114, 115, 116, 118, 119, 120, 121, 122, 123, 124, 125, 126, 127, 128, 129, 130, 131, 134, 135, 136, 137, 138, 139, 140, 141, 143, 144, 145, 146, 147, 148, 150, 152, 153, 154, 155, 157, 158, 159, 160, 161, 162, 163, 164, 165, 166, 167, 168, 169, 170, 171, 172, 173, 174]

--- Генерація вершинного покриття (зі списку суміжності) ---
Знайдене максимальне парування (M): {(13, 170), (8, 119), (127, 134), (18, 92), (45, 76), (19, 121), (37, 72), (83, 133), (103, 111), (69, 97), (141, 168), (78, 109), (64, 73), (82, 143), (2, 153), (39, 174), (21, 169), (130, 140), (124, 154), (157, 166), (65, 95), (10, 49), (57, 164), (104, 105), (41, 131), (15, 75), (98, 146), (25, 150), (23, 24), (58, 149), (27, 51), (102, 145), (35, 55), (5, 84), (89, 99), (32, 77), (126, 148), (101, 128), (67, 108), (34, 50), (61, 165), (56, 123), (17, 52), (70, 122), (40, 136), (107, 171), (6, 79), (9, 112), (26, 36), (60, 132), (62, 114), (16, 80), (30, 42), (28, 118), (94, 173), (44, 117), (106, 110), (87, 115), (74, 90), (20, 137), (0, 113), (53, 88), (93, 151), (22, 54), (71, 139), (11, 33), (66, 161), (142, 147), (159, 163), (47, 156), (38, 138), (3, 116), (68, 96), (91, 158), (125, 160), (46, 135), (29, 167), (85, 144), (7, 63)}
Згенероване вершинне покриття (C): [0, 2, 3, 5, 6, 7, 8, 9, 10, 11, 13, 15, 16, 17, 18, 19, 20, 21, 22, 23, 24, 25, 26, 27, 28, 29, 30, 32, 33, 34, 35, 36, 37, 38, 39, 40, 41, 42, 44, 45, 46, 47, 49, 50, 51, 52, 53, 54, 55, 56, 57, 58, 60, 61, 62, 63, 64, 65, 66, 67, 68, 69, 70, 71, 72, 73, 74, 75, 76, 77, 78, 79, 80, 82, 83, 84, 85, 87, 88, 89, 90, 91, 92, 93, 94, 95, 96, 97, 98, 99, 101, 102, 103, 104, 105, 106, 107, 108, 109, 110, 111, 112, 113, 114, 115, 116, 117, 118, 119, 121, 122, 123, 124, 125, 126, 127, 128, 130, 131, 132, 133, 134, 135, 136, 137, 138, 139, 140, 141, 142, 143, 144, 145, 146, 147, 148, 149, 150, 151, 153, 154, 156, 157, 158, 159, 160, 161, 163, 164, 165, 166, 167, 168, 169, 170, 171, 173, 174]

--- Генерація вершинного покриття (зі списку суміжності) ---
Знайдене максимальне парування (M): {(1, 31), (55, 130), (61, 70), (154, 173), (11, 115), (25, 123), (57, 121), (38, 126), (59, 103), (96, 161), (7, 138), (30, 48), (51, 91), (40, 134), (101, 156), (2, 98), (3, 8), (90, 110), (6, 171), (43, 135), (93, 166), (34, 89), (97, 163), (4, 36), (60, 162), (145, 160), (14, 140), (87, 100), (47, 54), (85, 102), (33, 165), (104, 109), (72, 113), (88, 131), (149, 159), (65, 83), (12, 74), (84, 99), (67, 147), (5, 141), (41, 73), (35, 139), (17, 45), (114, 142), (21, 152), (32, 63), (92, 148), (106, 174), (58, 155), (53, 168), (71, 82), (94, 111), (122, 157), (37, 132), (26, 95), (18, 164), (105, 144), (16, 66), (19, 28), (0, 42), (107, 116), (75, 127), (118, 125), (108, 124), (69, 150), (20, 50), (79, 136), (46, 78), (23, 119), (77, 129), (167, 169), (27, 146), (68, 80), (49, 76), (24, 86), (44, 52), (29, 39), (117, 170)}
Згенероване вершинне покриття (C): [0, 1, 2, 3, 4, 5, 6, 7, 8, 11, 12, 14, 16, 17, 18, 19, 20, 21, 23, 24, 25, 26, 27, 28, 29, 30, 31, 32, 33, 34, 35, 36, 37, 38, 39, 40, 41, 42, 43, 44, 45, 46, 47, 48, 49, 50, 51, 52, 53, 54, 55, 57, 58, 59, 60, 61, 63, 65, 66, 67, 68, 69, 70, 71, 72, 73, 74, 75, 76, 77, 78, 79, 80, 82, 83, 84, 85, 86, 87, 88, 89, 90, 91, 92, 93, 94, 95, 96, 97, 98, 99, 100, 101, 102, 103, 104, 105, 106, 107, 108, 109, 110, 111, 113, 114, 115, 116, 117, 118, 119, 121, 122, 123, 124, 125, 126, 127, 129, 130, 131, 132, 134, 135, 136, 138, 139, 140, 141, 142, 144, 145, 146, 147, 148, 149, 150, 152, 154, 155, 156, 157, 159, 160, 161, 162, 163, 164, 165, 166, 167, 168, 169, 170, 171, 173, 174]

--- Генерація вершинного покриття (зі списку суміжності) ---
Знайдене максимальне парування (M): {(12, 68), (33, 127), (48, 54), (51, 71), (81, 133), (79, 163), (92, 145), (109, 161), (60, 103), (98, 160), (25, 155), (90, 165), (19, 123), (37, 156), (78, 111), (112, 143), (27, 47), (35, 94), (46, 100), (23, 77), (22, 151), (75, 87), (152, 172), (7, 80), (59, 63), (14, 21), (74, 136), (70, 157), (64, 171), (56, 66), (0, 116), (13, 55), (38, 118), (26, 61), (1, 135), (45, 169), (62, 130), (8, 104), (73, 84), (36, 129), (114, 149), (49, 148), (17, 125), (164, 168), (86, 142), (102, 138), (132, 173), (72, 97), (159, 166), (106, 108), (95, 117), (113, 141), (131, 158), (67, 140), (28, 29), (83, 120), (3, 11), (5, 20), (126, 154), (88, 137), (30, 147), (105, 162), (82, 139), (52, 107), (4, 76), (43, 58), (10, 119), (2, 69), (31, 50), (9, 93), (16, 34), (15, 99), (32, 115), (153, 167), (18, 24), (110, 128), (53, 85), (39, 40), (134, 174), (65, 150)}
Згенероване вершинне покриття (C): [0, 1, 2, 3, 4, 5, 7, 8, 9, 10, 11, 12, 13, 14, 15, 16, 17, 18, 19, 20, 21, 22, 23, 24, 25, 26, 27, 28, 29, 30, 31, 32, 33, 34, 35, 36, 37, 38, 39, 40, 43, 45, 46, 47, 48, 49, 50, 51, 52, 53, 54, 55, 56, 58, 59, 60, 61, 62, 63, 64, 65, 66, 67, 68, 69, 70, 71, 72, 73, 74, 75, 76, 77, 78, 79, 80, 81, 82, 83, 84, 85, 86, 87, 88, 90, 92, 93, 94, 95, 97, 98, 99, 100, 102, 103, 104, 105, 106, 107, 108, 109, 110, 111, 112, 113, 114, 115, 116, 117, 118, 119, 120, 123, 125, 126, 127, 128, 129, 130, 131, 132, 133, 134, 135, 136, 137, 138, 139, 140, 141, 142, 143, 145, 147, 148, 149, 150, 151, 152, 153, 154, 155, 156, 157, 158, 159, 160, 161, 162, 163, 164, 165, 166, 167, 168, 169, 171, 172, 173, 174]

--- Генерація вершинного покриття (зі списку суміжності) ---
Знайдене максимальне парування (M): {(70, 73), (165, 173), (3, 22), (45, 156), (139, 172), (108, 148), (11, 151), (38, 80), (50, 127), (125, 130), (29, 98), (54, 170), (96, 99), (47, 66), (64, 82), (19, 114), (1, 163), (42, 91), (118, 174), (51, 123), (34, 89), (10, 79), (7, 71), (39, 133), (25, 104), (37, 69), (143, 144), (32, 121), (59, 93), (2, 13), (122, 142), (12, 17), (52, 53), (61, 65), (35, 110), (44, 76), (5, 105), (33, 158), (40, 136), (57, 152), (72, 88), (95, 154), (49, 166), (112, 115), (107, 128), (86, 160), (16, 117), (63, 67), (119, 129), (85, 106), (9, 169), (6, 145), (24, 41), (15, 157), (26, 102), (27, 30), (135, 164), (14, 167), (97, 137), (90, 116), (74, 83), (68, 131), (56, 111), (134, 168), (8, 101), (94, 113), (58, 141), (126, 147), (23, 55), (146, 153), (18, 31), (150, 162), (36, 140), (20, 43), (0, 138), (21, 87), (62, 161), (48, 171), (92, 159), (109, 120)}
Згенероване вершинне покриття (C): [0, 1, 2, 3, 5, 6, 7, 8, 9, 10, 11, 12, 13, 14, 15, 16, 17, 18, 19, 20, 21, 22, 23, 24, 25, 26, 27, 29, 30, 31, 32, 33, 34, 35, 36, 37, 38, 39, 40, 41, 42, 43, 44, 45, 47, 48, 49, 50, 51, 52, 53, 54, 55, 56, 57, 58, 59, 61, 62, 63, 64, 65, 66, 67, 68, 69, 70, 71, 72, 73, 74, 76, 79, 80, 82, 83, 85, 86, 87, 88, 89, 90, 91, 92, 93, 94, 95, 96, 97, 98, 99, 101, 102, 104, 105, 106, 107, 108, 109, 110, 111, 112, 113, 114, 115, 116, 117, 118, 119, 120, 121, 122, 123, 125, 126, 127, 128, 129, 130, 131, 133, 134, 135, 136, 137, 138, 139, 140, 141, 142, 143, 144, 145, 146, 147, 148, 150, 151, 152, 153, 154, 156, 157, 158, 159, 160, 161, 162, 163, 164, 165, 166, 167, 168, 169, 170, 171, 172, 173, 174]

--- Генерація вершинного покриття (зі списку суміжності) ---
Знайдене максимальне парування (M): {(123, 149), (14, 117), (13, 91), (72, 140), (58, 68), (64, 84), (105, 128), (22, 26), (93, 132), (50, 137), (135, 147), (141, 157), (95, 108), (2, 127), (60, 86), (46, 121), (44, 69), (129, 134), (65, 79), (66, 139), (43, 82), (27, 150), (0, 75), (100, 104), (52, 152), (125, 164), (111, 119), (28, 170), (7, 74), (24, 151), (17, 54), (73, 77), (15, 96), (101, 160), (41, 173), (48, 154), (4, 78), (70, 133), (20, 92), (90, 166), (29, 159), (16, 113), (146, 171), (12, 33), (10, 124), (31, 110), (8, 136), (107, 145), (143, 156), (172, 174), (6, 59), (5, 39), (76, 81), (49, 131), (80, 106), (1, 142), (89, 118), (102, 109), (42, 165), (85, 99), (36, 57), (11, 98), (51, 112), (3, 130), (38, 161), (71, 167), (40, 97), (88, 122), (94, 144), (62, 115), (103, 116), (63, 169), (19, 37), (9, 30), (34, 114), (45, 120)}
Згенероване вершинне покриття (C): [0, 1, 2, 3, 4, 5, 6, 7, 8, 9, 10, 11, 12, 13, 14, 15, 16, 17, 19, 20, 22, 24, 26, 27, 28, 29, 30, 31, 33, 34, 36, 37, 38, 39, 40, 41, 42, 43, 44, 45, 46, 48, 49, 50, 51, 52, 54, 57, 58, 59, 60, 62, 63, 64, 65, 66, 68, 69, 70, 71, 72, 73, 74, 75, 76, 77, 78, 79, 80, 81, 82, 84, 85, 86, 88, 89, 90, 91, 92, 93, 94, 95, 96, 97, 98, 99, 100, 101, 102, 103, 104, 105, 106, 107, 108, 109, 110, 111, 112, 113, 114, 115, 116, 117, 118, 119, 120, 121, 122, 123, 124, 125, 127, 128, 129, 130, 131, 132, 133, 134, 135, 136, 137, 139, 140, 141, 142, 143, 144, 145, 146, 147, 149, 150, 151, 152, 154, 156, 157, 159, 160, 161, 164, 165, 166, 167, 169, 170, 171, 172, 173, 174]

--- Генерація вершинного покриття (зі списку суміжності) ---
Знайдене максимальне парування (M): {(64, 69), (35, 152), (23, 132), (42, 121), (20, 84), (3, 13), (28, 85), (30, 130), (21, 39), (92, 163), (67, 118), (44, 104), (33, 113), (116, 129), (54, 108), (58, 99), (18, 133), (7, 142), (79, 158), (57, 100), (128, 151), (52, 76), (46, 127), (62, 126), (136, 139), (101, 105), (10, 170), (2, 166), (50, 72), (143, 153), (4, 148), (66, 141), (70, 102), (115, 134), (17, 96), (11, 171), (95, 106), (61, 83), (109, 169), (73, 112), (56, 59), (37, 55), (131, 156), (48, 94), (91, 138), (26, 45), (63, 165), (27, 74), (124, 144), (16, 172), (1, 137), (43, 164), (6, 90), (31, 89), (36, 88), (15, 120), (25, 122), (8, 145), (82, 146), (24, 98), (32, 65), (40, 60), (49, 81), (38, 154), (14, 77), (78, 80), (123, 167), (22, 29), (34, 150), (111, 168), (51, 147), (5, 159), (9, 47), (110, 135), (71, 107), (75, 86), (19, 160), (119, 149), (117, 161), (0, 140), (103, 125), (97, 173)}
Згенероване вершинне покриття (C): [0, 1, 2, 3, 4, 5, 6, 7, 8, 9, 10, 11, 13, 14, 15, 16, 17, 18, 19, 20, 21, 22, 23, 24, 25, 26, 27, 28, 29, 30, 31, 32, 33, 34, 35, 36, 37, 38, 39, 40, 42, 43, 44, 45, 46, 47, 48, 49, 50, 51, 52, 54, 55, 56, 57, 58, 59, 60, 61, 62, 63, 64, 65, 66, 67, 69, 70, 71, 72, 73, 74, 75, 76, 77, 78, 79, 80, 81, 82, 83, 84, 85, 86, 88, 89, 90, 91, 92, 94, 95, 96, 97, 98, 99, 100, 101, 102, 103, 104, 105, 106, 107, 108, 109, 110, 111, 112, 113, 115, 116, 117, 118, 119, 120, 121, 122, 123, 124, 125, 126, 127, 128, 129, 130, 131, 132, 133, 134, 135, 136, 137, 138, 139, 140, 141, 142, 143, 144, 145, 146, 147, 148, 149, 150, 151, 152, 153, 154, 156, 158, 159, 160, 161, 163, 164, 165, 166, 167, 168, 169, 170, 171, 172, 173]

--- Генерація вершинного покриття (зі списку суміжності) ---
Знайдене максимальне парування (M): {(44, 155), (21, 135), (95, 139), (58, 129), (30, 110), (88, 164), (45, 74), (70, 73), (99, 136), (40, 132), (63, 100), (22, 67), (53, 82), (46, 52), (47, 148), (49, 57), (131, 138), (134, 146), (125, 143), (29, 157), (43, 119), (61, 97), (78, 122), (145, 151), (90, 160), (0, 59), (112, 166), (120, 167), (15, 123), (13, 144), (26, 141), (42, 168), (48, 92), (68, 159), (169, 174), (115, 127), (31, 124), (20, 69), (32, 116), (1, 55), (133, 156), (64, 111), (17, 36), (104, 150), (3, 39), (84, 85), (56, 102), (5, 38), (114, 128), (103, 137), (72, 76), (75, 109), (96, 107), (6, 158), (27, 71), (2, 51), (10, 18), (37, 173), (14, 171), (16, 89), (105, 130), (65, 121), (147, 172), (28, 81), (8, 23), (9, 86), (11, 83), (149, 154), (60, 170), (80, 118), (113, 152), (33, 162), (7, 161), (54, 93), (12, 41), (77, 106), (4, 101), (66, 94)}
Згенероване вершинне покриття (C): [0, 1, 2, 3, 4, 5, 6, 7, 8, 9, 10, 11, 12, 13, 14, 15, 16, 17, 18, 20, 21, 22, 23, 26, 27, 28, 29, 30, 31, 32, 33, 36, 37, 38, 39, 40, 41, 42, 43, 44, 45, 46, 47, 48, 49, 51, 52, 53, 54, 55, 56, 57, 58, 59, 60, 61, 63, 64, 65, 66, 67, 68, 69, 70, 71, 72, 73, 74, 75, 76, 77, 78, 80, 81, 82, 83, 84, 85, 86, 88, 89, 90, 92, 93, 94, 95, 96, 97, 99, 100, 101, 102, 103, 104, 105, 106, 107, 109, 110, 111, 112, 113, 114, 115, 116, 118, 119, 120, 121, 122, 123, 124, 125, 127, 128, 129, 130, 131, 132, 133, 134, 135, 136, 137, 138, 139, 141, 143, 144, 145, 146, 147, 148, 149, 150, 151, 152, 154, 155, 156, 157, 158, 159, 160, 161, 162, 164, 166, 167, 168, 169, 170, 171, 172, 173, 174]

--- Генерація вершинного покриття (зі списку суміжності) ---
Знайдене максимальне парування (M): {(21, 126), (93, 123), (147, 167), (120, 159), (100, 101), (83, 158), (98, 140), (23, 116), (61, 164), (71, 150), (1, 26), (3, 72), (17, 135), (143, 149), (51, 148), (33, 79), (59, 125), (111, 162), (66, 139), (14, 165), (19, 109), (56, 73), (62, 89), (77, 144), (52, 87), (28, 160), (24, 153), (76, 99), (63, 81), (32, 68), (97, 103), (48, 131), (27, 53), (145, 155), (2, 161), (163, 170), (29, 154), (75, 121), (58, 80), (38, 166), (34, 43), (42, 90), (10, 85), (113, 141), (102, 104), (36, 168), (60, 171), (69, 119), (94, 118), (65, 112), (41, 130), (4, 35), (172, 174), (117, 134), (82, 91), (37, 132), (15, 40), (96, 114), (7, 173), (18, 127), (0, 106), (31, 84), (86, 157), (50, 146), (46, 133), (57, 78), (44, 105), (25, 110), (8, 124), (107, 136), (70, 151), (12, 39), (74, 142), (22, 122), (5, 115), (92, 129), (11, 67), (108, 137)}
Згенероване вершинне покриття (C): [0, 1, 2, 3, 4, 5, 7, 8, 10, 11, 12, 14, 15, 17, 18, 19, 21, 22, 23, 24, 25, 26, 27, 28, 29, 31, 32, 33, 34, 35, 36, 37, 38, 39, 40, 41, 42, 43, 44, 46, 48, 50, 51, 52, 53, 56, 57, 58, 59, 60, 61, 62, 63, 65, 66, 67, 68, 69, 70, 71, 72, 73, 74, 75, 76, 77, 78, 79, 80, 81, 82, 83, 84, 85, 86, 87, 89, 90, 91, 92, 93, 94, 96, 97, 98, 99, 100, 101, 102, 103, 104, 105, 106, 107, 108, 109, 110, 111, 112, 113, 114, 115, 116, 117, 118, 119, 120, 121, 122, 123, 124, 125, 126, 127, 129, 130, 131, 132, 133, 134, 135, 136, 137, 139, 140, 141, 142, 143, 144, 145, 146, 147, 148, 149, 150, 151, 153, 154, 155, 157, 158, 159, 160, 161, 162, 163, 164, 165, 166, 167, 168, 170, 171, 172, 173, 174]

--- Генерація вершинного покриття (зі списку суміжності) ---
Знайдене максимальне парування (M): {(156, 170), (0, 60), (28, 149), (22, 108), (4, 103), (55, 59), (87, 128), (82, 95), (31, 104), (77, 165), (141, 168), (129, 157), (7, 12), (107, 154), (61, 120), (24, 101), (79, 110), (27, 136), (14, 81), (47, 50), (18, 78), (72, 143), (56, 135), (2, 109), (51, 123), (117, 160), (66, 121), (112, 127), (113, 126), (58, 174), (8, 100), (131, 161), (122, 158), (140, 173), (46, 111), (13, 53), (67, 88), (169, 172), (70, 148), (43, 84), (80, 167), (42, 150), (115, 134), (62, 73), (90, 98), (15, 162), (52, 71), (6, 49), (16, 124), (34, 105), (74, 86), (54, 89), (23, 83), (41, 137), (119, 166), (21, 97), (1, 57), (26, 65), (91, 152), (37, 96), (44, 153), (39, 132), (63, 151), (20, 146), (75, 125), (29, 69), (92, 116), (35, 36), (3, 68), (9, 118), (159, 163), (33, 130), (93, 144), (30, 142), (11, 19), (17, 99), (5, 106), (38, 85), (45, 145), (40, 48)}
Згенероване вершинне покриття (C): [0, 1, 2, 3, 4, 5, 6, 7, 8, 9, 11, 12, 13, 14, 15, 16, 17, 18, 19, 20, 21, 22, 23, 24, 26, 27, 28, 29, 30, 31, 33, 34, 35, 36, 37, 38, 39, 40, 41, 42, 43, 44, 45, 46, 47, 48, 49, 50, 51, 52, 53, 54, 55, 56, 57, 58, 59, 60, 61, 62, 63, 65, 66, 67, 68, 69, 70, 71, 72, 73, 74, 75, 77, 78, 79, 80, 81, 82, 83, 84, 85, 86, 87, 88, 89, 90, 91, 92, 93, 95, 96, 97, 98, 99, 100, 101, 103, 104, 105, 106, 107, 108, 109, 110, 111, 112, 113, 115, 116, 117, 118, 119, 120, 121, 122, 123, 124, 125, 126, 127, 128, 129, 130, 131, 132, 134, 135, 136, 137, 140, 141, 142, 143, 144, 145, 146, 148, 149, 150, 151, 152, 153, 154, 156, 157, 158, 159, 160, 161, 162, 163, 165, 166, 167, 168, 169, 170, 172, 173, 174]

--- Генерація вершинного покриття (зі списку суміжності) ---
Знайдене максимальне парування (M): {(103, 127), (138, 158), (64, 89), (54, 88), (42, 68), (116, 136), (56, 149), (67, 100), (49, 137), (50, 111), (119, 128), (90, 174), (133, 166), (108, 109), (5, 7), (29, 38), (87, 107), (72, 118), (93, 113), (10, 51), (65, 170), (20, 147), (23, 97), (18, 55), (8, 84), (75, 153), (70, 102), (16, 30), (79, 162), (37, 126), (32, 105), (15, 43), (33, 58), (124, 160), (19, 31), (1, 144), (73, 139), (60, 114), (120, 135), (39, 91), (4, 6), (112, 152), (86, 142), (134, 143), (77, 148), (36, 95), (110, 117), (85, 106), (151, 161), (41, 48), (35, 132), (59, 99), (76, 96), (3, 121), (12, 14), (165, 171), (24, 52), (28, 150), (2, 94), (21, 129), (130, 173), (44, 66), (40, 53), (0, 26), (11, 163), (22, 115), (47, 131), (25, 46), (81, 172), (63, 167), (74, 78), (83, 145), (62, 122), (69, 164), (154, 159), (140, 169), (71, 155), (92, 104), (57, 146)}
Згенероване вершинне покриття (C): [0, 1, 2, 3, 4, 5, 6, 7, 8, 10, 11, 12, 14, 15, 16, 18, 19, 20, 21, 22, 23, 24, 25, 26, 28, 29, 30, 31, 32, 33, 35, 36, 37, 38, 39, 40, 41, 42, 43, 44, 46, 47, 48, 49, 50, 51, 52, 53, 54, 55, 56, 57, 58, 59, 60, 62, 63, 64, 65, 66, 67, 68, 69, 70, 71, 72, 73, 74, 75, 76, 77, 78, 79, 81, 83, 84, 85, 86, 87, 88, 89, 90, 91, 92, 93, 94, 95, 96, 97, 99, 100, 102, 103, 104, 105, 106, 107, 108, 109, 110, 111, 112, 113, 114, 115, 116, 117, 118, 119, 120, 121, 122, 124, 126, 127, 128, 129, 130, 131, 132, 133, 134, 135, 136, 137, 138, 139, 140, 142, 143, 144, 145, 146, 147, 148, 149, 150, 151, 152, 153, 154, 155, 158, 159, 160, 161, 162, 163, 164, 165, 166, 167, 169, 170, 171, 172, 173, 174]

--- Генерація вершинного покриття (зі списку суміжності) ---
Знайдене максимальне парування (M): {(53, 69), (127, 171), (81, 103), (82, 111), (45, 92), (7, 172), (38, 117), (19, 146), (34, 165), (0, 23), (6, 112), (26, 124), (32, 85), (50, 173), (8, 57), (116, 136), (40, 61), (140, 148), (159, 164), (17, 71), (29, 109), (58, 145), (16, 63), (121, 155), (98, 162), (54, 74), (51, 114), (120, 147), (137, 163), (30, 70), (49, 105), (86, 90), (35, 60), (83, 91), (18, 62), (75, 160), (93, 104), (11, 59), (22, 153), (107, 133), (150, 168), (66, 141), (89, 115), (44, 101), (20, 131), (15, 125), (36, 157), (2, 134), (39, 73), (48, 167), (3, 25), (80, 144), (138, 143), (65, 158), (142, 152), (96, 130), (24, 132), (55, 174), (37, 169), (129, 154), (4, 56), (21, 72), (88, 128), (14, 68), (27, 126), (123, 151), (43, 106), (41, 118), (87, 94), (47, 149), (9, 95), (28, 108), (64, 67), (52, 166), (42, 110), (113, 170), (139, 161), (10, 13), (5, 99)}
Згенероване вершинне покриття (C): [0, 2, 3, 4, 5, 6, 7, 8, 9, 10, 11, 13, 14, 15, 16, 17, 18, 19, 20, 21, 22, 23, 24, 25, 26, 27, 28, 29, 30, 32, 34, 35, 36, 37, 38, 39, 40, 41, 42, 43, 44, 45, 47, 48, 49, 50, 51, 52, 53, 54, 55, 56, 57, 58, 59, 60, 61, 62, 63, 64, 65, 66, 67, 68, 69, 70, 71, 72, 73, 74, 75, 80, 81, 82, 83, 85, 86, 87, 88, 89, 90, 91, 92, 93, 94, 95, 96, 98, 99, 101, 103, 104, 105, 106, 107, 108, 109, 110, 111, 112, 113, 114, 115, 116, 117, 118, 120, 121, 123, 124, 125, 126, 127, 128, 129, 130, 131, 132, 133, 134, 136, 137, 138, 139, 140, 141, 142, 143, 144, 145, 146, 147, 148, 149, 150, 151, 152, 153, 154, 155, 157, 158, 159, 160, 161, 162, 163, 164, 165, 166, 167, 168, 169, 170, 171, 172, 173, 174]

--- Генерація вершинного покриття (зі списку суміжності) ---
Знайдене максимальне парування (M): {(60, 108), (62, 154), (37, 134), (145, 170), (57, 112), (31, 102), (29, 59), (11, 94), (27, 34), (86, 129), (96, 106), (10, 100), (130, 172), (90, 163), (22, 83), (63, 155), (84, 116), (70, 132), (30, 123), (48, 113), (5, 151), (58, 99), (79, 140), (42, 164), (128, 142), (0, 121), (111, 162), (103, 133), (124, 174), (49, 98), (24, 53), (104, 107), (52, 69), (152, 165), (93, 115), (136, 150), (32, 50), (21, 148), (77, 146), (35, 64), (33, 131), (4, 159), (18, 66), (122, 144), (46, 143), (68, 88), (56, 141), (109, 153), (12, 147), (3, 89), (25, 92), (2, 65), (71, 73), (36, 51), (16, 137), (54, 75), (40, 149), (72, 156), (169, 171), (8, 138), (78, 126), (6, 85), (67, 80), (13, 118), (110, 160), (17, 97), (20, 114), (41, 91), (14, 61), (74, 167), (7, 95), (127, 139), (43, 81), (158, 166), (15, 19), (1, 38), (26, 101), (44, 125), (82, 173), (87, 117)}
Згенероване вершинне покриття (C): [0, 1, 2, 3, 4, 5, 6, 7, 8, 10, 11, 12, 13, 14, 15, 16, 17, 18, 19, 20, 21, 22, 24, 25, 26, 27, 29, 30, 31, 32, 33, 34, 35, 36, 37, 38, 40, 41, 42, 43, 44, 46, 48, 49, 50, 51, 52, 53, 54, 56, 57, 58, 59, 60, 61, 62, 63, 64, 65, 66, 67, 68, 69, 70, 71, 72, 73, 74, 75, 77, 78, 79, 80, 81, 82, 83, 84, 85, 86, 87, 88, 89, 90, 91, 92, 93, 94, 95, 96, 97, 98, 99, 100, 101, 102, 103, 104, 106, 107, 108, 109, 110, 111, 112, 113, 114, 115, 116, 117, 118, 121, 122, 123, 124, 125, 126, 127, 128, 129, 130, 131, 132, 133, 134, 136, 137, 138, 139, 140, 141, 142, 143, 144, 145, 146, 147, 148, 149, 150, 151, 152, 153, 154, 155, 156, 158, 159, 160, 162, 163, 164, 165, 166, 167, 169, 170, 171, 172, 173, 174]

--- Генерація вершинного покриття (зі списку суміжності) ---
Знайдене максимальне парування (M): {(27, 172), (30, 49), (48, 91), (18, 81), (114, 152), (85, 107), (108, 115), (103, 155), (22, 133), (3, 7), (41, 122), (99, 149), (142, 150), (126, 129), (16, 45), (9, 66), (80, 83), (90, 118), (19, 131), (104, 111), (1, 70), (12, 165), (60, 89), (53, 166), (63, 119), (77, 109), (35, 78), (5, 159), (69, 174), (93, 154), (59, 162), (36, 64), (52, 54), (46, 82), (102, 143), (33, 123), (8, 11), (120, 158), (31, 40), (17, 20), (97, 171), (74, 84), (68, 132), (0, 138), (4, 44), (75, 101), (116, 163), (21, 124), (62, 121), (38, 140), (10, 105), (47, 136), (137, 164), (28, 65), (57, 168), (125, 135), (58, 139), (55, 146), (26, 43), (106, 161), (13, 61), (153, 160), (117, 167), (14, 151), (23, 32), (24, 79), (42, 134), (71, 127), (110, 112), (94, 95), (34, 56), (67, 169), (29, 130), (76, 147), (25, 145)}
Згенероване вершинне покриття (C): [0, 1, 3, 4, 5, 7, 8, 9, 10, 11, 12, 13, 14, 16, 17, 18, 19, 20, 21, 22, 23, 24, 25, 26, 27, 28, 29, 30, 31, 32, 33, 34, 35, 36, 38, 40, 41, 42, 43, 44, 45, 46, 47, 48, 49, 52, 53, 54, 55, 56, 57, 58, 59, 60, 61, 62, 63, 64, 65, 66, 67, 68, 69, 70, 71, 74, 75, 76, 77, 78, 79, 80, 81, 82, 83, 84, 85, 89, 90, 91, 93, 94, 95, 97, 99, 101, 102, 103, 104, 105, 106, 107, 108, 109, 110, 111, 112, 114, 115, 116, 117, 118, 119, 120, 121, 122, 123, 124, 125, 126, 127, 129, 130, 131, 132, 133, 134, 135, 136, 137, 138, 139, 140, 142, 143, 145, 146, 147, 149, 150, 151, 152, 153, 154, 155, 158, 159, 160, 161, 162, 163, 164, 165, 166, 167, 168, 169, 171, 172, 174]

--- Генерація вершинного покриття (зі списку суміжності) ---
Знайдене максимальне парування (M): {(49, 142), (32, 110), (45, 74), (81, 103), (2, 48), (39, 161), (66, 151), (58, 113), (97, 138), (20, 22), (7, 37), (11, 108), (28, 69), (27, 134), (92, 154), (78, 109), (10, 29), (99, 122), (84, 100), (40, 164), (3, 26), (104, 112), (91, 114), (42, 118), (60, 62), (85, 125), (23, 95), (15, 57), (31, 172), (36, 43), (52, 158), (143, 144), (106, 168), (72, 111), (24, 71), (35, 80), (18, 146), (56, 75), (86, 140), (165, 174), (1, 53), (47, 93), (79, 137), (119, 145), (0, 173), (9, 121), (61, 149), (107, 155), (59, 170), (139, 141), (19, 115), (76, 167), (12, 21), (55, 83), (152, 153), (129, 133), (4, 163), (124, 148), (70, 156), (8, 147), (25, 87), (50, 64), (51, 126), (116, 128), (130, 136), (73, 166), (17, 88), (14, 34), (135, 159), (5, 150), (16, 132), (120, 171), (46, 96), (13, 77), (41, 102), (33, 98), (38, 94), (105, 123), (54, 157), (63, 169), (90, 131), (68, 82)}
Згенероване вершинне покриття (C): [0, 1, 2, 3, 4, 5, 7, 8, 9, 10, 11, 12, 13, 14, 15, 16, 17, 18, 19, 20, 21, 22, 23, 24, 25, 26, 27, 28, 29, 31, 32, 33, 34, 35, 36, 37, 38, 39, 40, 41, 42, 43, 45, 46, 47, 48, 49, 50, 51, 52, 53, 54, 55, 56, 57, 58, 59, 60, 61, 62, 63, 64, 66, 68, 69, 70, 71, 72, 73, 74, 75, 76, 77, 78, 79, 80, 81, 82, 83, 84, 85, 86, 87, 88, 90, 91, 92, 93, 94, 95, 96, 97, 98, 99, 100, 102, 103, 104, 105, 106, 107, 108, 109, 110, 111, 112, 113, 114, 115, 116, 118, 119, 120, 121, 122, 123, 124, 125, 126, 128, 129, 130, 131, 132, 133, 134, 135, 136, 137, 138, 139, 140, 141, 142, 143, 144, 145, 146, 147, 148, 149, 150, 151, 152, 153, 154, 155, 156, 157, 158, 159, 161, 163, 164, 165, 166, 167, 168, 169, 170, 171, 172, 173, 174]

--- Генерація вершинного покриття (зі списку суміжності) ---
Знайдене максимальне парування (M): {(54, 141), (90, 106), (22, 145), (99, 136), (119, 169), (91, 162), (93, 159), (87, 128), (75, 147), (89, 173), (16, 161), (13, 58), (60, 142), (35, 67), (79, 131), (69, 172), (55, 118), (72, 143), (36, 132), (111, 135), (2, 164), (85, 116), (68, 109), (114, 115), (41, 76), (97, 163), (53, 105), (62, 144), (82, 110), (15, 59), (6, 120), (52, 96), (81, 86), (0, 98), (3, 133), (20, 158), (11, 18), (101, 137), (19, 95), (39, 73), (49, 84), (29, 44), (66, 127), (10, 21), (63, 122), (33, 151), (34, 171), (37, 167), (65, 94), (45, 134), (129, 170), (4, 17), (23, 30), (80, 155), (9, 107), (108, 174), (32, 47), (121, 168), (24, 61), (28, 31), (112, 140), (5, 166), (8, 165), (40, 78), (48, 146), (26, 152), (51, 126), (7, 38), (150, 160), (25, 117), (125, 149), (46, 124), (71, 77), (14, 70), (56, 88), (12, 103), (138, 154), (1, 102), (27, 130), (57, 64), (83, 156), (74, 153), (92, 113)}
Згенероване вершинне покриття (C): [0, 1, 2, 3, 4, 5, 6, 7, 8, 9, 10, 11, 12, 13, 14, 15, 16, 17, 18, 19, 20, 21, 22, 23, 24, 25, 26, 27, 28, 29, 30, 31, 32, 33, 34, 35, 36, 37, 38, 39, 40, 41, 44, 45, 46, 47, 48, 49, 51, 52, 53, 54, 55, 56, 57, 58, 59, 60, 61, 62, 63, 64, 65, 66, 67, 68, 69, 70, 71, 72, 73, 74, 75, 76, 77, 78, 79, 80, 81, 82, 83, 84, 85, 86, 87, 88, 89, 90, 91, 92, 93, 94, 95, 96, 97, 98, 99, 101, 102, 103, 105, 106, 107, 108, 109, 110, 111, 112, 113, 114, 115, 116, 117, 118, 119, 120, 121, 122, 124, 125, 126, 127, 128, 129, 130, 131, 132, 133, 134, 135, 136, 137, 138, 140, 141, 142, 143, 144, 145, 146, 147, 149, 150, 151, 152, 153, 154, 155, 156, 158, 159, 160, 161, 162, 163, 164, 165, 166, 167, 168, 169, 170, 171, 172, 173, 174]

--- Генерація вершинного покриття (зі списку суміжності) ---
Знайдене максимальне парування (M): {(51, 105), (3, 120), (32, 165), (112, 164), (15, 103), (47, 80), (14, 95), (86, 166), (50, 100), (60, 110), (61, 118), (46, 59), (17, 44), (1, 90), (107, 108), (96, 117), (79, 131), (23, 56), (81, 137), (7, 53), (13, 133), (42, 93), (70, 109), (39, 69), (26, 148), (45, 64), (88, 163), (30, 54), (63, 106), (33, 74), (98, 139), (27, 170), (20, 67), (34, 66), (154, 156), (145, 153), (5, 84), (16, 115), (119, 173), (65, 147), (2, 161), (92, 146), (113, 114), (35, 130), (116, 149), (48, 87), (128, 141), (29, 83), (21, 134), (52, 57), (104, 159), (41, 121), (6, 172), (18, 125), (0, 31), (28, 111), (49, 143), (68, 101), (4, 19), (8, 10), (124, 157), (11, 136), (25, 144), (36, 174), (40, 135), (82, 162), (150, 171), (85, 151), (22, 122), (43, 99), (75, 168), (94, 138), (76, 132), (77, 97), (9, 24), (71, 127), (12, 169)}
Згенероване вершинне покриття (C): [0, 1, 2, 3, 4, 5, 6, 7, 8, 9, 10, 11, 12, 13, 14, 15, 16, 17, 18, 19, 20, 21, 22, 23, 24, 25, 26, 27, 28, 29, 30, 31, 32, 33, 34, 35, 36, 39, 40, 41, 42, 43, 44, 45, 46, 47, 48, 49, 50, 51, 52, 53, 54, 56, 57, 59, 60, 61, 63, 64, 65, 66, 67, 68, 69, 70, 71, 74, 75, 76, 77, 79, 80, 81, 82, 83, 84, 85, 86, 87, 88, 90, 92, 93, 94, 95, 96, 97, 98, 99, 100, 101, 103, 104, 105, 106, 107, 108, 109, 110, 111, 112, 113, 114, 115, 116, 117, 118, 119, 120, 121, 122, 124, 125, 127, 128, 130, 131, 132, 133, 134, 135, 136, 137, 138, 139, 141, 143, 144, 145, 146, 147, 148, 149, 150, 151, 153, 154, 156, 157, 159, 161, 162, 163, 164, 165, 166, 168, 169, 170, 171, 172, 173, 174]

--- Генерація вершинного покриття (зі списку суміжності) ---
Знайдене максимальне парування (M): {(120, 129), (13, 152), (40, 148), (35, 106), (5, 10), (26, 78), (56, 85), (38, 46), (111, 158), (97, 104), (75, 138), (14, 42), (77, 165), (55, 107), (4, 59), (67, 127), (58, 124), (133, 145), (79, 174), (54, 108), (87, 105), (157, 166), (50, 159), (117, 142), (21, 43), (27, 49), (44, 154), (0, 96), (17, 57), (9, 16), (121, 150), (130, 162), (24, 153), (41, 62), (32, 68), (33, 76), (132, 143), (113, 139), (65, 101), (45, 61), (29, 74), (6, 81), (12, 131), (60, 134), (70, 136), (84, 110), (18, 171), (115, 122), (73, 116), (47, 161), (52, 169), (88, 128), (48, 137), (102, 172), (51, 163), (92, 125), (11, 170), (114, 155), (23, 89), (53, 90), (25, 135), (19, 30), (37, 164), (86, 123), (7, 141), (64, 83), (20, 34), (22, 95), (36, 167), (69, 173), (98, 126), (71, 109), (39, 168), (8, 80), (91, 151), (28, 147), (3, 93), (31, 118)}
Згенероване вершинне покриття (C): [0, 3, 4, 5, 6, 7, 8, 9, 10, 11, 12, 13, 14, 16, 17, 18, 19, 20, 21, 22, 23, 24, 25, 26, 27, 28, 29, 30, 31, 32, 33, 34, 35, 36, 37, 38, 39, 40, 41, 42, 43, 44, 45, 46, 47, 48, 49, 50, 51, 52, 53, 54, 55, 56, 57, 58, 59, 60, 61, 62, 64, 65, 67, 68, 69, 70, 71, 73, 74, 75, 76, 77, 78, 79, 80, 81, 83, 84, 85, 86, 87, 88, 89, 90, 91, 92, 93, 95, 96, 97, 98, 101, 102, 104, 105, 106, 107, 108, 109, 110, 111, 113, 114, 115, 116, 117, 118, 120, 121, 122, 123, 124, 125, 126, 127, 128, 129, 130, 131, 132, 133, 134, 135, 136, 137, 138, 139, 141, 142, 143, 145, 147, 148, 150, 151, 152, 153, 154, 155, 157, 158, 159, 161, 162, 163, 164, 165, 166, 167, 168, 169, 170, 171, 172, 173, 174]

--- Генерація вершинного покриття (зі списку суміжності) ---
Знайдене максимальне парування (M): {(10, 162), (145, 161), (105, 125), (119, 142), (71, 166), (127, 143), (33, 93), (87, 128), (139, 156), (57, 169), (11, 126), (5, 30), (14, 42), (61, 120), (65, 102), (76, 111), (70, 107), (110, 118), (136, 146), (3, 138), (151, 152), (90, 133), (108, 157), (56, 137), (109, 140), (77, 135), (47, 134), (95, 159), (68, 129), (86, 174), (55, 122), (20, 67), (103, 147), (69, 78), (37, 144), (64, 164), (89, 117), (9, 48), (72, 88), (113, 132), (73, 123), (27, 46), (50, 167), (101, 148), (25, 92), (149, 173), (29, 165), (116, 160), (51, 106), (82, 155), (52, 59), (124, 130), (15, 168), (21, 99), (0, 6), (17, 22), (62, 63), (81, 131), (83, 150), (12, 53), (43, 58), (7, 38), (19, 85), (114, 121), (100, 104), (94, 170), (32, 97), (1, 36), (41, 54), (40, 153), (45, 79), (66, 74), (34, 115), (26, 28), (16, 91), (23, 96), (2, 18), (60, 163), (13, 24)}
Згенероване вершинне покриття (C): [0, 1, 2, 3, 5, 6, 7, 9, 10, 11, 12, 13, 14, 15, 16, 17, 18, 19, 20, 21, 22, 23, 24, 25, 26, 27, 28, 29, 30, 32, 33, 34, 36, 37, 38, 40, 41, 42, 43, 45, 46, 47, 48, 50, 51, 52, 53, 54, 55, 56, 57, 58, 59, 60, 61, 62, 63, 64, 65, 66, 67, 68, 69, 70, 71, 72, 73, 74, 76, 77, 78, 79, 81, 82, 83, 85, 86, 87, 88, 89, 90, 91, 92, 93, 94, 95, 96, 97, 99, 100, 101, 102, 103, 104, 105, 106, 107, 108, 109, 110, 111, 113, 114, 115, 116, 117, 118, 119, 120, 121, 122, 123, 124, 125, 126, 127, 128, 129, 130, 131, 132, 133, 134, 135, 136, 137, 138, 139, 140, 142, 143, 144, 145, 146, 147, 148, 149, 150, 151, 152, 153, 155, 156, 157, 159, 160, 161, 162, 163, 164, 165, 166, 167, 168, 169, 170, 173, 174]

--- Генерація вершинного покриття (зі списку суміжності) ---
Знайдене максимальне парування (M): {(55, 130), (96, 113), (65, 107), (14, 22), (39, 170), (76, 79), (82, 104), (8, 75), (41, 136), (26, 62), (67, 127), (81, 89), (99, 159), (116, 129), (54, 145), (31, 152), (45, 151), (120, 163), (12, 157), (78, 102), (98, 135), (30, 34), (119, 139), (68, 100), (146, 166), (60, 71), (13, 124), (118, 149), (70, 164), (11, 32), (19, 173), (38, 162), (51, 125), (92, 142), (111, 155), (4, 148), (10, 17), (56, 57), (84, 88), (80, 133), (33, 58), (95, 161), (87, 93), (40, 115), (132, 134), (101, 128), (64, 109), (52, 73), (35, 121), (137, 144), (9, 50), (18, 25), (29, 165), (143, 150), (123, 126), (42, 83), (20, 110), (69, 112), (6, 37), (15, 49), (153, 172), (74, 156), (85, 174), (1, 171), (108, 160), (5, 168), (47, 140), (44, 141), (28, 154), (117, 122), (43, 90), (7, 24), (105, 114), (27, 66), (2, 46), (0, 3), (77, 97), (48, 61), (94, 147), (21, 53)}
Згенероване вершинне покриття (C): [0, 1, 2, 3, 4, 5, 6, 7, 8, 9, 10, 11, 12, 13, 14, 15, 17, 18, 19, 20, 21, 22, 24, 25, 26, 27, 28, 29, 30, 31, 32, 33, 34, 35, 37, 38, 39, 40, 41, 42, 43, 44, 45, 46, 47, 48, 49, 50, 51, 52, 53, 54, 55, 56, 57, 58, 60, 61, 62, 64, 65, 66, 67, 68, 69, 70, 71, 73, 74, 75, 76, 77, 78, 79, 80, 81, 82, 83, 84, 85, 87, 88, 89, 90, 92, 93, 94, 95, 96, 97, 98, 99, 100, 101, 102, 104, 105, 107, 108, 109, 110, 111, 112, 113, 114, 115, 116, 117, 118, 119, 120, 121, 122, 123, 124, 125, 126, 127, 128, 129, 130, 132, 133, 134, 135, 136, 137, 139, 140, 141, 142, 143, 144, 145, 146, 147, 148, 149, 150, 151, 152, 153, 154, 155, 156, 157, 159, 160, 161, 162, 163, 164, 165, 166, 168, 170, 171, 172, 173, 174]

--- Генерація вершинного покриття (зі списку суміжності) ---
Знайдене максимальне парування (M): {(107, 168), (10, 116), (56, 147), (53, 169), (58, 95), (37, 170), (18, 65), (32, 149), (102, 171), (34, 131), (88, 166), (35, 108), (51, 73), (15, 80), (79, 83), (112, 125), (1, 74), (19, 52), (42, 173), (45, 135), (62, 160), (12, 22), (64, 132), (76, 97), (110, 129), (70, 127), (114, 163), (82, 174), (113, 137), (69, 167), (28, 96), (39, 71), (49, 155), (6, 104), (87, 157), (66, 134), (67, 172), (91, 111), (85, 159), (5, 50), (154, 158), (75, 103), (38, 120), (23, 165), (48, 60), (54, 119), (59, 115), (40, 138), (16, 55), (30, 72), (4, 99), (145, 150), (41, 105), (14, 130), (21, 81), (78, 142), (124, 139), (89, 151), (2, 3), (143, 161), (61, 153), (11, 33), (0, 152), (44, 57), (26, 106), (8, 122), (90, 118), (7, 77), (86, 141), (24, 47), (25, 46), (9, 13), (123, 144), (94, 117), (136, 156), (31, 100), (29, 121)}
Згенероване вершинне покриття (C): [0, 1, 2, 3, 4, 5, 6, 7, 8, 9, 10, 11, 12, 13, 14, 15, 16, 18, 19, 21, 22, 23, 24, 25, 26, 28, 29, 30, 31, 32, 33, 34, 35, 37, 38, 39, 40, 41, 42, 44, 45, 46, 47, 48, 49, 50, 51, 52, 53, 54, 55, 56, 57, 58, 59, 60, 61, 62, 64, 65, 66, 67, 69, 70, 71, 72, 73, 74, 75, 76, 77, 78, 79, 80, 81, 82, 83, 85, 86, 87, 88, 89, 90, 91, 94, 95, 96, 97, 99, 100, 102, 103, 104, 105, 106, 107, 108, 110, 111, 112, 113, 114, 115, 116, 117, 118, 119, 120, 121, 122, 123, 124, 125, 127, 129, 130, 131, 132, 134, 135, 136, 137, 138, 139, 141, 142, 143, 144, 145, 147, 149, 150, 151, 152, 153, 154, 155, 156, 157, 158, 159, 160, 161, 163, 165, 166, 167, 168, 169, 170, 171, 172, 173, 174]

--- Генерація вершинного покриття (зі списку суміжності) ---
Знайдене максимальне парування (M): {(35, 115), (18, 163), (2, 11), (91, 162), (98, 167), (34, 158), (54, 106), (79, 138), (7, 21), (33, 168), (16, 161), (146, 164), (46, 171), (49, 103), (57, 61), (40, 109), (51, 148), (13, 30), (3, 10), (36, 141), (84, 166), (6, 63), (52, 149), (68, 93), (17, 121), (66, 105), (0, 114), (139, 153), (4, 20), (95, 159), (50, 81), (12, 170), (1, 96), (75, 110), (85, 120), (44, 131), (42, 143), (69, 169), (76, 101), (86, 133), (74, 113), (102, 129), (37, 73), (80, 135), (32, 125), (29, 172), (126, 150), (56, 107), (8, 88), (55, 117), (77, 132), (83, 136), (65, 142), (48, 71), (25, 140), (5, 155), (123, 174), (27, 78), (15, 122), (119, 124), (23, 53), (97, 130), (19, 58), (152, 157), (90, 118), (39, 45), (108, 160), (89, 128), (38, 92), (41, 173), (72, 151), (62, 104), (9, 22), (112, 144), (43, 154), (47, 60), (99, 116), (94, 147), (134, 165), (82, 127)}
Згенероване вершинне покриття (C): [0, 1, 2, 3, 4, 5, 6, 7, 8, 9, 10, 11, 12, 13, 15, 16, 17, 18, 19, 20, 21, 22, 23, 25, 27, 29, 30, 32, 33, 34, 35, 36, 37, 38, 39, 40, 41, 42, 43, 44, 45, 46, 47, 48, 49, 50, 51, 52, 53, 54, 55, 56, 57, 58, 60, 61, 62, 63, 65, 66, 68, 69, 71, 72, 73, 74, 75, 76, 77, 78, 79, 80, 81, 82, 83, 84, 85, 86, 88, 89, 90, 91, 92, 93, 94, 95, 96, 97, 98, 99, 101, 102, 103, 104, 105, 106, 107, 108, 109, 110, 112, 113, 114, 115, 116, 117, 118, 119, 120, 121, 122, 123, 124, 125, 126, 127, 128, 129, 130, 131, 132, 133, 134, 135, 136, 138, 139, 140, 141, 142, 143, 144, 146, 147, 148, 149, 150, 151, 152, 153, 154, 155, 157, 158, 159, 160, 161, 162, 163, 164, 165, 166, 167, 168, 169, 170, 171, 172, 173, 174]

--- Генерація вершинного покриття (зі списку суміжності) ---
Знайдене максимальне парування (M): {(49, 87), (24, 152), (88, 100), (33, 109), (29, 169), (2, 130), (0, 78), (38, 62), (22, 53), (61, 173), (44, 166), (118, 124), (42, 153), (41, 108), (10, 157), (18, 140), (8, 50), (48, 95), (79, 110), (139, 158), (46, 52), (75, 131), (3, 154), (26, 64), (126, 160), (32, 162), (20, 136), (34, 80), (117, 151), (65, 113), (12, 40), (17, 66), (96, 133), (111, 164), (67, 90), (4, 150), (141, 167), (35, 73), (91, 129), (63, 156), (69, 144), (27, 37), (45, 116), (57, 81), (47, 122), (21, 134), (104, 159), (19, 72), (16, 55), (107, 148), (9, 98), (168, 170), (146, 149), (30, 172), (94, 120), (6, 147), (60, 127), (1, 114), (36, 145), (119, 161), (28, 31), (97, 121), (74, 101), (84, 142), (92, 125), (58, 77), (15, 51), (7, 102), (11, 99), (68, 135), (89, 112), (137, 143), (163, 171), (106, 155), (105, 132), (54, 93), (123, 128), (23, 59)}
Згенероване вершинне покриття (C): [0, 1, 2, 3, 4, 6, 7, 8, 9, 10, 11, 12, 15, 16, 17, 18, 19, 20, 21, 22, 23, 24, 26, 27, 28, 29, 30, 31, 32, 33, 34, 35, 36, 37, 38, 40, 41, 42, 44, 45, 46, 47, 48, 49, 50, 51, 52, 53, 54, 55, 57, 58, 59, 60, 61, 62, 63, 64, 65, 66, 67, 68, 69, 72, 73, 74, 75, 77, 78, 79, 80, 81, 84, 87, 88, 89, 90, 91, 92, 93, 94, 95, 96, 97, 98, 99, 100, 101, 102, 104, 105, 106, 107, 108, 109, 110, 111, 112, 113, 114, 116, 117, 118, 119, 120, 121, 122, 123, 124, 125, 126, 127, 128, 129, 130, 131, 132, 133, 134, 135, 136, 137, 139, 140, 141, 142, 143, 144, 145, 146, 147, 148, 149, 150, 151, 152, 153, 154, 155, 156, 157, 158, 159, 160, 161, 162, 163, 164, 166, 167, 168, 169, 170, 171, 172, 173]

--- Генерація вершинного покриття (зі списку суміжності) ---
Знайдене максимальне парування (M): {(137, 139), (18, 72), (85, 159), (0, 94), (45, 68), (38, 84), (37, 125), (1, 101), (123, 158), (108, 112), (15, 103), (90, 100), (128, 157), (26, 161), (107, 131), (58, 138), (130, 149), (12, 92), (86, 99), (24, 121), (28, 79), (116, 146), (110, 111), (13, 81), (14, 52), (70, 118), (49, 69), (140, 167), (151, 173), (59, 127), (40, 55), (30, 109), (98, 106), (25, 43), (105, 124), (39, 41), (71, 168), (6, 172), (16, 61), (56, 97), (8, 23), (10, 133), (44, 129), (31, 46), (74, 142), (19, 87), (21, 51), (141, 171), (29, 64), (78, 115), (132, 144), (9, 147), (11, 77), (80, 164), (5, 170), (95, 143), (35, 156), (119, 134), (73, 91), (2, 104), (62, 155), (47, 75), (114, 162), (22, 76), (102, 145), (53, 152), (83, 135), (169, 174), (4, 153), (33, 82), (27, 96), (67, 166), (7, 66), (34, 50), (32, 89), (63, 126)}
Згенероване вершинне покриття (C): [0, 1, 2, 4, 5, 6, 7, 8, 9, 10, 11, 12, 13, 14, 15, 16, 18, 19, 21, 22, 23, 24, 25, 26, 27, 28, 29, 30, 31, 32, 33, 34, 35, 37, 38, 39, 40, 41, 43, 44, 45, 46, 47, 49, 50, 51, 52, 53, 55, 56, 58, 59, 61, 62, 63, 64, 66, 67, 68, 69, 70, 71, 72, 73, 74, 75, 76, 77, 78, 79, 80, 81, 82, 83, 84, 85, 86, 87, 89, 90, 91, 92, 94, 95, 96, 97, 98, 99, 100, 101, 102, 103, 104, 105, 106, 107, 108, 109, 110, 111, 112, 114, 115, 116, 118, 119, 121, 123, 124, 125, 126, 127, 128, 129, 130, 131, 132, 133, 134, 135, 137, 138, 139, 140, 141, 142, 143, 144, 145, 146, 147, 149, 151, 152, 153, 155, 156, 157, 158, 159, 161, 162, 164, 166, 167, 168, 169, 170, 171, 172, 173, 174]

--- Генерація вершинного покриття (зі списку суміжності) ---
Знайдене максимальне парування (M): {(103, 143), (89, 132), (47, 126), (9, 127), (71, 120), (155, 165), (15, 69), (51, 98), (87, 119), (138, 167), (107, 170), (24, 172), (42, 123), (13, 156), (7, 94), (88, 152), (30, 162), (68, 164), (111, 153), (41, 158), (44, 90), (37, 115), (65, 161), (109, 140), (53, 125), (82, 149), (20, 85), (12, 35), (1, 135), (36, 166), (134, 171), (66, 118), (100, 150), (0, 11), (142, 168), (27, 46), (8, 106), (23, 131), (40, 147), (32, 173), (72, 108), (64, 104), (130, 141), (18, 61), (96, 148), (16, 128), (29, 76), (6, 74), (77, 79), (78, 133), (10, 117), (21, 99), (59, 83), (70, 101), (28, 49), (73, 136), (31, 75), (43, 113), (56, 58), (45, 122), (80, 116), (112, 151), (57, 160), (38, 92), (81, 163), (50, 139), (34, 97), (22, 159), (52, 102), (129, 169), (25, 39), (55, 137), (67, 84), (110, 146), (2, 174), (5, 26), (60, 145), (14, 157), (95, 121)}
Згенероване вершинне покриття (C): [0, 1, 2, 5, 6, 7, 8, 9, 10, 11, 12, 13, 14, 15, 16, 18, 20, 21, 22, 23, 24, 25, 26, 27, 28, 29, 30, 31, 32, 34, 35, 36, 37, 38, 39, 40, 41, 42, 43, 44, 45, 46, 47, 49, 50, 51, 52, 53, 55, 56, 57, 58, 59, 60, 61, 64, 65, 66, 67, 68, 69, 70, 71, 72, 73, 74, 75, 76, 77, 78, 79, 80, 81, 82, 83, 84, 85, 87, 88, 89, 90, 92, 94, 95, 96, 97, 98, 99, 100, 101, 102, 103, 104, 106, 107, 108, 109, 110, 111, 112, 113, 115, 116, 117, 118, 119, 120, 121, 122, 123, 125, 126, 127, 128, 129, 130, 131, 132, 133, 134, 135, 136, 137, 138, 139, 140, 141, 142, 143, 145, 146, 147, 148, 149, 150, 151, 152, 153, 155, 156, 157, 158, 159, 160, 161, 162, 163, 164, 165, 166, 167, 168, 169, 170, 171, 172, 173, 174]

Середній час виконання: 0.0001547289 секунд
