
--- Генерація вершинного покриття (зі списку суміжності) ---
Знайдене максимальне парування (M): {(0, 42), (43, 49), (21, 31), (22, 35), (36, 40), (1, 12), (5, 37), (38, 46), (11, 16), (17, 32), (14, 39), (13, 19), (27, 45), (10, 44), (7, 24), (6, 28), (15, 34), (3, 8), (20, 33), (18, 48), (23, 41), (25, 26), (2, 30)}
Згенероване вершинне покриття (C): [0, 1, 2, 3, 5, 6, 7, 8, 10, 11, 12, 13, 14, 15, 16, 17, 18, 19, 20, 21, 22, 23, 24, 25, 26, 27, 28, 30, 31, 32, 33, 34, 35, 36, 37, 38, 39, 40, 41, 42, 43, 44, 45, 46, 48, 49]

--- Генерація вершинного покриття (зі списку суміжності) ---
Знайдене максимальне парування (M): {(13, 30), (24, 42), (12, 28), (3, 25), (15, 45), (22, 32), (18, 47), (14, 31), (27, 37), (0, 35), (5, 49), (10, 39), (1, 33), (29, 46), (19, 26), (23, 48), (8, 41), (11, 40), (43, 44), (2, 34), (4, 7), (36, 38), (6, 9), (16, 17)}
Згенероване вершинне покриття (C): [0, 1, 2, 3, 4, 5, 6, 7, 8, 9, 10, 11, 12, 13, 14, 15, 16, 17, 18, 19, 22, 23, 24, 25, 26, 27, 28, 29, 30, 31, 32, 33, 34, 35, 36, 37, 38, 39, 40, 41, 42, 43, 44, 45, 46, 47, 48, 49]

--- Генерація вершинного покриття (зі списку суміжності) ---
Знайдене максимальне парування (M): {(15, 30), (16, 41), (3, 28), (22, 29), (11, 23), (37, 39), (8, 33), (24, 35), (43, 45), (25, 46), (0, 4), (31, 49), (2, 10), (7, 9), (17, 47), (1, 32), (5, 14), (21, 38), (20, 42), (40, 48), (13, 18), (12, 44), (19, 34)}
Згенероване вершинне покриття (C): [0, 1, 2, 3, 4, 5, 7, 8, 9, 10, 11, 12, 13, 14, 15, 16, 17, 18, 19, 20, 21, 22, 23, 24, 25, 28, 29, 30, 31, 32, 33, 34, 35, 37, 38, 39, 40, 41, 42, 43, 44, 45, 46, 47, 48, 49]

--- Генерація вершинного покриття (зі списку суміжності) ---
Знайдене максимальне парування (M): {(19, 49), (25, 38), (33, 45), (2, 30), (35, 39), (4, 27), (1, 6), (46, 47), (16, 43), (26, 41), (11, 22), (10, 20), (5, 42), (0, 28), (9, 34), (3, 48), (24, 31), (13, 37), (12, 17), (21, 29), (23, 32), (36, 44), (15, 18), (7, 14)}
Згенероване вершинне покриття (C): [0, 1, 2, 3, 4, 5, 6, 7, 9, 10, 11, 12, 13, 14, 15, 16, 17, 18, 19, 20, 21, 22, 23, 24, 25, 26, 27, 28, 29, 30, 31, 32, 33, 34, 35, 36, 37, 38, 39, 41, 42, 43, 44, 45, 46, 47, 48, 49]

--- Генерація вершинного покриття (зі списку суміжності) ---
Знайдене максимальне парування (M): {(19, 43), (4, 9), (24, 39), (7, 47), (22, 35), (0, 20), (36, 46), (18, 31), (15, 41), (12, 33), (5, 21), (1, 2), (3, 30), (17, 29), (45, 48), (11, 25), (37, 44), (10, 38), (13, 34), (16, 42), (23, 26), (6, 40), (28, 49)}
Згенероване вершинне покриття (C): [0, 1, 2, 3, 4, 5, 6, 7, 9, 10, 11, 12, 13, 15, 16, 17, 18, 19, 20, 21, 22, 23, 24, 25, 26, 28, 29, 30, 31, 33, 34, 35, 36, 37, 38, 39, 40, 41, 42, 43, 44, 45, 46, 47, 48, 49]

--- Генерація вершинного покриття (зі списку суміжності) ---
Знайдене максимальне парування (M): {(13, 27), (6, 33), (29, 41), (12, 40), (3, 34), (37, 42), (2, 23), (11, 32), (17, 48), (7, 22), (26, 35), (16, 46), (21, 45), (25, 30), (15, 31), (4, 10), (1, 47), (39, 43), (5, 20), (8, 19), (9, 24), (0, 18), (28, 49)}
Згенероване вершинне покриття (C): [0, 1, 2, 3, 4, 5, 6, 7, 8, 9, 10, 11, 12, 13, 15, 16, 17, 18, 19, 20, 21, 22, 23, 24, 25, 26, 27, 28, 29, 30, 31, 32, 33, 34, 35, 37, 39, 40, 41, 42, 43, 45, 46, 47, 48, 49]

--- Генерація вершинного покриття (зі списку суміжності) ---
Знайдене максимальне парування (M): {(6, 24), (21, 34), (3, 40), (4, 45), (0, 26), (19, 33), (18, 22), (11, 44), (2, 41), (38, 46), (7, 49), (23, 42), (5, 30), (13, 16), (12, 48), (10, 29), (9, 37), (25, 27), (1, 35), (15, 43), (31, 36), (14, 32), (8, 28)}
Згенероване вершинне покриття (C): [0, 1, 2, 3, 4, 5, 6, 7, 8, 9, 10, 11, 12, 13, 14, 15, 16, 18, 19, 21, 22, 23, 24, 25, 26, 27, 28, 29, 30, 31, 32, 33, 34, 35, 36, 37, 38, 40, 41, 42, 43, 44, 45, 46, 48, 49]

--- Генерація вершинного покриття (зі списку суміжності) ---
Знайдене максимальне парування (M): {(6, 18), (15, 24), (0, 45), (1, 43), (5, 22), (17, 30), (12, 40), (11, 23), (8, 33), (28, 48), (2, 29), (32, 42), (25, 34), (16, 31), (13, 38), (35, 47), (26, 44), (14, 27), (7, 21), (10, 41), (37, 46), (3, 20), (9, 36)}
Згенероване вершинне покриття (C): [0, 1, 2, 3, 5, 6, 7, 8, 9, 10, 11, 12, 13, 14, 15, 16, 17, 18, 20, 21, 22, 23, 24, 25, 26, 27, 28, 29, 30, 31, 32, 33, 34, 35, 36, 37, 38, 40, 41, 42, 43, 44, 45, 46, 47, 48]

--- Генерація вершинного покриття (зі списку суміжності) ---
Знайдене максимальне парування (M): {(33, 48), (29, 44), (31, 38), (17, 27), (11, 23), (14, 43), (36, 46), (24, 26), (8, 45), (3, 9), (16, 37), (7, 34), (22, 28), (12, 42), (6, 13), (32, 35), (30, 47), (25, 39), (1, 41), (5, 20), (4, 40), (0, 21), (10, 19), (15, 18)}
Згенероване вершинне покриття (C): [0, 1, 3, 4, 5, 6, 7, 8, 9, 10, 11, 12, 13, 14, 15, 16, 17, 18, 19, 20, 21, 22, 23, 24, 25, 26, 27, 28, 29, 30, 31, 32, 33, 34, 35, 36, 37, 38, 39, 40, 41, 42, 43, 44, 45, 46, 47, 48]

--- Генерація вершинного покриття (зі списку суміжності) ---
Знайдене максимальне парування (M): {(4, 49), (13, 27), (18, 23), (35, 36), (0, 48), (20, 44), (14, 31), (5, 34), (25, 28), (30, 45), (2, 32), (15, 29), (24, 47), (12, 33), (22, 37), (3, 42), (10, 26), (6, 19), (1, 41), (21, 38), (39, 43), (7, 11), (8, 40)}
Згенероване вершинне покриття (C): [0, 1, 2, 3, 4, 5, 6, 7, 8, 10, 11, 12, 13, 14, 15, 18, 19, 20, 21, 22, 23, 24, 25, 26, 27, 28, 29, 30, 31, 32, 33, 34, 35, 36, 37, 38, 39, 40, 41, 42, 43, 44, 45, 47, 48, 49]

--- Генерація вершинного покриття (зі списку суміжності) ---
Знайдене максимальне парування (M): {(33, 42), (4, 9), (24, 45), (36, 37), (3, 34), (2, 17), (5, 49), (35, 38), (7, 28), (18, 25), (13, 47), (20, 31), (23, 30), (40, 43), (0, 19), (14, 39), (41, 44), (16, 27), (6, 22), (26, 46), (8, 10), (12, 32), (29, 48), (11, 21)}
Згенероване вершинне покриття (C): [0, 2, 3, 4, 5, 6, 7, 8, 9, 10, 11, 12, 13, 14, 16, 17, 18, 19, 20, 21, 22, 23, 24, 25, 26, 27, 28, 29, 30, 31, 32, 33, 34, 35, 36, 37, 38, 39, 40, 41, 42, 43, 44, 45, 46, 47, 48, 49]

--- Генерація вершинного покриття (зі списку суміжності) ---
Знайдене максимальне парування (M): {(0, 30), (33, 36), (10, 43), (15, 45), (7, 41), (2, 8), (34, 49), (9, 35), (17, 39), (11, 32), (28, 48), (25, 37), (16, 46), (4, 26), (3, 27), (1, 5), (19, 44), (18, 21), (24, 31), (13, 40), (6, 22), (38, 42), (14, 20), (23, 47)}
Згенероване вершинне покриття (C): [0, 1, 2, 3, 4, 5, 6, 7, 8, 9, 10, 11, 13, 14, 15, 16, 17, 18, 19, 20, 21, 22, 23, 24, 25, 26, 27, 28, 30, 31, 32, 33, 34, 35, 36, 37, 38, 39, 40, 41, 42, 43, 44, 45, 46, 47, 48, 49]

--- Генерація вершинного покриття (зі списку суміжності) ---
Знайдене максимальне парування (M): {(13, 42), (12, 16), (18, 35), (15, 36), (21, 34), (22, 44), (2, 17), (6, 8), (19, 39), (31, 37), (0, 1), (40, 43), (38, 46), (14, 30), (11, 28), (7, 9), (47, 48), (32, 41), (33, 49), (4, 10), (20, 24), (29, 45), (5, 23)}
Згенероване вершинне покриття (C): [0, 1, 2, 4, 5, 6, 7, 8, 9, 10, 11, 12, 13, 14, 15, 16, 17, 18, 19, 20, 21, 22, 23, 24, 28, 29, 30, 31, 32, 33, 34, 35, 36, 37, 38, 39, 40, 41, 42, 43, 44, 45, 46, 47, 48, 49]

--- Генерація вершинного покриття (зі списку суміжності) ---
Знайдене максимальне парування (M): {(9, 39), (33, 36), (12, 16), (6, 27), (1, 49), (18, 32), (23, 28), (14, 37), (3, 40), (25, 43), (5, 15), (0, 7), (4, 35), (11, 22), (10, 26), (17, 44), (19, 47), (29, 30), (38, 42), (20, 24), (2, 46), (21, 41), (8, 13)}
Згенероване вершинне покриття (C): [0, 1, 2, 3, 4, 5, 6, 7, 8, 9, 10, 11, 12, 13, 14, 15, 16, 17, 18, 19, 20, 21, 22, 23, 24, 25, 26, 27, 28, 29, 30, 32, 33, 35, 36, 37, 38, 39, 40, 41, 42, 43, 44, 46, 47, 49]

--- Генерація вершинного покриття (зі списку суміжності) ---
Знайдене максимальне парування (M): {(4, 49), (11, 42), (15, 30), (7, 20), (10, 43), (28, 33), (25, 31), (41, 48), (12, 21), (23, 27), (14, 24), (9, 13), (19, 32), (35, 40), (2, 46), (6, 34), (8, 16), (3, 29), (5, 26), (45, 47), (36, 38), (0, 18), (17, 37), (1, 22)}
Згенероване вершинне покриття (C): [0, 1, 2, 3, 4, 5, 6, 7, 8, 9, 10, 11, 12, 13, 14, 15, 16, 17, 18, 19, 20, 21, 22, 23, 24, 25, 26, 27, 28, 29, 30, 31, 32, 33, 34, 35, 36, 37, 38, 40, 41, 42, 43, 45, 46, 47, 48, 49]

--- Генерація вершинного покриття (зі списку суміжності) ---
Знайдене максимальне парування (M): {(24, 30), (3, 4), (7, 29), (26, 45), (1, 6), (36, 37), (9, 41), (13, 38), (16, 43), (18, 40), (15, 47), (22, 28), (12, 27), (10, 11), (31, 49), (14, 39), (17, 32), (5, 42), (2, 19), (33, 34), (20, 21), (25, 48), (23, 35)}
Згенероване вершинне покриття (C): [1, 2, 3, 4, 5, 6, 7, 9, 10, 11, 12, 13, 14, 15, 16, 17, 18, 19, 20, 21, 22, 23, 24, 25, 26, 27, 28, 29, 30, 31, 32, 33, 34, 35, 36, 37, 38, 39, 40, 41, 42, 43, 45, 47, 48, 49]

--- Генерація вершинного покриття (зі списку суміжності) ---
Знайдене максимальне парування (M): {(4, 12), (26, 36), (38, 47), (19, 21), (2, 23), (15, 20), (41, 45), (1, 39), (3, 6), (0, 16), (11, 13), (24, 31), (10, 44), (7, 18), (25, 42), (9, 49), (33, 46), (22, 27), (5, 8), (34, 35), (14, 32), (29, 48), (17, 28), (30, 37)}
Згенероване вершинне покриття (C): [0, 1, 2, 3, 4, 5, 6, 7, 8, 9, 10, 11, 12, 13, 14, 15, 16, 17, 18, 19, 20, 21, 22, 23, 24, 25, 26, 27, 28, 29, 30, 31, 32, 33, 34, 35, 36, 37, 38, 39, 41, 42, 44, 45, 46, 47, 48, 49]

--- Генерація вершинного покриття (зі списку суміжності) ---
Знайдене максимальне парування (M): {(7, 17), (1, 40), (32, 43), (25, 44), (15, 45), (20, 29), (14, 28), (2, 5), (4, 36), (27, 46), (6, 8), (18, 19), (10, 48), (22, 37), (11, 13), (30, 35), (26, 34), (24, 49), (16, 39), (0, 9), (31, 42), (21, 47), (23, 38), (12, 41)}
Згенероване вершинне покриття (C): [0, 1, 2, 4, 5, 6, 7, 8, 9, 10, 11, 12, 13, 14, 15, 16, 17, 18, 19, 20, 21, 22, 23, 24, 25, 26, 27, 28, 29, 30, 31, 32, 34, 35, 36, 37, 38, 39, 40, 41, 42, 43, 44, 45, 46, 47, 48, 49]

--- Генерація вершинного покриття (зі списку суміжності) ---
Знайдене максимальне парування (M): {(18, 35), (0, 2), (3, 22), (5, 37), (19, 42), (1, 33), (6, 23), (41, 45), (13, 32), (8, 48), (38, 40), (14, 21), (20, 34), (4, 29), (7, 46), (10, 31), (30, 44), (25, 27), (16, 24), (26, 28), (12, 47), (9, 36), (17, 49)}
Згенероване вершинне покриття (C): [0, 1, 2, 3, 4, 5, 6, 7, 8, 9, 10, 12, 13, 14, 16, 17, 18, 19, 20, 21, 22, 23, 24, 25, 26, 27, 28, 29, 30, 31, 32, 33, 34, 35, 36, 37, 38, 40, 41, 42, 44, 45, 46, 47, 48, 49]

--- Генерація вершинного покриття (зі списку суміжності) ---
Знайдене максимальне парування (M): {(15, 33), (13, 45), (38, 47), (8, 18), (19, 21), (1, 12), (34, 46), (10, 30), (6, 11), (37, 48), (25, 28), (9, 44), (2, 41), (20, 31), (0, 7), (29, 43), (3, 36), (17, 32), (14, 39), (27, 42), (16, 24), (26, 40), (35, 49), (4, 22), (5, 23)}
Згенероване вершинне покриття (C): [0, 1, 2, 3, 4, 5, 6, 7, 8, 9, 10, 11, 12, 13, 14, 15, 16, 17, 18, 19, 20, 21, 22, 23, 24, 25, 26, 27, 28, 29, 30, 31, 32, 33, 34, 35, 36, 37, 38, 39, 40, 41, 42, 43, 44, 45, 46, 47, 48, 49]

--- Генерація вершинного покриття (зі списку суміжності) ---
Знайдене максимальне парування (M): {(0, 30), (41, 46), (25, 47), (18, 32), (4, 21), (3, 22), (31, 38), (14, 28), (34, 40), (36, 43), (13, 17), (5, 49), (10, 39), (33, 35), (1, 27), (6, 26), (29, 37), (23, 24), (2, 7), (12, 45), (19, 44), (16, 42), (9, 15), (20, 48)}
Згенероване вершинне покриття (C): [0, 1, 2, 3, 4, 5, 6, 7, 9, 10, 12, 13, 14, 15, 16, 17, 18, 19, 20, 21, 22, 23, 24, 25, 26, 27, 28, 29, 30, 31, 32, 33, 34, 35, 36, 37, 38, 39, 40, 41, 42, 43, 44, 45, 46, 47, 48, 49]

--- Генерація вершинного покриття (зі списку суміжності) ---
Знайдене максимальне парування (M): {(11, 42), (25, 38), (15, 39), (29, 32), (5, 37), (9, 41), (7, 34), (3, 21), (18, 43), (14, 24), (23, 33), (2, 16), (10, 26), (13, 22), (1, 47), (35, 46), (48, 49), (4, 28), (20, 36), (17, 31), (12, 44), (19, 40)}
Згенероване вершинне покриття (C): [1, 2, 3, 4, 5, 7, 9, 10, 11, 12, 13, 14, 15, 16, 17, 18, 19, 20, 21, 22, 23, 24, 25, 26, 28, 29, 31, 32, 33, 34, 35, 36, 37, 38, 39, 40, 41, 42, 43, 44, 46, 47, 48, 49]

--- Генерація вершинного покриття (зі списку суміжності) ---
Знайдене максимальне парування (M): {(32, 34), (6, 15), (9, 48), (23, 28), (31, 41), (3, 46), (7, 13), (10, 42), (2, 47), (25, 49), (21, 45), (20, 43), (11, 16), (22, 40), (4, 38), (12, 36), (8, 26), (17, 35), (5, 39), (33, 37), (29, 30), (14, 44), (0, 24)}
Згенероване вершинне покриття (C): [0, 2, 3, 4, 5, 6, 7, 8, 9, 10, 11, 12, 13, 14, 15, 16, 17, 20, 21, 22, 23, 24, 25, 26, 28, 29, 30, 31, 32, 33, 34, 35, 36, 37, 38, 39, 40, 41, 42, 43, 44, 45, 46, 47, 48, 49]

--- Генерація вершинного покриття (зі списку суміжності) ---
Знайдене максимальне парування (M): {(13, 27), (24, 42), (12, 16), (20, 32), (23, 34), (17, 30), (21, 46), (28, 39), (8, 36), (0, 35), (15, 29), (38, 40), (18, 37), (4, 11), (1, 48), (26, 47), (9, 19), (6, 7), (25, 33), (43, 44), (2, 49), (22, 45), (14, 41), (10, 31)}
Згенероване вершинне покриття (C): [0, 1, 2, 4, 6, 7, 8, 9, 10, 11, 12, 13, 14, 15, 16, 17, 18, 19, 20, 21, 22, 23, 24, 25, 26, 27, 28, 29, 30, 31, 32, 33, 34, 35, 36, 37, 38, 39, 40, 41, 42, 43, 44, 45, 46, 47, 48, 49]

--- Генерація вершинного покриття (зі списку суміжності) ---
Знайдене максимальне парування (M): {(15, 24), (13, 33), (32, 46), (12, 19), (5, 16), (1, 3), (14, 40), (8, 27), (9, 38), (28, 39), (41, 42), (10, 45), (26, 29), (25, 43), (7, 31), (17, 23), (0, 22), (30, 35), (6, 49), (4, 34), (20, 48), (2, 18), (36, 44), (11, 21)}
Згенероване вершинне покриття (C): [0, 1, 2, 3, 4, 5, 6, 7, 8, 9, 10, 11, 12, 13, 14, 15, 16, 17, 18, 19, 20, 21, 22, 23, 24, 25, 26, 27, 28, 29, 30, 31, 32, 33, 34, 35, 36, 38, 39, 40, 41, 42, 43, 44, 45, 46, 48, 49]

--- Генерація вершинного покриття (зі списку суміжності) ---
Знайдене максимальне парування (M): {(27, 47), (7, 26), (24, 42), (12, 19), (46, 48), (6, 36), (29, 44), (8, 21), (22, 41), (0, 23), (17, 39), (2, 20), (15, 35), (4, 11), (16, 37), (18, 49), (10, 14), (1, 5), (9, 25), (13, 31), (38, 45), (28, 34)}
Згенероване вершинне покриття (C): [0, 1, 2, 4, 5, 6, 7, 8, 9, 10, 11, 12, 13, 14, 15, 16, 17, 18, 19, 20, 21, 22, 23, 24, 25, 26, 27, 28, 29, 31, 34, 35, 36, 37, 38, 39, 41, 42, 44, 45, 46, 47, 48, 49]

--- Генерація вершинного покриття (зі списку суміжності) ---
Знайдене максимальне парування (M): {(13, 45), (15, 42), (23, 37), (19, 27), (11, 29), (25, 31), (16, 40), (43, 48), (5, 18), (21, 36), (20, 34), (4, 35), (2, 10), (28, 47), (8, 38), (30, 41), (44, 49), (14, 17), (6, 46), (0, 3), (22, 39), (12, 32), (9, 24)}
Згенероване вершинне покриття (C): [0, 2, 3, 4, 5, 6, 8, 9, 10, 11, 12, 13, 14, 15, 16, 17, 18, 19, 20, 21, 22, 23, 24, 25, 27, 28, 29, 30, 31, 32, 34, 35, 36, 37, 38, 39, 40, 41, 42, 43, 44, 45, 46, 47, 48, 49]

--- Генерація вершинного покриття (зі списку суміжності) ---
Знайдене максимальне парування (M): {(0, 36), (32, 49), (6, 42), (2, 23), (9, 47), (8, 45), (30, 48), (7, 25), (26, 41), (12, 24), (10, 14), (4, 38), (19, 20), (28, 44), (15, 16), (33, 34), (35, 40), (39, 43), (3, 29), (11, 18), (13, 21), (37, 46)}
Згенероване вершинне покриття (C): [0, 2, 3, 4, 6, 7, 8, 9, 10, 11, 12, 13, 14, 15, 16, 18, 19, 20, 21, 23, 24, 25, 26, 28, 29, 30, 32, 33, 34, 35, 36, 37, 38, 39, 40, 41, 42, 43, 44, 45, 46, 47, 48, 49]

--- Генерація вершинного покриття (зі списку суміжності) ---
Знайдене максимальне парування (M): {(44, 45), (11, 48), (6, 42), (23, 37), (31, 38), (12, 34), (21, 46), (4, 39), (36, 43), (33, 35), (24, 26), (7, 19), (16, 28), (13, 47), (18, 49), (10, 14), (15, 25), (2, 40), (29, 30), (3, 20), (0, 9), (5, 17), (27, 32), (1, 22)}
Згенероване вершинне покриття (C): [0, 1, 2, 3, 4, 5, 6, 7, 9, 10, 11, 12, 13, 14, 15, 16, 17, 18, 19, 20, 21, 22, 23, 24, 25, 26, 27, 28, 29, 30, 31, 32, 33, 34, 35, 36, 37, 38, 39, 40, 42, 43, 44, 45, 46, 47, 48, 49]

--- Генерація вершинного покриття (зі списку суміжності) ---
Знайдене максимальне парування (M): {(32, 43), (13, 39), (25, 44), (4, 21), (12, 22), (18, 41), (20, 38), (8, 15), (19, 27), (17, 48), (16, 28), (1, 42), (23, 30), (14, 24), (6, 7), (10, 29), (3, 11), (26, 37), (9, 49), (2, 46), (40, 45), (31, 36), (5, 35)}
Згенероване вершинне покриття (C): [1, 2, 3, 4, 5, 6, 7, 8, 9, 10, 11, 12, 13, 14, 15, 16, 17, 18, 19, 20, 21, 22, 23, 24, 25, 26, 27, 28, 29, 30, 31, 32, 35, 36, 37, 38, 39, 40, 41, 42, 43, 44, 45, 46, 48, 49]

--- Генерація вершинного покриття (зі списку суміжності) ---
Знайдене максимальне парування (M): {(8, 43), (16, 29), (10, 46), (39, 42), (20, 38), (12, 37), (7, 25), (13, 47), (6, 35), (21, 36), (23, 27), (14, 45), (18, 30), (3, 11), (22, 24), (15, 49), (2, 9), (5, 26), (34, 41), (19, 28), (17, 31), (0, 33)}
Згенероване вершинне покриття (C): [0, 2, 3, 5, 6, 7, 8, 9, 10, 11, 12, 13, 14, 15, 16, 17, 18, 19, 20, 21, 22, 23, 24, 25, 26, 27, 28, 29, 30, 31, 33, 34, 35, 36, 37, 38, 39, 41, 42, 43, 45, 46, 47, 49]

--- Генерація вершинного покриття (зі списку суміжності) ---
Знайдене максимальне парування (M): {(24, 33), (11, 48), (12, 13), (18, 41), (0, 5), (21, 40), (22, 38), (10, 15), (27, 31), (19, 39), (1, 42), (26, 35), (7, 25), (3, 9), (16, 37), (6, 44), (14, 30), (29, 46), (20, 43), (36, 45), (8, 47), (2, 34), (23, 32), (17, 28)}
Згенероване вершинне покриття (C): [0, 1, 2, 3, 5, 6, 7, 8, 9, 10, 11, 12, 13, 14, 15, 16, 17, 18, 19, 20, 21, 22, 23, 24, 25, 26, 27, 28, 29, 30, 31, 32, 33, 34, 35, 36, 37, 38, 39, 40, 41, 42, 43, 44, 45, 46, 47, 48]

--- Генерація вершинного покриття (зі списку суміжності) ---
Знайдене максимальне парування (M): {(16, 32), (6, 45), (34, 43), (22, 47), (13, 17), (4, 42), (18, 19), (7, 31), (29, 37), (8, 11), (0, 1), (20, 40), (27, 33), (2, 28), (10, 35), (5, 48), (30, 41), (12, 14), (26, 46), (38, 39), (3, 23), (15, 49), (9, 36)}
Згенероване вершинне покриття (C): [0, 1, 2, 3, 4, 5, 6, 7, 8, 9, 10, 11, 12, 13, 14, 15, 16, 17, 18, 19, 20, 22, 23, 26, 27, 28, 29, 30, 31, 32, 33, 34, 35, 36, 37, 38, 39, 40, 41, 42, 43, 45, 46, 47, 48, 49]

--- Генерація вершинного покриття (зі списку суміжності) ---
Знайдене максимальне парування (M): {(2, 33), (0, 39), (32, 49), (12, 25), (3, 28), (22, 35), (10, 18), (27, 31), (34, 46), (17, 42), (36, 43), (15, 23), (6, 14), (4, 5), (1, 48), (29, 40), (19, 38), (8, 44), (30, 41), (16, 24), (21, 47), (20, 45), (7, 11)}
Згенероване вершинне покриття (C): [0, 1, 2, 3, 4, 5, 6, 7, 8, 10, 11, 12, 14, 15, 16, 17, 18, 19, 20, 21, 22, 23, 24, 25, 27, 28, 29, 30, 31, 32, 33, 34, 35, 36, 38, 39, 40, 41, 42, 43, 44, 45, 46, 47, 48, 49]

--- Генерація вершинного покриття (зі списку суміжності) ---
Знайдене максимальне парування (M): {(1, 31), (24, 45), (20, 26), (4, 21), (46, 48), (8, 25), (23, 43), (17, 27), (15, 32), (16, 34), (35, 47), (6, 38), (5, 18), (3, 36), (28, 44), (7, 12), (13, 37), (2, 49), (40, 42), (29, 39), (14, 41), (9, 30), (0, 33)}
Згенероване вершинне покриття (C): [0, 1, 2, 3, 4, 5, 6, 7, 8, 9, 12, 13, 14, 15, 16, 17, 18, 20, 21, 23, 24, 25, 26, 27, 28, 29, 30, 31, 32, 33, 34, 35, 36, 37, 38, 39, 40, 41, 42, 43, 44, 45, 46, 47, 48, 49]

--- Генерація вершинного покриття (зі списку суміжності) ---
Знайдене максимальне парування (M): {(1, 28), (27, 47), (11, 42), (24, 33), (25, 32), (12, 22), (18, 38), (26, 48), (13, 14), (4, 5), (15, 35), (6, 29), (2, 44), (0, 7), (21, 39), (34, 45), (10, 23), (9, 31), (16, 30), (46, 49), (3, 17), (36, 41), (19, 37), (8, 40)}
Згенероване вершинне покриття (C): [0, 1, 2, 3, 4, 5, 6, 7, 8, 9, 10, 11, 12, 13, 14, 15, 16, 17, 18, 19, 21, 22, 23, 24, 25, 26, 27, 28, 29, 30, 31, 32, 33, 34, 35, 36, 37, 38, 39, 40, 41, 42, 44, 45, 46, 47, 48, 49]

--- Генерація вершинного покриття (зі списку суміжності) ---
Знайдене максимальне парування (M): {(0, 45), (6, 27), (26, 42), (3, 19), (14, 37), (15, 20), (9, 44), (16, 31), (25, 40), (2, 47), (24, 41), (7, 34), (12, 33), (29, 43), (10, 11), (36, 39), (17, 32), (1, 38), (35, 46), (22, 30), (5, 23), (18, 48), (13, 21)}
Згенероване вершинне покриття (C): [0, 1, 2, 3, 5, 6, 7, 9, 10, 11, 12, 13, 14, 15, 16, 17, 18, 19, 20, 21, 22, 23, 24, 25, 26, 27, 29, 30, 31, 32, 33, 34, 35, 36, 37, 38, 39, 40, 41, 42, 43, 44, 45, 46, 47, 48]

--- Генерація вершинного покриття (зі списку суміжності) ---
Знайдене максимальне парування (M): {(10, 34), (13, 42), (26, 36), (18, 32), (38, 44), (4, 27), (9, 17), (21, 43), (0, 20), (45, 46), (6, 14), (19, 39), (33, 41), (23, 30), (22, 31), (2, 7), (24, 25), (11, 40), (5, 48), (1, 47), (12, 29), (8, 16), (28, 37)}
Згенероване вершинне покриття (C): [0, 1, 2, 4, 5, 6, 7, 8, 9, 10, 11, 12, 13, 14, 16, 17, 18, 19, 20, 21, 22, 23, 24, 25, 26, 27, 28, 29, 30, 31, 32, 33, 34, 36, 37, 38, 39, 40, 41, 42, 43, 44, 45, 46, 47, 48]

--- Генерація вершинного покриття (зі списку суміжності) ---
Знайдене максимальне парування (M): {(6, 18), (0, 36), (24, 27), (7, 26), (29, 41), (34, 40), (17, 30), (2, 14), (28, 45), (32, 33), (15, 23), (3, 9), (1, 42), (12, 21), (25, 49), (31, 46), (11, 22), (13, 19), (37, 44), (4, 10), (35, 43), (38, 48), (8, 16), (20, 39), (5, 47)}
Згенероване вершинне покриття (C): [0, 1, 2, 3, 4, 5, 6, 7, 8, 9, 10, 11, 12, 13, 14, 15, 16, 17, 18, 19, 20, 21, 22, 23, 24, 25, 26, 27, 28, 29, 30, 31, 32, 33, 34, 35, 36, 37, 38, 39, 40, 41, 42, 43, 44, 45, 46, 47, 48, 49]

--- Генерація вершинного покриття (зі списку суміжності) ---
Знайдене максимальне парування (M): {(2, 27), (20, 23), (18, 32), (4, 24), (13, 14), (36, 49), (3, 46), (17, 45), (41, 48), (35, 44), (25, 37), (26, 38), (29, 40), (22, 28), (5, 30), (34, 39), (8, 47), (6, 19), (9, 12), (31, 42), (0, 21), (1, 10), (7, 11)}
Згенероване вершинне покриття (C): [0, 1, 2, 3, 4, 5, 6, 7, 8, 9, 10, 11, 12, 13, 14, 17, 18, 19, 20, 21, 22, 23, 24, 25, 26, 27, 28, 29, 30, 31, 32, 34, 35, 36, 37, 38, 39, 40, 41, 42, 44, 45, 46, 47, 48, 49]

--- Генерація вершинного покриття (зі списку суміжності) ---
Знайдене максимальне парування (M): {(41, 49), (42, 48), (35, 39), (40, 44), (4, 24), (3, 22), (20, 38), (29, 47), (17, 18), (23, 34), (19, 30), (8, 33), (28, 45), (5, 43), (0, 7), (14, 27), (12, 36), (2, 16), (10, 32), (13, 25), (15, 31), (26, 37), (11, 21), (6, 9)}
Згенероване вершинне покриття (C): [0, 2, 3, 4, 5, 6, 7, 8, 9, 10, 11, 12, 13, 14, 15, 16, 17, 18, 19, 20, 21, 22, 23, 24, 25, 26, 27, 28, 29, 30, 31, 32, 33, 34, 35, 36, 37, 38, 39, 40, 41, 42, 43, 44, 45, 47, 48, 49]

--- Генерація вершинного покриття (зі списку суміжності) ---
Знайдене максимальне парування (M): {(32, 37), (33, 36), (24, 39), (0, 35), (25, 31), (6, 23), (4, 8), (7, 34), (18, 46), (19, 20), (2, 22), (28, 47), (16, 42), (15, 43), (17, 49), (38, 48), (9, 12), (3, 29), (5, 26), (1, 10), (14, 41), (13, 21), (30, 40)}
Згенероване вершинне покриття (C): [0, 1, 2, 3, 4, 5, 6, 7, 8, 9, 10, 12, 13, 14, 15, 16, 17, 18, 19, 20, 21, 22, 23, 24, 25, 26, 28, 29, 30, 31, 32, 33, 34, 35, 36, 37, 38, 39, 40, 41, 42, 43, 46, 47, 48, 49]

--- Генерація вершинного покриття (зі списку суміжності) ---
Знайдене максимальне парування (M): {(22, 26), (17, 21), (0, 8), (11, 14), (23, 49), (5, 37), (3, 46), (30, 42), (2, 29), (16, 28), (19, 45), (24, 32), (6, 35), (18, 34), (31, 40), (39, 47), (4, 38), (10, 20), (27, 36), (7, 12), (25, 33), (9, 15), (1, 13)}
Згенероване вершинне покриття (C): [0, 1, 2, 3, 4, 5, 6, 7, 8, 9, 10, 11, 12, 13, 14, 15, 16, 17, 18, 19, 20, 21, 22, 23, 24, 25, 26, 27, 28, 29, 30, 31, 32, 33, 34, 35, 36, 37, 38, 39, 40, 42, 45, 46, 47, 49]

--- Генерація вершинного покриття (зі списку суміжності) ---
Знайдене максимальне парування (M): {(10, 37), (0, 42), (32, 40), (44, 45), (20, 23), (14, 16), (6, 33), (4, 21), (3, 25), (8, 18), (28, 30), (11, 29), (19, 39), (15, 26), (13, 38), (5, 12), (9, 22), (17, 35), (36, 48), (7, 24), (2, 43), (1, 47), (46, 49), (27, 41)}
Згенероване вершинне покриття (C): [0, 1, 2, 3, 4, 5, 6, 7, 8, 9, 10, 11, 12, 13, 14, 15, 16, 17, 18, 19, 20, 21, 22, 23, 24, 25, 26, 27, 28, 29, 30, 32, 33, 35, 36, 37, 38, 39, 40, 41, 42, 43, 44, 45, 46, 47, 48, 49]

--- Генерація вершинного покриття (зі списку суміжності) ---
Знайдене максимальне парування (M): {(9, 45), (8, 43), (33, 42), (2, 39), (4, 15), (24, 48), (5, 22), (11, 26), (16, 19), (35, 44), (7, 25), (12, 18), (21, 36), (20, 34), (31, 46), (30, 32), (6, 13), (0, 40), (41, 47), (17, 28), (3, 38), (1, 10), (27, 29), (37, 49)}
Згенероване вершинне покриття (C): [0, 1, 2, 3, 4, 5, 6, 7, 8, 9, 10, 11, 12, 13, 15, 16, 17, 18, 19, 20, 21, 22, 24, 25, 26, 27, 28, 29, 30, 31, 32, 33, 34, 35, 36, 37, 38, 39, 40, 41, 42, 43, 44, 45, 46, 47, 48, 49]

--- Генерація вершинного покриття (зі списку суміжності) ---
Знайдене максимальне парування (M): {(6, 18), (13, 27), (22, 35), (8, 21), (14, 34), (19, 24), (1, 12), (11, 26), (2, 23), (7, 16), (5, 46), (17, 48), (32, 36), (33, 41), (20, 25), (29, 37), (39, 44), (9, 10), (31, 40), (42, 43), (30, 47), (38, 45), (15, 49), (0, 3), (4, 28)}
Згенероване вершинне покриття (C): [0, 1, 2, 3, 4, 5, 6, 7, 8, 9, 10, 11, 12, 13, 14, 15, 16, 17, 18, 19, 20, 21, 22, 23, 24, 25, 26, 27, 28, 29, 30, 31, 32, 33, 34, 35, 36, 37, 38, 39, 40, 41, 42, 43, 44, 45, 46, 47, 48, 49]

--- Генерація вершинного покриття (зі списку суміжності) ---
Знайдене максимальне парування (M): {(9, 45), (26, 36), (16, 47), (7, 44), (14, 31), (3, 37), (10, 15), (12, 46), (41, 42), (17, 48), (24, 32), (13, 38), (18, 49), (5, 21), (20, 40), (0, 4), (22, 34), (27, 30), (1, 29), (25, 39), (23, 35), (8, 19), (2, 6), (28, 43)}
Згенероване вершинне покриття (C): [0, 1, 2, 3, 4, 5, 6, 7, 8, 9, 10, 12, 13, 14, 15, 16, 17, 18, 19, 20, 21, 22, 23, 24, 25, 26, 27, 28, 29, 30, 31, 32, 34, 35, 36, 37, 38, 39, 40, 41, 42, 43, 44, 45, 46, 47, 48, 49]

--- Генерація вершинного покриття (зі списку суміжності) ---
Знайдене максимальне парування (M): {(24, 30), (18, 23), (8, 46), (29, 35), (12, 22), (3, 19), (7, 41), (6, 45), (21, 37), (39, 48), (34, 40), (17, 42), (36, 49), (25, 31), (15, 20), (9, 47), (0, 10), (11, 13), (2, 16), (27, 33), (1, 38), (4, 28), (14, 26), (5, 32)}
Згенероване вершинне покриття (C): [0, 1, 2, 3, 4, 5, 6, 7, 8, 9, 10, 11, 12, 13, 14, 15, 16, 17, 18, 19, 20, 21, 22, 23, 24, 25, 26, 27, 28, 29, 30, 31, 32, 33, 34, 35, 36, 37, 38, 39, 40, 41, 42, 45, 46, 47, 48, 49]

--- Генерація вершинного покриття (зі списку суміжності) ---
Знайдене максимальне парування (M): {(16, 20), (13, 42), (43, 49), (7, 47), (14, 22), (4, 27), (0, 26), (5, 34), (10, 45), (35, 41), (32, 48), (6, 29), (18, 40), (3, 21), (23, 30), (39, 44), (1, 2), (9, 31), (17, 38), (15, 37), (24, 46), (19, 25), (8, 28), (11, 33)}
Згенероване вершинне покриття (C): [0, 1, 2, 3, 4, 5, 6, 7, 8, 9, 10, 11, 13, 14, 15, 16, 17, 18, 19, 20, 21, 22, 23, 24, 25, 26, 27, 28, 29, 30, 31, 32, 33, 34, 35, 37, 38, 39, 40, 41, 42, 43, 44, 45, 46, 47, 48, 49]

--- Генерація вершинного покриття (зі списку суміжності) ---
Знайдене максимальне парування (M): {(10, 34), (13, 33), (19, 43), (42, 45), (16, 29), (24, 36), (31, 35), (17, 21), (1, 18), (27, 46), (2, 32), (20, 22), (7, 49), (8, 14), (0, 4), (28, 41), (15, 25), (5, 48), (38, 39), (3, 26), (23, 44), (37, 40), (11, 30), (6, 9)}
Згенероване вершинне покриття (C): [0, 1, 2, 3, 4, 5, 6, 7, 8, 9, 10, 11, 13, 14, 15, 16, 17, 18, 19, 20, 21, 22, 23, 24, 25, 26, 27, 28, 29, 30, 31, 32, 33, 34, 35, 36, 37, 38, 39, 40, 41, 42, 43, 44, 45, 46, 48, 49]

Середній час виконання: 0.0000650072 секунд
