
--- Генерація вершинного покриття (зі списку суміжності) ---
Знайдене максимальне парування (M): {(47, 56), (64, 72), (12, 68), (39, 76), (7, 23), (43, 49), (25, 41), (31, 81), (27, 62), (51, 65), (53, 90), (95, 99), (35, 57), (19, 91), (45, 61), (13, 82), (11, 32), (88, 93), (37, 60), (59, 69), (2, 44), (18, 40), (0, 1), (42, 74), (75, 83), (66, 80), (20, 58), (5, 97), (9, 98), (36, 54), (16, 33), (34, 87), (50, 71), (4, 86), (17, 77), (3, 29), (38, 63), (24, 73), (26, 70), (46, 67), (6, 55), (8, 92), (10, 22)}
Згенероване вершинне покриття (C): [0, 1, 2, 3, 4, 5, 6, 7, 8, 9, 10, 11, 12, 13, 16, 17, 18, 19, 20, 22, 23, 24, 25, 26, 27, 29, 31, 32, 33, 34, 35, 36, 37, 38, 39, 40, 41, 42, 43, 44, 45, 46, 47, 49, 50, 51, 53, 54, 55, 56, 57, 58, 59, 60, 61, 62, 63, 64, 65, 66, 67, 68, 69, 70, 71, 72, 73, 74, 75, 76, 77, 80, 81, 82, 83, 86, 87, 88, 90, 91, 92, 93, 95, 97, 98, 99]

--- Генерація вершинного покриття (зі списку суміжності) ---
Знайдене максимальне парування (M): {(4, 49), (18, 78), (31, 69), (25, 93), (17, 55), (30, 46), (42, 63), (86, 99), (56, 98), (74, 91), (7, 62), (12, 52), (28, 36), (35, 81), (22, 65), (15, 26), (11, 47), (23, 70), (1, 45), (66, 79), (54, 97), (33, 68), (80, 85), (8, 75), (83, 87), (16, 58), (13, 71), (94, 96), (14, 39), (44, 95), (53, 67), (0, 37), (9, 61), (73, 88), (43, 50), (6, 34), (59, 89), (24, 64), (27, 32), (20, 48), (19, 92), (57, 76)}
Згенероване вершинне покриття (C): [0, 1, 4, 6, 7, 8, 9, 11, 12, 13, 14, 15, 16, 17, 18, 19, 20, 22, 23, 24, 25, 26, 27, 28, 30, 31, 32, 33, 34, 35, 36, 37, 39, 42, 43, 44, 45, 46, 47, 48, 49, 50, 52, 53, 54, 55, 56, 57, 58, 59, 61, 62, 63, 64, 65, 66, 67, 68, 69, 70, 71, 73, 74, 75, 76, 78, 79, 80, 81, 83, 85, 86, 87, 88, 89, 91, 92, 93, 94, 95, 96, 97, 98, 99]

--- Генерація вершинного покриття (зі списку суміжності) ---
Знайдене максимальне парування (M): {(4, 58), (28, 55), (25, 41), (52, 61), (54, 95), (16, 53), (10, 73), (3, 31), (0, 78), (56, 98), (5, 37), (85, 91), (74, 97), (34, 64), (30, 51), (57, 96), (24, 93), (23, 67), (26, 87), (6, 32), (20, 89), (14, 18), (43, 72), (42, 80), (2, 71), (39, 65), (48, 76), (12, 60), (13, 92), (19, 47), (33, 40), (9, 46), (44, 49), (29, 94), (7, 36), (38, 45), (66, 70), (17, 83), (11, 15), (69, 99), (8, 86), (1, 22)}
Згенероване вершинне покриття (C): [0, 1, 2, 3, 4, 5, 6, 7, 8, 9, 10, 11, 12, 13, 14, 15, 16, 17, 18, 19, 20, 22, 23, 24, 25, 26, 28, 29, 30, 31, 32, 33, 34, 36, 37, 38, 39, 40, 41, 42, 43, 44, 45, 46, 47, 48, 49, 51, 52, 53, 54, 55, 56, 57, 58, 60, 61, 64, 65, 66, 67, 69, 70, 71, 72, 73, 74, 76, 78, 80, 83, 85, 86, 87, 89, 91, 92, 93, 94, 95, 96, 97, 98, 99]

--- Генерація вершинного покриття (зі списку суміжності) ---
Знайдене максимальне парування (M): {(40, 87), (5, 59), (35, 42), (21, 22), (20, 90), (36, 80), (84, 93), (13, 63), (43, 70), (34, 37), (64, 99), (58, 98), (46, 78), (18, 65), (6, 69), (1, 97), (55, 74), (67, 82), (44, 56), (12, 30), (38, 52), (14, 27), (3, 94), (31, 49), (17, 96), (19, 32), (2, 92), (88, 95), (39, 89), (23, 72), (25, 45), (53, 85), (86, 91), (9, 76), (28, 77), (60, 81), (7, 8), (29, 66), (48, 73), (57, 79)}
Згенероване вершинне покриття (C): [1, 2, 3, 5, 6, 7, 8, 9, 12, 13, 14, 17, 18, 19, 20, 21, 22, 23, 25, 27, 28, 29, 30, 31, 32, 34, 35, 36, 37, 38, 39, 40, 42, 43, 44, 45, 46, 48, 49, 52, 53, 55, 56, 57, 58, 59, 60, 63, 64, 65, 66, 67, 69, 70, 72, 73, 74, 76, 77, 78, 79, 80, 81, 82, 84, 85, 86, 87, 88, 89, 90, 91, 92, 93, 94, 95, 96, 97, 98, 99]

--- Генерація вершинного покриття (зі списку суміжності) ---
Знайдене максимальне парування (M): {(24, 94), (19, 46), (6, 30), (11, 54), (60, 68), (29, 99), (3, 40), (80, 95), (65, 82), (0, 75), (13, 78), (25, 83), (63, 70), (66, 93), (56, 64), (38, 77), (81, 87), (42, 91), (26, 32), (8, 51), (37, 72), (55, 89), (9, 16), (34, 36), (35, 71), (53, 58), (21, 57), (76, 84), (1, 20), (33, 86), (17, 47), (88, 92), (31, 73), (7, 85), (12, 14), (18, 27), (15, 98), (10, 59), (62, 97), (50, 74), (45, 96), (69, 90), (39, 67), (22, 48), (2, 79)}
Згенероване вершинне покриття (C): [0, 1, 2, 3, 6, 7, 8, 9, 10, 11, 12, 13, 14, 15, 16, 17, 18, 19, 20, 21, 22, 24, 25, 26, 27, 29, 30, 31, 32, 33, 34, 35, 36, 37, 38, 39, 40, 42, 45, 46, 47, 48, 50, 51, 53, 54, 55, 56, 57, 58, 59, 60, 62, 63, 64, 65, 66, 67, 68, 69, 70, 71, 72, 73, 74, 75, 76, 77, 78, 79, 80, 81, 82, 83, 84, 85, 86, 87, 88, 89, 90, 91, 92, 93, 94, 95, 96, 97, 98, 99]

--- Генерація вершинного покриття (зі списку суміжності) ---
Знайдене максимальне парування (M): {(15, 79), (22, 72), (38, 84), (26, 94), (16, 93), (4, 67), (31, 87), (54, 92), (23, 95), (17, 85), (0, 8), (14, 37), (20, 47), (18, 50), (57, 66), (30, 88), (19, 27), (46, 78), (25, 77), (63, 73), (33, 35), (49, 89), (51, 55), (62, 83), (60, 61), (42, 53), (3, 70), (69, 76), (5, 36), (28, 44), (10, 32), (52, 96), (39, 74), (40, 82), (48, 86), (56, 81), (43, 68), (24, 58), (65, 71), (6, 64), (75, 97), (45, 59)}
Згенероване вершинне покриття (C): [0, 3, 4, 5, 6, 8, 10, 14, 15, 16, 17, 18, 19, 20, 22, 23, 24, 25, 26, 27, 28, 30, 31, 32, 33, 35, 36, 37, 38, 39, 40, 42, 43, 44, 45, 46, 47, 48, 49, 50, 51, 52, 53, 54, 55, 56, 57, 58, 59, 60, 61, 62, 63, 64, 65, 66, 67, 68, 69, 70, 71, 72, 73, 74, 75, 76, 77, 78, 79, 81, 82, 83, 84, 85, 86, 87, 88, 89, 92, 93, 94, 95, 96, 97]

--- Генерація вершинного покриття (зі списку суміжності) ---
Знайдене максимальне парування (M): {(43, 98), (65, 95), (32, 46), (20, 72), (45, 71), (18, 81), (39, 91), (69, 80), (51, 68), (28, 79), (61, 85), (55, 99), (24, 78), (83, 97), (13, 87), (47, 52), (36, 58), (22, 59), (37, 57), (56, 73), (90, 93), (12, 76), (3, 6), (86, 89), (8, 66), (4, 84), (26, 53), (2, 7), (0, 74), (14, 42), (21, 75), (29, 82), (16, 94), (1, 38), (27, 60), (30, 62), (17, 19), (77, 88), (49, 54), (44, 67), (35, 64), (40, 48), (11, 70), (9, 33)}
Згенероване вершинне покриття (C): [0, 1, 2, 3, 4, 6, 7, 8, 9, 11, 12, 13, 14, 16, 17, 18, 19, 20, 21, 22, 24, 26, 27, 28, 29, 30, 32, 33, 35, 36, 37, 38, 39, 40, 42, 43, 44, 45, 46, 47, 48, 49, 51, 52, 53, 54, 55, 56, 57, 58, 59, 60, 61, 62, 64, 65, 66, 67, 68, 69, 70, 71, 72, 73, 74, 75, 76, 77, 78, 79, 80, 81, 82, 83, 84, 85, 86, 87, 88, 89, 90, 91, 93, 94, 95, 97, 98, 99]

--- Генерація вершинного покриття (зі списку суміжності) ---
Знайдене максимальне парування (M): {(54, 74), (15, 94), (63, 86), (28, 67), (70, 82), (23, 92), (66, 75), (60, 89), (11, 78), (17, 36), (22, 50), (10, 88), (3, 46), (42, 96), (21, 73), (65, 97), (55, 68), (81, 99), (84, 95), (12, 27), (37, 90), (40, 58), (1, 69), (52, 87), (6, 59), (14, 45), (7, 9), (29, 76), (43, 44), (41, 56), (62, 91), (4, 71), (20, 24), (35, 49), (26, 98), (57, 61), (38, 51), (48, 64), (32, 83), (2, 85), (8, 34)}
Згенероване вершинне покриття (C): [1, 2, 3, 4, 6, 7, 8, 9, 10, 11, 12, 14, 15, 17, 20, 21, 22, 23, 24, 26, 27, 28, 29, 32, 34, 35, 36, 37, 38, 40, 41, 42, 43, 44, 45, 46, 48, 49, 50, 51, 52, 54, 55, 56, 57, 58, 59, 60, 61, 62, 63, 64, 65, 66, 67, 68, 69, 70, 71, 73, 74, 75, 76, 78, 81, 82, 83, 84, 85, 86, 87, 88, 89, 90, 91, 92, 94, 95, 96, 97, 98, 99]

--- Генерація вершинного покриття (зі списку суміжності) ---
Знайдене максимальне парування (M): {(51, 99), (22, 69), (26, 27), (11, 48), (39, 94), (31, 32), (25, 44), (8, 24), (63, 76), (49, 92), (30, 54), (53, 74), (6, 35), (95, 98), (15, 47), (89, 91), (9, 10), (59, 87), (29, 52), (12, 42), (50, 84), (5, 33), (0, 28), (20, 55), (1, 23), (13, 83), (56, 60), (14, 66), (67, 75), (7, 88), (4, 68), (41, 62), (58, 78), (73, 97), (3, 81), (37, 77), (46, 61), (45, 93), (57, 64), (80, 90), (36, 38), (19, 86), (2, 82)}
Згенероване вершинне покриття (C): [0, 1, 2, 3, 4, 5, 6, 7, 8, 9, 10, 11, 12, 13, 14, 15, 19, 20, 22, 23, 24, 25, 26, 27, 28, 29, 30, 31, 32, 33, 35, 36, 37, 38, 39, 41, 42, 44, 45, 46, 47, 48, 49, 50, 51, 52, 53, 54, 55, 56, 57, 58, 59, 60, 61, 62, 63, 64, 66, 67, 68, 69, 73, 74, 75, 76, 77, 78, 80, 81, 82, 83, 84, 86, 87, 88, 89, 90, 91, 92, 93, 94, 95, 97, 98, 99]

--- Генерація вершинного покриття (зі списку суміжності) ---
Знайдене максимальне парування (M): {(48, 82), (63, 92), (37, 70), (33, 51), (69, 74), (3, 83), (80, 89), (87, 98), (36, 95), (8, 24), (12, 46), (31, 53), (1, 76), (39, 84), (26, 96), (55, 71), (44, 56), (42, 65), (35, 62), (52, 81), (10, 23), (29, 58), (25, 85), (38, 75), (57, 86), (45, 66), (15, 22), (32, 99), (16, 27), (13, 34), (20, 79), (43, 50), (7, 97), (19, 68), (64, 88), (5, 17), (0, 9), (54, 59), (28, 77), (47, 93), (14, 41), (2, 21)}
Згенероване вершинне покриття (C): [0, 1, 2, 3, 5, 7, 8, 9, 10, 12, 13, 14, 15, 16, 17, 19, 20, 21, 22, 23, 24, 25, 26, 27, 28, 29, 31, 32, 33, 34, 35, 36, 37, 38, 39, 41, 42, 43, 44, 45, 46, 47, 48, 50, 51, 52, 53, 54, 55, 56, 57, 58, 59, 62, 63, 64, 65, 66, 68, 69, 70, 71, 74, 75, 76, 77, 79, 80, 81, 82, 83, 84, 85, 86, 87, 88, 89, 92, 93, 95, 96, 97, 98, 99]

--- Генерація вершинного покриття (зі списку суміжності) ---
Знайдене максимальне парування (M): {(4, 58), (53, 75), (19, 46), (14, 71), (36, 77), (31, 38), (3, 28), (57, 72), (0, 29), (45, 61), (73, 80), (81, 87), (43, 51), (23, 76), (26, 99), (17, 60), (78, 82), (16, 98), (6, 93), (30, 66), (52, 63), (47, 91), (70, 84), (27, 79), (13, 62), (69, 94), (42, 74), (7, 55), (12, 54), (9, 34), (10, 96), (2, 92), (68, 86), (44, 95), (41, 56), (40, 97), (32, 65), (22, 88), (11, 67), (50, 89), (20, 48), (1, 25)}
Згенероване вершинне покриття (C): [0, 1, 2, 3, 4, 6, 7, 9, 10, 11, 12, 13, 14, 16, 17, 19, 20, 22, 23, 25, 26, 27, 28, 29, 30, 31, 32, 34, 36, 38, 40, 41, 42, 43, 44, 45, 46, 47, 48, 50, 51, 52, 53, 54, 55, 56, 57, 58, 60, 61, 62, 63, 65, 66, 67, 68, 69, 70, 71, 72, 73, 74, 75, 76, 77, 78, 79, 80, 81, 82, 84, 86, 87, 88, 89, 91, 92, 93, 94, 95, 96, 97, 98, 99]

--- Генерація вершинного покриття (зі списку суміжності) ---
Знайдене максимальне парування (M): {(88, 94), (18, 72), (1, 37), (16, 17), (41, 61), (2, 48), (53, 99), (5, 22), (3, 98), (0, 20), (19, 97), (79, 87), (29, 74), (10, 42), (81, 96), (60, 73), (32, 69), (43, 75), (57, 62), (35, 77), (40, 64), (66, 89), (14, 51), (24, 85), (8, 50), (33, 49), (67, 78), (26, 46), (25, 54), (13, 52), (80, 84), (30, 92), (4, 28), (21, 38), (9, 70), (31, 36), (11, 15), (83, 86), (39, 55), (27, 93), (12, 59)}
Згенероване вершинне покриття (C): [0, 1, 2, 3, 4, 5, 8, 9, 10, 11, 12, 13, 14, 15, 16, 17, 18, 19, 20, 21, 22, 24, 25, 26, 27, 28, 29, 30, 31, 32, 33, 35, 36, 37, 38, 39, 40, 41, 42, 43, 46, 48, 49, 50, 51, 52, 53, 54, 55, 57, 59, 60, 61, 62, 64, 66, 67, 69, 70, 72, 73, 74, 75, 77, 78, 79, 80, 81, 83, 84, 85, 86, 87, 88, 89, 92, 93, 94, 96, 97, 98, 99]

--- Генерація вершинного покриття (зі списку суміжності) ---
Знайдене максимальне парування (M): {(66, 91), (88, 97), (10, 40), (4, 9), (12, 16), (5, 13), (61, 67), (59, 85), (24, 63), (22, 93), (21, 49), (6, 54), (51, 89), (15, 69), (36, 43), (26, 72), (31, 62), (64, 68), (2, 84), (29, 80), (46, 96), (42, 56), (18, 86), (34, 76), (20, 28), (30, 60), (87, 94), (55, 95), (37, 99), (1, 8), (74, 81), (3, 45), (65, 90), (50, 53), (39, 83), (23, 75), (70, 77), (17, 71), (14, 32), (0, 73), (11, 82), (38, 78)}
Згенероване вершинне покриття (C): [0, 1, 2, 3, 4, 5, 6, 8, 9, 10, 11, 12, 13, 14, 15, 16, 17, 18, 20, 21, 22, 23, 24, 26, 28, 29, 30, 31, 32, 34, 36, 37, 38, 39, 40, 42, 43, 45, 46, 49, 50, 51, 53, 54, 55, 56, 59, 60, 61, 62, 63, 64, 65, 66, 67, 68, 69, 70, 71, 72, 73, 74, 75, 76, 77, 78, 80, 81, 82, 83, 84, 85, 86, 87, 88, 89, 90, 91, 93, 94, 95, 96, 97, 99]

--- Генерація вершинного покриття (зі списку суміжності) ---
Знайдене максимальне парування (M): {(0, 45), (20, 72), (90, 97), (55, 81), (30, 73), (69, 83), (74, 79), (60, 92), (27, 40), (7, 80), (16, 28), (39, 78), (24, 38), (11, 50), (3, 76), (36, 82), (5, 85), (13, 71), (19, 26), (49, 67), (34, 54), (65, 87), (8, 32), (10, 29), (41, 47), (9, 52), (48, 86), (59, 62), (1, 44), (46, 98), (53, 88), (14, 23), (2, 58), (42, 70), (56, 99), (51, 84), (4, 37), (93, 96), (31, 57), (25, 75)}
Згенероване вершинне покриття (C): [0, 1, 2, 3, 4, 5, 7, 8, 9, 10, 11, 13, 14, 16, 19, 20, 23, 24, 25, 26, 27, 28, 29, 30, 31, 32, 34, 36, 37, 38, 39, 40, 41, 42, 44, 45, 46, 47, 48, 49, 50, 51, 52, 53, 54, 55, 56, 57, 58, 59, 60, 62, 65, 67, 69, 70, 71, 72, 73, 74, 75, 76, 78, 79, 80, 81, 82, 83, 84, 85, 86, 87, 88, 90, 92, 93, 96, 97, 98, 99]

--- Генерація вершинного покриття (зі списку суміжності) ---
Знайдене максимальне парування (M): {(9, 48), (7, 20), (17, 61), (49, 90), (50, 58), (16, 41), (42, 75), (57, 60), (46, 66), (74, 91), (88, 96), (0, 99), (18, 19), (12, 76), (29, 37), (24, 62), (52, 81), (69, 97), (35, 80), (53, 73), (79, 98), (2, 95), (8, 56), (72, 89), (4, 71), (25, 39), (70, 77), (5, 11), (6, 34), (32, 65), (3, 87), (55, 94), (10, 13), (44, 67), (26, 64), (30, 92), (28, 40), (36, 47), (23, 59), (68, 85)}
Згенероване вершинне покриття (C): [0, 2, 3, 4, 5, 6, 7, 8, 9, 10, 11, 12, 13, 16, 17, 18, 19, 20, 23, 24, 25, 26, 28, 29, 30, 32, 34, 35, 36, 37, 39, 40, 41, 42, 44, 46, 47, 48, 49, 50, 52, 53, 55, 56, 57, 58, 59, 60, 61, 62, 64, 65, 66, 67, 68, 69, 70, 71, 72, 73, 74, 75, 76, 77, 79, 80, 81, 85, 87, 88, 89, 90, 91, 92, 94, 95, 96, 97, 98, 99]

--- Генерація вершинного покриття (зі списку суміжності) ---
Знайдене максимальне парування (M): {(12, 62), (24, 27), (6, 76), (43, 95), (72, 82), (18, 20), (1, 40), (42, 57), (22, 84), (23, 86), (49, 53), (2, 66), (4, 36), (9, 90), (47, 58), (10, 39), (8, 45), (29, 83), (13, 99), (21, 79), (55, 77), (70, 75), (56, 97), (3, 33), (44, 71), (37, 93), (50, 87), (30, 35), (65, 81), (11, 89), (5, 51), (0, 34), (28, 59), (67, 69), (14, 17), (38, 54), (16, 60), (25, 78), (15, 73), (74, 92)}
Згенероване вершинне покриття (C): [0, 1, 2, 3, 4, 5, 6, 8, 9, 10, 11, 12, 13, 14, 15, 16, 17, 18, 20, 21, 22, 23, 24, 25, 27, 28, 29, 30, 33, 34, 35, 36, 37, 38, 39, 40, 42, 43, 44, 45, 47, 49, 50, 51, 53, 54, 55, 56, 57, 58, 59, 60, 62, 65, 66, 67, 69, 70, 71, 72, 73, 74, 75, 76, 77, 78, 79, 81, 82, 83, 84, 86, 87, 89, 90, 92, 93, 95, 97, 99]

--- Генерація вершинного покриття (зі списку суміжності) ---
Знайдене максимальне парування (M): {(19, 52), (48, 97), (6, 33), (5, 77), (23, 86), (42, 69), (61, 76), (31, 99), (14, 22), (60, 74), (0, 11), (41, 79), (45, 49), (10, 24), (12, 58), (25, 92), (18, 80), (72, 87), (21, 82), (7, 34), (71, 98), (56, 94), (46, 62), (1, 66), (9, 83), (35, 65), (4, 96), (8, 90), (29, 70), (44, 95), (26, 89), (47, 63), (36, 57), (73, 88), (43, 50), (64, 85), (78, 84), (55, 91), (38, 54), (37, 40), (51, 93), (13, 15)}
Згенероване вершинне покриття (C): [0, 1, 4, 5, 6, 7, 8, 9, 10, 11, 12, 13, 14, 15, 18, 19, 21, 22, 23, 24, 25, 26, 29, 31, 33, 34, 35, 36, 37, 38, 40, 41, 42, 43, 44, 45, 46, 47, 48, 49, 50, 51, 52, 54, 55, 56, 57, 58, 60, 61, 62, 63, 64, 65, 66, 69, 70, 71, 72, 73, 74, 76, 77, 78, 79, 80, 82, 83, 84, 85, 86, 87, 88, 89, 90, 91, 92, 93, 94, 95, 96, 97, 98, 99]

--- Генерація вершинного покриття (зі списку суміжності) ---
Знайдене максимальне парування (M): {(18, 72), (41, 52), (50, 70), (29, 32), (8, 9), (51, 74), (78, 86), (17, 21), (6, 45), (39, 54), (7, 59), (65, 76), (16, 71), (14, 43), (15, 75), (53, 68), (20, 77), (62, 80), (48, 87), (34, 67), (42, 56), (47, 64), (63, 88), (23, 82), (95, 98), (22, 31), (60, 91), (4, 38), (1, 69), (30, 84), (24, 25), (55, 58), (35, 89), (11, 49), (13, 40), (12, 26), (46, 61), (37, 92), (28, 83), (5, 81), (44, 73), (10, 19), (3, 96), (27, 99), (66, 94)}
Згенероване вершинне покриття (C): [1, 3, 4, 5, 6, 7, 8, 9, 10, 11, 12, 13, 14, 15, 16, 17, 18, 19, 20, 21, 22, 23, 24, 25, 26, 27, 28, 29, 30, 31, 32, 34, 35, 37, 38, 39, 40, 41, 42, 43, 44, 45, 46, 47, 48, 49, 50, 51, 52, 53, 54, 55, 56, 58, 59, 60, 61, 62, 63, 64, 65, 66, 67, 68, 69, 70, 71, 72, 73, 74, 75, 76, 77, 78, 80, 81, 82, 83, 84, 86, 87, 88, 89, 91, 92, 94, 95, 96, 98, 99]

--- Генерація вершинного покриття (зі списку суміжності) ---
Знайдене максимальне парування (M): {(62, 90), (70, 73), (45, 89), (53, 99), (13, 60), (93, 98), (23, 52), (83, 97), (4, 42), (2, 26), (21, 67), (64, 80), (24, 44), (56, 79), (5, 82), (34, 94), (55, 92), (59, 84), (18, 61), (22, 43), (3, 39), (65, 81), (25, 88), (72, 86), (10, 47), (9, 49), (15, 37), (7, 30), (36, 69), (38, 91), (14, 17), (8, 16), (29, 48), (1, 68), (31, 51), (27, 32), (76, 77), (12, 96), (33, 85), (40, 66), (74, 95)}
Згенероване вершинне покриття (C): [1, 2, 3, 4, 5, 7, 8, 9, 10, 12, 13, 14, 15, 16, 17, 18, 21, 22, 23, 24, 25, 26, 27, 29, 30, 31, 32, 33, 34, 36, 37, 38, 39, 40, 42, 43, 44, 45, 47, 48, 49, 51, 52, 53, 55, 56, 59, 60, 61, 62, 64, 65, 66, 67, 68, 69, 70, 72, 73, 74, 76, 77, 79, 80, 81, 82, 83, 84, 85, 86, 88, 89, 90, 91, 92, 93, 94, 95, 96, 97, 98, 99]

--- Генерація вершинного покриття (зі списку суміжності) ---
Знайдене максимальне парування (M): {(23, 62), (72, 76), (8, 52), (95, 99), (14, 83), (58, 89), (6, 51), (7, 50), (17, 30), (25, 65), (43, 82), (45, 46), (85, 88), (9, 87), (68, 81), (38, 86), (13, 32), (22, 74), (0, 53), (54, 94), (3, 15), (20, 37), (40, 98), (5, 21), (34, 36), (1, 66), (59, 93), (28, 29), (35, 77), (80, 97), (64, 79), (18, 24), (48, 92), (27, 57), (67, 69), (71, 91), (47, 78), (42, 73), (44, 70), (2, 61), (60, 96), (16, 75)}
Згенероване вершинне покриття (C): [0, 1, 2, 3, 5, 6, 7, 8, 9, 13, 14, 15, 16, 17, 18, 20, 21, 22, 23, 24, 25, 27, 28, 29, 30, 32, 34, 35, 36, 37, 38, 40, 42, 43, 44, 45, 46, 47, 48, 50, 51, 52, 53, 54, 57, 58, 59, 60, 61, 62, 64, 65, 66, 67, 68, 69, 70, 71, 72, 73, 74, 75, 76, 77, 78, 79, 80, 81, 82, 83, 85, 86, 87, 88, 89, 91, 92, 93, 94, 95, 96, 97, 98, 99]

--- Генерація вершинного покриття (зі списку суміжності) ---
Знайдене максимальне парування (M): {(68, 91), (9, 45), (10, 43), (77, 93), (29, 41), (0, 69), (38, 53), (11, 20), (44, 90), (19, 42), (2, 99), (14, 70), (30, 54), (34, 82), (22, 80), (5, 73), (40, 98), (37, 87), (23, 27), (55, 92), (48, 56), (61, 84), (12, 36), (47, 85), (60, 94), (17, 32), (15, 71), (8, 35), (7, 67), (21, 66), (13, 89), (63, 78), (88, 95), (39, 86), (64, 79), (6, 28), (18, 97), (50, 65), (52, 62), (26, 49), (4, 31), (24, 58), (75, 76), (25, 72), (1, 74)}
Згенероване вершинне покриття (C): [0, 1, 2, 4, 5, 6, 7, 8, 9, 10, 11, 12, 13, 14, 15, 17, 18, 19, 20, 21, 22, 23, 24, 25, 26, 27, 28, 29, 30, 31, 32, 34, 35, 36, 37, 38, 39, 40, 41, 42, 43, 44, 45, 47, 48, 49, 50, 52, 53, 54, 55, 56, 58, 60, 61, 62, 63, 64, 65, 66, 67, 68, 69, 70, 71, 72, 73, 74, 75, 76, 77, 78, 79, 80, 82, 84, 85, 86, 87, 88, 89, 90, 91, 92, 93, 94, 95, 97, 98, 99]

--- Генерація вершинного покриття (зі списку суміжності) ---
Знайдене максимальне парування (M): {(31, 69), (76, 95), (36, 65), (71, 87), (21, 74), (26, 97), (52, 67), (53, 99), (58, 83), (12, 40), (20, 47), (27, 86), (0, 23), (85, 91), (18, 68), (35, 78), (41, 42), (16, 77), (30, 39), (49, 89), (1, 33), (7, 19), (54, 73), (46, 93), (24, 90), (48, 96), (61, 66), (45, 82), (38, 43), (3, 15), (25, 55), (50, 81), (60, 88), (28, 32), (37, 62), (13, 34), (6, 92), (5, 11), (14, 29), (2, 70), (44, 79)}
Згенероване вершинне покриття (C): [0, 1, 2, 3, 5, 6, 7, 11, 12, 13, 14, 15, 16, 18, 19, 20, 21, 23, 24, 25, 26, 27, 28, 29, 30, 31, 32, 33, 34, 35, 36, 37, 38, 39, 40, 41, 42, 43, 44, 45, 46, 47, 48, 49, 50, 52, 53, 54, 55, 58, 60, 61, 62, 65, 66, 67, 68, 69, 70, 71, 73, 74, 76, 77, 78, 79, 81, 82, 83, 85, 86, 87, 88, 89, 90, 91, 92, 93, 95, 96, 97, 99]

--- Генерація вершинного покриття (зі списку суміжності) ---
Знайдене максимальне парування (M): {(65, 98), (53, 84), (56, 74), (19, 61), (4, 70), (27, 68), (60, 77), (10, 64), (26, 48), (12, 95), (92, 97), (22, 47), (0, 90), (24, 81), (57, 87), (40, 89), (6, 32), (2, 41), (37, 75), (20, 83), (18, 34), (36, 82), (8, 69), (58, 88), (13, 71), (9, 86), (51, 94), (30, 93), (38, 76), (5, 45), (23, 66), (1, 99), (29, 85), (28, 62), (11, 52), (7, 91), (3, 72), (39, 43), (17, 25), (21, 50), (15, 67)}
Згенероване вершинне покриття (C): [0, 1, 2, 3, 4, 5, 6, 7, 8, 9, 10, 11, 12, 13, 15, 17, 18, 19, 20, 21, 22, 23, 24, 25, 26, 27, 28, 29, 30, 32, 34, 36, 37, 38, 39, 40, 41, 43, 45, 47, 48, 50, 51, 52, 53, 56, 57, 58, 60, 61, 62, 64, 65, 66, 67, 68, 69, 70, 71, 72, 74, 75, 76, 77, 81, 82, 83, 84, 85, 86, 87, 88, 89, 90, 91, 92, 93, 94, 95, 97, 98, 99]

--- Генерація вершинного покриття (зі списку суміжності) ---
Знайдене максимальне парування (M): {(12, 62), (17, 61), (44, 48), (63, 89), (55, 93), (60, 80), (11, 14), (29, 53), (66, 72), (33, 81), (19, 27), (10, 24), (23, 52), (2, 20), (32, 36), (71, 86), (82, 92), (35, 41), (5, 73), (42, 68), (30, 75), (78, 94), (83, 84), (31, 43), (37, 99), (47, 97), (8, 87), (25, 70), (22, 49), (50, 90), (0, 28), (51, 88), (76, 96), (7, 85), (1, 38), (77, 79), (3, 69), (16, 57), (4, 95), (6, 64), (34, 56)}
Згенероване вершинне покриття (C): [0, 1, 2, 3, 4, 5, 6, 7, 8, 10, 11, 12, 14, 16, 17, 19, 20, 22, 23, 24, 25, 27, 28, 29, 30, 31, 32, 33, 34, 35, 36, 37, 38, 41, 42, 43, 44, 47, 48, 49, 50, 51, 52, 53, 55, 56, 57, 60, 61, 62, 63, 64, 66, 68, 69, 70, 71, 72, 73, 75, 76, 77, 78, 79, 80, 81, 82, 83, 84, 85, 86, 87, 88, 89, 90, 92, 93, 94, 95, 96, 97, 99]

--- Генерація вершинного покриття (зі списку суміжності) ---
Знайдене максимальне парування (M): {(6, 76), (16, 35), (39, 91), (49, 93), (12, 13), (0, 48), (67, 83), (2, 51), (77, 90), (21, 46), (18, 59), (30, 88), (19, 97), (9, 38), (47, 58), (50, 63), (28, 66), (96, 98), (60, 70), (32, 54), (26, 41), (27, 79), (4, 52), (55, 95), (15, 62), (36, 42), (8, 84), (68, 74), (44, 92), (5, 45), (22, 61), (3, 57), (17, 56), (29, 82), (20, 73), (1, 99), (23, 75), (34, 72), (37, 71), (10, 53), (43, 89), (7, 69)}
Згенероване вершинне покриття (C): [0, 1, 2, 3, 4, 5, 6, 7, 8, 9, 10, 12, 13, 15, 16, 17, 18, 19, 20, 21, 22, 23, 26, 27, 28, 29, 30, 32, 34, 35, 36, 37, 38, 39, 41, 42, 43, 44, 45, 46, 47, 48, 49, 50, 51, 52, 53, 54, 55, 56, 57, 58, 59, 60, 61, 62, 63, 66, 67, 68, 69, 70, 71, 72, 73, 74, 75, 76, 77, 79, 82, 83, 84, 88, 89, 90, 91, 92, 93, 95, 96, 97, 98, 99]

--- Генерація вершинного покриття (зі списку суміжності) ---
Знайдене максимальне парування (M): {(43, 95), (24, 36), (23, 83), (20, 90), (7, 96), (61, 76), (70, 88), (2, 8), (26, 66), (38, 65), (15, 78), (53, 68), (25, 31), (44, 99), (16, 40), (13, 47), (41, 57), (45, 94), (35, 59), (27, 82), (9, 77), (30, 32), (75, 92), (85, 93), (33, 34), (5, 54), (0, 98), (63, 87), (73, 79), (12, 72), (3, 69), (6, 37), (4, 74), (17, 71), (28, 80), (29, 39), (14, 84), (50, 89), (19, 22), (21, 62)}
Згенероване вершинне покриття (C): [0, 2, 3, 4, 5, 6, 7, 8, 9, 12, 13, 14, 15, 16, 17, 19, 20, 21, 22, 23, 24, 25, 26, 27, 28, 29, 30, 31, 32, 33, 34, 35, 36, 37, 38, 39, 40, 41, 43, 44, 45, 47, 50, 53, 54, 57, 59, 61, 62, 63, 65, 66, 68, 69, 70, 71, 72, 73, 74, 75, 76, 77, 78, 79, 80, 82, 83, 84, 85, 87, 88, 89, 90, 92, 93, 94, 95, 96, 98, 99]

--- Генерація вершинного покриття (зі списку суміжності) ---
Знайдене максимальне парування (M): {(53, 66), (16, 35), (15, 91), (26, 97), (9, 75), (45, 98), (23, 43), (5, 92), (65, 79), (57, 84), (39, 72), (11, 32), (21, 73), (14, 61), (82, 89), (10, 51), (12, 70), (20, 28), (55, 80), (52, 63), (44, 59), (56, 88), (25, 58), (41, 78), (94, 96), (85, 87), (48, 71), (8, 99), (62, 67), (74, 93), (19, 38), (81, 86), (6, 83), (60, 69), (34, 90), (17, 77), (2, 64), (7, 54), (1, 13), (0, 24)}
Згенероване вершинне покриття (C): [0, 1, 2, 5, 6, 7, 8, 9, 10, 11, 12, 13, 14, 15, 16, 17, 19, 20, 21, 23, 24, 25, 26, 28, 32, 34, 35, 38, 39, 41, 43, 44, 45, 48, 51, 52, 53, 54, 55, 56, 57, 58, 59, 60, 61, 62, 63, 64, 65, 66, 67, 69, 70, 71, 72, 73, 74, 75, 77, 78, 79, 80, 81, 82, 83, 84, 85, 86, 87, 88, 89, 90, 91, 92, 93, 94, 96, 97, 98, 99]

--- Генерація вершинного покриття (зі списку суміжності) ---
Знайдене максимальне парування (M): {(62, 75), (16, 81), (23, 65), (38, 90), (6, 30), (14, 74), (20, 93), (40, 47), (19, 82), (10, 73), (37, 97), (35, 69), (26, 66), (28, 42), (46, 84), (7, 77), (9, 53), (0, 50), (8, 57), (60, 64), (51, 67), (32, 72), (5, 79), (24, 68), (61, 87), (34, 45), (13, 89), (39, 71), (49, 85), (17, 56), (25, 91), (55, 70), (33, 98), (11, 52), (18, 36), (48, 58), (21, 44), (2, 12), (92, 95), (27, 29)}
Згенероване вершинне покриття (C): [0, 2, 5, 6, 7, 8, 9, 10, 11, 12, 13, 14, 16, 17, 18, 19, 20, 21, 23, 24, 25, 26, 27, 28, 29, 30, 32, 33, 34, 35, 36, 37, 38, 39, 40, 42, 44, 45, 46, 47, 48, 49, 50, 51, 52, 53, 55, 56, 57, 58, 60, 61, 62, 64, 65, 66, 67, 68, 69, 70, 71, 72, 73, 74, 75, 77, 79, 81, 82, 84, 85, 87, 89, 90, 91, 92, 93, 95, 97, 98]

--- Генерація вершинного покриття (зі списку суміжності) ---
Знайдене максимальне парування (M): {(56, 62), (13, 94), (55, 66), (14, 71), (0, 51), (3, 25), (16, 50), (24, 63), (28, 30), (27, 92), (36, 43), (57, 81), (10, 91), (88, 93), (2, 35), (31, 83), (7, 95), (11, 59), (20, 58), (49, 67), (68, 74), (45, 54), (85, 96), (9, 89), (61, 99), (38, 75), (72, 77), (34, 60), (1, 29), (32, 44), (42, 52), (78, 84), (40, 97), (8, 65), (4, 22), (5, 17), (33, 70), (23, 47), (37, 98), (26, 73), (48, 76)}
Згенероване вершинне покриття (C): [0, 1, 2, 3, 4, 5, 7, 8, 9, 10, 11, 13, 14, 16, 17, 20, 22, 23, 24, 25, 26, 27, 28, 29, 30, 31, 32, 33, 34, 35, 36, 37, 38, 40, 42, 43, 44, 45, 47, 48, 49, 50, 51, 52, 54, 55, 56, 57, 58, 59, 60, 61, 62, 63, 65, 66, 67, 68, 70, 71, 72, 73, 74, 75, 76, 77, 78, 81, 83, 84, 85, 88, 89, 91, 92, 93, 94, 95, 96, 97, 98, 99]

--- Генерація вершинного покриття (зі списку суміжності) ---
Знайдене максимальне парування (M): {(51, 99), (31, 72), (15, 39), (58, 80), (17, 76), (1, 61), (48, 54), (37, 88), (12, 46), (83, 97), (0, 90), (44, 84), (26, 32), (42, 50), (69, 70), (45, 82), (11, 53), (67, 85), (3, 79), (62, 98), (6, 47), (16, 55), (41, 78), (49, 64), (27, 94), (28, 29), (33, 89), (65, 87), (7, 73), (24, 95), (21, 23), (81, 92), (5, 66), (10, 56), (2, 52), (20, 91), (25, 57), (4, 22), (30, 77), (34, 93), (14, 35), (63, 71), (43, 74), (60, 96), (19, 86), (18, 75)}
Згенероване вершинне покриття (C): [0, 1, 2, 3, 4, 5, 6, 7, 10, 11, 12, 14, 15, 16, 17, 18, 19, 20, 21, 22, 23, 24, 25, 26, 27, 28, 29, 30, 31, 32, 33, 34, 35, 37, 39, 41, 42, 43, 44, 45, 46, 47, 48, 49, 50, 51, 52, 53, 54, 55, 56, 57, 58, 60, 61, 62, 63, 64, 65, 66, 67, 69, 70, 71, 72, 73, 74, 75, 76, 77, 78, 79, 80, 81, 82, 83, 84, 85, 86, 87, 88, 89, 90, 91, 92, 93, 94, 95, 96, 97, 98, 99]

--- Генерація вершинного покриття (зі списку суміжності) ---
Знайдене максимальне парування (M): {(62, 75), (88, 97), (25, 32), (9, 48), (54, 80), (43, 89), (7, 29), (30, 70), (5, 74), (49, 59), (22, 41), (19, 24), (46, 72), (21, 73), (6, 78), (36, 47), (27, 58), (37, 66), (10, 45), (55, 71), (17, 60), (12, 82), (44, 56), (52, 63), (26, 93), (67, 91), (40, 98), (14, 33), (1, 84), (0, 86), (65, 87), (8, 96), (11, 95), (77, 79), (50, 68), (31, 94), (3, 20), (69, 81), (34, 99), (57, 64), (23, 38), (51, 90)}
Згенероване вершинне покриття (C): [0, 1, 3, 5, 6, 7, 8, 9, 10, 11, 12, 14, 17, 19, 20, 21, 22, 23, 24, 25, 26, 27, 29, 30, 31, 32, 33, 34, 36, 37, 38, 40, 41, 43, 44, 45, 46, 47, 48, 49, 50, 51, 52, 54, 55, 56, 57, 58, 59, 60, 62, 63, 64, 65, 66, 67, 68, 69, 70, 71, 72, 73, 74, 75, 77, 78, 79, 80, 81, 82, 84, 86, 87, 88, 89, 90, 91, 93, 94, 95, 96, 97, 98, 99]

--- Генерація вершинного покриття (зі списку суміжності) ---
Знайдене максимальне парування (M): {(40, 78), (81, 85), (1, 95), (63, 86), (26, 36), (18, 32), (37, 76), (39, 42), (57, 66), (8, 30), (46, 72), (53, 65), (4, 48), (59, 60), (34, 73), (47, 70), (38, 92), (3, 67), (7, 31), (20, 83), (33, 50), (49, 98), (58, 79), (9, 62), (14, 15), (6, 96), (54, 91), (45, 56), (0, 10), (11, 19), (61, 99), (27, 75), (12, 84), (21, 93), (64, 97), (80, 87), (25, 69), (23, 41), (52, 89), (68, 82), (28, 43)}
Згенероване вершинне покриття (C): [0, 1, 3, 4, 6, 7, 8, 9, 10, 11, 12, 14, 15, 18, 19, 20, 21, 23, 25, 26, 27, 28, 30, 31, 32, 33, 34, 36, 37, 38, 39, 40, 41, 42, 43, 45, 46, 47, 48, 49, 50, 52, 53, 54, 56, 57, 58, 59, 60, 61, 62, 63, 64, 65, 66, 67, 68, 69, 70, 72, 73, 75, 76, 78, 79, 80, 81, 82, 83, 84, 85, 86, 87, 89, 91, 92, 93, 95, 96, 97, 98, 99]

--- Генерація вершинного покриття (зі списку суміжності) ---
Знайдене максимальне парування (M): {(14, 59), (3, 62), (67, 74), (23, 28), (52, 64), (21, 34), (24, 60), (33, 69), (18, 56), (0, 72), (11, 78), (51, 83), (54, 55), (9, 38), (41, 91), (8, 63), (7, 40), (36, 76), (2, 4), (22, 37), (12, 97), (44, 65), (49, 61), (27, 88), (53, 58), (10, 20), (30, 35), (42, 89), (13, 77), (15, 19), (85, 99), (68, 98), (90, 92), (43, 47), (25, 45), (29, 94), (31, 79), (26, 46), (16, 39), (17, 80), (66, 70), (5, 96), (1, 71), (50, 95), (48, 73)}
Згенероване вершинне покриття (C): [0, 1, 2, 3, 4, 5, 7, 8, 9, 10, 11, 12, 13, 14, 15, 16, 17, 18, 19, 20, 21, 22, 23, 24, 25, 26, 27, 28, 29, 30, 31, 33, 34, 35, 36, 37, 38, 39, 40, 41, 42, 43, 44, 45, 46, 47, 48, 49, 50, 51, 52, 53, 54, 55, 56, 58, 59, 60, 61, 62, 63, 64, 65, 66, 67, 68, 69, 70, 71, 72, 73, 74, 76, 77, 78, 79, 80, 83, 85, 88, 89, 90, 91, 92, 94, 95, 96, 97, 98, 99]

--- Генерація вершинного покриття (зі списку суміжності) ---
Знайдене максимальне парування (M): {(6, 12), (56, 65), (71, 81), (32, 49), (34, 80), (16, 47), (2, 69), (41, 94), (19, 91), (4, 5), (26, 35), (58, 70), (7, 86), (42, 59), (27, 61), (25, 37), (48, 53), (11, 68), (29, 66), (23, 39), (50, 90), (1, 14), (83, 99), (93, 97), (38, 76), (10, 96), (0, 89), (21, 63), (79, 98), (54, 72), (15, 92), (33, 43), (18, 85), (13, 46), (30, 62), (9, 67), (24, 82), (3, 20), (60, 84), (28, 77), (31, 45), (57, 73), (17, 40)}
Згенероване вершинне покриття (C): [0, 1, 2, 3, 4, 5, 6, 7, 9, 10, 11, 12, 13, 14, 15, 16, 17, 18, 19, 20, 21, 23, 24, 25, 26, 27, 28, 29, 30, 31, 32, 33, 34, 35, 37, 38, 39, 40, 41, 42, 43, 45, 46, 47, 48, 49, 50, 53, 54, 56, 57, 58, 59, 60, 61, 62, 63, 65, 66, 67, 68, 69, 70, 71, 72, 73, 76, 77, 79, 80, 81, 82, 83, 84, 85, 86, 89, 90, 91, 92, 93, 94, 96, 97, 98, 99]

--- Генерація вершинного покриття (зі списку суміжності) ---
Знайдене максимальне парування (M): {(71, 81), (50, 52), (60, 65), (8, 61), (45, 80), (4, 70), (24, 54), (77, 93), (36, 83), (30, 73), (31, 44), (47, 95), (49, 68), (10, 15), (0, 35), (7, 16), (25, 86), (12, 58), (2, 29), (62, 74), (32, 97), (59, 63), (33, 96), (14, 18), (56, 79), (28, 38), (43, 87), (11, 82), (40, 67), (34, 66), (23, 69), (3, 75), (6, 98), (22, 88), (27, 84), (17, 89), (5, 99), (20, 57), (51, 90), (37, 46), (13, 85)}
Згенероване вершинне покриття (C): [0, 2, 3, 4, 5, 6, 7, 8, 10, 11, 12, 13, 14, 15, 16, 17, 18, 20, 22, 23, 24, 25, 27, 28, 29, 30, 31, 32, 33, 34, 35, 36, 37, 38, 40, 43, 44, 45, 46, 47, 49, 50, 51, 52, 54, 56, 57, 58, 59, 60, 61, 62, 63, 65, 66, 67, 68, 69, 70, 71, 73, 74, 75, 77, 79, 80, 81, 82, 83, 84, 85, 86, 87, 88, 89, 90, 93, 95, 96, 97, 98, 99]

--- Генерація вершинного покриття (зі списку суміжності) ---
Знайдене максимальне парування (M): {(60, 62), (78, 86), (38, 53), (1, 21), (10, 33), (73, 77), (4, 51), (12, 64), (76, 88), (5, 58), (48, 99), (6, 96), (7, 95), (9, 71), (30, 69), (89, 94), (32, 72), (22, 98), (52, 84), (11, 74), (59, 93), (36, 97), (2, 13), (23, 54), (49, 67), (17, 41), (26, 80), (31, 70), (56, 63), (16, 91), (55, 85), (8, 65), (47, 87), (40, 45), (35, 61), (0, 15), (68, 82), (46, 79), (43, 92)}
Згенероване вершинне покриття (C): [0, 1, 2, 4, 5, 6, 7, 8, 9, 10, 11, 12, 13, 15, 16, 17, 21, 22, 23, 26, 30, 31, 32, 33, 35, 36, 38, 40, 41, 43, 45, 46, 47, 48, 49, 51, 52, 53, 54, 55, 56, 58, 59, 60, 61, 62, 63, 64, 65, 67, 68, 69, 70, 71, 72, 73, 74, 76, 77, 78, 79, 80, 82, 84, 85, 86, 87, 88, 89, 91, 92, 93, 94, 95, 96, 97, 98, 99]

--- Генерація вершинного покриття (зі списку суміжності) ---
Знайдене максимальне парування (M): {(2, 33), (13, 27), (68, 97), (86, 87), (18, 99), (34, 83), (21, 92), (63, 95), (50, 67), (1, 61), (10, 70), (11, 75), (35, 69), (66, 84), (3, 98), (57, 78), (15, 72), (40, 71), (45, 55), (20, 62), (65, 88), (6, 81), (7, 28), (4, 14), (32, 48), (23, 85), (51, 79), (59, 90), (31, 52), (26, 80), (46, 89), (16, 24), (30, 47), (53, 73), (9, 49), (38, 91), (64, 94), (0, 58), (29, 54), (19, 25), (43, 77), (36, 93), (44, 82), (12, 56)}
Згенероване вершинне покриття (C): [0, 1, 2, 3, 4, 6, 7, 9, 10, 11, 12, 13, 14, 15, 16, 18, 19, 20, 21, 23, 24, 25, 26, 27, 28, 29, 30, 31, 32, 33, 34, 35, 36, 38, 40, 43, 44, 45, 46, 47, 48, 49, 50, 51, 52, 53, 54, 55, 56, 57, 58, 59, 61, 62, 63, 64, 65, 66, 67, 68, 69, 70, 71, 72, 73, 75, 77, 78, 79, 80, 81, 82, 83, 84, 85, 86, 87, 88, 89, 90, 91, 92, 93, 94, 95, 97, 98, 99]

--- Генерація вершинного покриття (зі списку суміжності) ---
Знайдене максимальне парування (M): {(9, 45), (38, 87), (34, 56), (27, 50), (3, 71), (2, 51), (20, 93), (59, 94), (1, 12), (85, 91), (75, 84), (23, 52), (19, 37), (36, 46), (96, 97), (18, 77), (26, 90), (21, 88), (30, 60), (47, 76), (78, 79), (41, 69), (22, 98), (74, 81), (29, 61), (14, 39), (7, 64), (42, 89), (17, 44), (10, 99), (57, 92), (16, 24), (58, 72), (48, 95), (33, 55), (6, 40), (43, 65), (4, 28), (11, 70), (35, 73), (8, 25), (68, 82), (31, 66)}
Згенероване вершинне покриття (C): [1, 2, 3, 4, 6, 7, 8, 9, 10, 11, 12, 14, 16, 17, 18, 19, 20, 21, 22, 23, 24, 25, 26, 27, 28, 29, 30, 31, 33, 34, 35, 36, 37, 38, 39, 40, 41, 42, 43, 44, 45, 46, 47, 48, 50, 51, 52, 55, 56, 57, 58, 59, 60, 61, 64, 65, 66, 68, 69, 70, 71, 72, 73, 74, 75, 76, 77, 78, 79, 81, 82, 84, 85, 87, 88, 89, 90, 91, 92, 93, 94, 95, 96, 97, 98, 99]

--- Генерація вершинного покриття (зі списку суміжності) ---
Знайдене максимальне парування (M): {(65, 98), (0, 30), (24, 27), (37, 61), (6, 33), (11, 51), (18, 99), (7, 38), (5, 74), (43, 64), (16, 53), (69, 92), (57, 72), (42, 81), (76, 85), (13, 82), (10, 36), (56, 70), (26, 35), (48, 50), (3, 88), (46, 62), (12, 45), (22, 49), (20, 55), (1, 23), (28, 96), (9, 95), (15, 19), (60, 63), (21, 87), (59, 80), (31, 94), (8, 34), (4, 89), (58, 93), (83, 86), (25, 78), (40, 66), (75, 97)}
Згенероване вершинне покриття (C): [0, 1, 3, 4, 5, 6, 7, 8, 9, 10, 11, 12, 13, 15, 16, 18, 19, 20, 21, 22, 23, 24, 25, 26, 27, 28, 30, 31, 33, 34, 35, 36, 37, 38, 40, 42, 43, 45, 46, 48, 49, 50, 51, 53, 55, 56, 57, 58, 59, 60, 61, 62, 63, 64, 65, 66, 69, 70, 72, 74, 75, 76, 78, 80, 81, 82, 83, 85, 86, 87, 88, 89, 92, 93, 94, 95, 96, 97, 98, 99]

--- Генерація вершинного покриття (зі списку суміжності) ---
Знайдене максимальне парування (M): {(7, 23), (16, 99), (28, 70), (18, 41), (40, 47), (4, 33), (48, 57), (65, 73), (13, 69), (11, 20), (21, 55), (35, 87), (79, 81), (38, 92), (30, 54), (50, 63), (59, 66), (6, 90), (42, 68), (97, 98), (78, 88), (58, 91), (75, 80), (29, 61), (76, 84), (3, 39), (46, 83), (25, 82), (31, 67), (17, 53), (51, 60), (34, 72), (0, 52), (43, 56), (37, 74), (15, 49), (86, 94), (14, 26), (89, 93), (32, 71), (19, 77), (12, 44), (1, 22)}
Згенероване вершинне покриття (C): [0, 1, 3, 4, 6, 7, 11, 12, 13, 14, 15, 16, 17, 18, 19, 20, 21, 22, 23, 25, 26, 28, 29, 30, 31, 32, 33, 34, 35, 37, 38, 39, 40, 41, 42, 43, 44, 46, 47, 48, 49, 50, 51, 52, 53, 54, 55, 56, 57, 58, 59, 60, 61, 63, 65, 66, 67, 68, 69, 70, 71, 72, 73, 74, 75, 76, 77, 78, 79, 80, 81, 82, 83, 84, 86, 87, 88, 89, 90, 91, 92, 93, 94, 97, 98, 99]

--- Генерація вершинного покриття (зі списку суміжності) ---
Знайдене максимальне парування (M): {(3, 68), (52, 58), (26, 36), (22, 29), (16, 56), (0, 72), (9, 38), (57, 87), (76, 88), (62, 77), (6, 78), (11, 96), (27, 61), (23, 70), (41, 54), (2, 47), (20, 83), (15, 44), (5, 99), (4, 81), (1, 89), (21, 39), (24, 71), (45, 51), (30, 90), (42, 95), (8, 32), (35, 86), (53, 73), (25, 91), (33, 43), (67, 75), (14, 84), (59, 92), (48, 55), (46, 64), (18, 63), (10, 19), (28, 37), (66, 79), (17, 49)}
Згенероване вершинне покриття (C): [0, 1, 2, 3, 4, 5, 6, 8, 9, 10, 11, 14, 15, 16, 17, 18, 19, 20, 21, 22, 23, 24, 25, 26, 27, 28, 29, 30, 32, 33, 35, 36, 37, 38, 39, 41, 42, 43, 44, 45, 46, 47, 48, 49, 51, 52, 53, 54, 55, 56, 57, 58, 59, 61, 62, 63, 64, 66, 67, 68, 70, 71, 72, 73, 75, 76, 77, 78, 79, 81, 83, 84, 86, 87, 88, 89, 90, 91, 92, 95, 96, 99]

--- Генерація вершинного покриття (зі списку суміжності) ---
Знайдене максимальне парування (M): {(28, 46), (12, 65), (62, 81), (53, 90), (51, 68), (77, 87), (9, 78), (19, 82), (44, 72), (91, 95), (24, 26), (85, 98), (31, 71), (13, 99), (23, 76), (7, 37), (25, 61), (16, 52), (57, 59), (36, 41), (10, 14), (50, 96), (2, 80), (30, 35), (6, 74), (55, 64), (38, 88), (15, 43), (27, 69), (8, 92), (33, 58), (21, 93), (84, 97), (11, 67), (17, 22), (34, 47), (40, 60), (75, 94), (48, 79), (1, 89)}
Згенероване вершинне покриття (C): [1, 2, 6, 7, 8, 9, 10, 11, 12, 13, 14, 15, 16, 17, 19, 21, 22, 23, 24, 25, 26, 27, 28, 30, 31, 33, 34, 35, 36, 37, 38, 40, 41, 43, 44, 46, 47, 48, 50, 51, 52, 53, 55, 57, 58, 59, 60, 61, 62, 64, 65, 67, 68, 69, 71, 72, 74, 75, 76, 77, 78, 79, 80, 81, 82, 84, 85, 87, 88, 89, 90, 91, 92, 93, 94, 95, 96, 97, 98, 99]

--- Генерація вершинного покриття (зі списку суміжності) ---
Знайдене максимальне парування (M): {(64, 69), (0, 45), (1, 40), (56, 74), (7, 93), (23, 25), (67, 92), (37, 82), (14, 34), (61, 91), (12, 52), (11, 87), (2, 29), (66, 99), (79, 90), (6, 84), (28, 63), (54, 85), (55, 80), (77, 83), (33, 62), (18, 49), (47, 88), (41, 78), (13, 65), (5, 39), (53, 58), (10, 81), (27, 42), (24, 89), (15, 19), (75, 98), (9, 46), (50, 59), (16, 97), (21, 26), (70, 71), (22, 30), (38, 48), (32, 68), (36, 96), (17, 86), (44, 76)}
Згенероване вершинне покриття (C): [0, 1, 2, 5, 6, 7, 9, 10, 11, 12, 13, 14, 15, 16, 17, 18, 19, 21, 22, 23, 24, 25, 26, 27, 28, 29, 30, 32, 33, 34, 36, 37, 38, 39, 40, 41, 42, 44, 45, 46, 47, 48, 49, 50, 52, 53, 54, 55, 56, 58, 59, 61, 62, 63, 64, 65, 66, 67, 68, 69, 70, 71, 74, 75, 76, 77, 78, 79, 80, 81, 82, 83, 84, 85, 86, 87, 88, 89, 90, 91, 92, 93, 96, 97, 98, 99]

--- Генерація вершинного покриття (зі списку суміжності) ---
Знайдене максимальне парування (M): {(51, 53), (38, 99), (41, 55), (86, 87), (35, 66), (27, 28), (36, 37), (49, 68), (15, 72), (21, 73), (9, 50), (24, 32), (82, 92), (4, 14), (6, 96), (95, 98), (17, 78), (45, 97), (48, 59), (1, 11), (30, 81), (2, 71), (33, 77), (52, 90), (34, 63), (10, 93), (0, 40), (54, 75), (16, 88), (43, 44), (29, 85), (7, 18), (84, 91), (42, 58), (12, 20), (31, 39), (57, 70), (74, 80), (46, 67), (19, 89), (8, 25), (26, 76)}
Згенероване вершинне покриття (C): [0, 1, 2, 4, 6, 7, 8, 9, 10, 11, 12, 14, 15, 16, 17, 18, 19, 20, 21, 24, 25, 26, 27, 28, 29, 30, 31, 32, 33, 34, 35, 36, 37, 38, 39, 40, 41, 42, 43, 44, 45, 46, 48, 49, 50, 51, 52, 53, 54, 55, 57, 58, 59, 63, 66, 67, 68, 70, 71, 72, 73, 74, 75, 76, 77, 78, 80, 81, 82, 84, 85, 86, 87, 88, 89, 90, 91, 92, 93, 95, 96, 97, 98, 99]

--- Генерація вершинного покриття (зі списку суміжності) ---
Знайдене максимальне парування (M): {(0, 36), (15, 30), (18, 20), (45, 65), (3, 68), (50, 58), (62, 96), (31, 32), (52, 64), (7, 41), (2, 66), (17, 94), (44, 78), (11, 81), (46, 72), (9, 35), (53, 63), (51, 95), (19, 39), (43, 97), (29, 80), (57, 93), (54, 76), (69, 70), (73, 86), (21, 88), (25, 55), (8, 14), (5, 85), (12, 42), (10, 84), (13, 16), (47, 48), (23, 60), (24, 92), (26, 89), (4, 56), (40, 79), (6, 28), (59, 83), (74, 98)}
Згенероване вершинне покриття (C): [0, 2, 3, 4, 5, 6, 7, 8, 9, 10, 11, 12, 13, 14, 15, 16, 17, 18, 19, 20, 21, 23, 24, 25, 26, 28, 29, 30, 31, 32, 35, 36, 39, 40, 41, 42, 43, 44, 45, 46, 47, 48, 50, 51, 52, 53, 54, 55, 56, 57, 58, 59, 60, 62, 63, 64, 65, 66, 68, 69, 70, 72, 73, 74, 76, 78, 79, 80, 81, 83, 84, 85, 86, 88, 89, 92, 93, 94, 95, 96, 97, 98]

--- Генерація вершинного покриття (зі списку суміжності) ---
Знайдене максимальне парування (M): {(28, 46), (62, 84), (15, 97), (17, 67), (78, 83), (4, 24), (33, 66), (27, 80), (40, 47), (14, 22), (50, 79), (85, 91), (49, 65), (76, 82), (20, 59), (9, 87), (26, 69), (16, 25), (2, 41), (35, 56), (72, 99), (58, 88), (43, 75), (8, 23), (0, 74), (11, 77), (5, 42), (10, 32), (6, 68), (19, 44), (36, 54), (64, 73), (90, 98), (71, 94), (12, 81), (7, 45), (38, 63), (61, 89), (29, 57), (31, 48), (92, 95), (13, 21), (55, 60)}
Згенероване вершинне покриття (C): [0, 2, 4, 5, 6, 7, 8, 9, 10, 11, 12, 13, 14, 15, 16, 17, 19, 20, 21, 22, 23, 24, 25, 26, 27, 28, 29, 31, 32, 33, 35, 36, 38, 40, 41, 42, 43, 44, 45, 46, 47, 48, 49, 50, 54, 55, 56, 57, 58, 59, 60, 61, 62, 63, 64, 65, 66, 67, 68, 69, 71, 72, 73, 74, 75, 76, 77, 78, 79, 80, 81, 82, 83, 84, 85, 87, 88, 89, 90, 91, 92, 94, 95, 97, 98, 99]

--- Генерація вершинного покриття (зі списку суміжності) ---
Знайдене максимальне парування (M): {(0, 36), (23, 68), (1, 95), (67, 71), (60, 65), (34, 80), (72, 94), (32, 58), (59, 85), (40, 50), (91, 92), (26, 66), (3, 98), (76, 82), (14, 43), (35, 96), (49, 89), (61, 78), (7, 46), (57, 62), (17, 84), (19, 20), (37, 38), (21, 51), (45, 54), (41, 93), (30, 99), (2, 31), (28, 56), (18, 79), (63, 81), (6, 83), (44, 55), (22, 24), (42, 73), (86, 97), (48, 52), (27, 87), (10, 16), (9, 88), (25, 75)}
Згенероване вершинне покриття (C): [0, 1, 2, 3, 6, 7, 9, 10, 14, 16, 17, 18, 19, 20, 21, 22, 23, 24, 25, 26, 27, 28, 30, 31, 32, 34, 35, 36, 37, 38, 40, 41, 42, 43, 44, 45, 46, 48, 49, 50, 51, 52, 54, 55, 56, 57, 58, 59, 60, 61, 62, 63, 65, 66, 67, 68, 71, 72, 73, 75, 76, 78, 79, 80, 81, 82, 83, 84, 85, 86, 87, 88, 89, 91, 92, 93, 94, 95, 96, 97, 98, 99]

--- Генерація вершинного покриття (зі списку суміжності) ---
Знайдене максимальне парування (M): {(36, 65), (28, 73), (34, 83), (35, 48), (69, 80), (4, 85), (15, 54), (45, 95), (1, 3), (2, 72), (0, 87), (50, 91), (17, 42), (11, 26), (56, 61), (14, 55), (37, 57), (81, 93), (59, 60), (5, 6), (7, 25), (53, 92), (21, 39), (24, 68), (46, 77), (38, 67), (9, 31), (19, 29), (23, 51), (40, 76), (30, 41), (79, 86), (16, 33), (18, 27), (44, 52), (20, 94), (70, 89), (47, 90), (78, 99), (32, 71), (49, 66), (62, 63)}
Згенероване вершинне покриття (C): [0, 1, 2, 3, 4, 5, 6, 7, 9, 11, 14, 15, 16, 17, 18, 19, 20, 21, 23, 24, 25, 26, 27, 28, 29, 30, 31, 32, 33, 34, 35, 36, 37, 38, 39, 40, 41, 42, 44, 45, 46, 47, 48, 49, 50, 51, 52, 53, 54, 55, 56, 57, 59, 60, 61, 62, 63, 65, 66, 67, 68, 69, 70, 71, 72, 73, 76, 77, 78, 79, 80, 81, 83, 85, 86, 87, 89, 90, 91, 92, 93, 94, 95, 99]

--- Генерація вершинного покриття (зі списку суміжності) ---
Знайдене максимальне парування (M): {(68, 91), (1, 86), (57, 88), (60, 62), (61, 67), (5, 71), (8, 9), (58, 83), (0, 29), (13, 87), (32, 94), (56, 73), (15, 35), (42, 53), (14, 18), (41, 63), (11, 59), (21, 97), (4, 20), (28, 72), (7, 52), (75, 80), (49, 70), (43, 84), (33, 89), (10, 90), (19, 44), (3, 51), (2, 37), (25, 30), (64, 76), (81, 92), (26, 34), (27, 66), (45, 78), (55, 82), (24, 46), (6, 40), (16, 48), (38, 54), (22, 39), (93, 99), (96, 98), (74, 95)}
Згенероване вершинне покриття (C): [0, 1, 2, 3, 4, 5, 6, 7, 8, 9, 10, 11, 13, 14, 15, 16, 18, 19, 20, 21, 22, 24, 25, 26, 27, 28, 29, 30, 32, 33, 34, 35, 37, 38, 39, 40, 41, 42, 43, 44, 45, 46, 48, 49, 51, 52, 53, 54, 55, 56, 57, 58, 59, 60, 61, 62, 63, 64, 66, 67, 68, 70, 71, 72, 73, 74, 75, 76, 78, 80, 81, 82, 83, 84, 86, 87, 88, 89, 90, 91, 92, 93, 94, 95, 96, 97, 98, 99]

--- Генерація вершинного покриття (зі списку суміжності) ---
Знайдене максимальне парування (M): {(64, 81), (78, 80), (59, 73), (18, 38), (16, 44), (70, 79), (17, 82), (12, 25), (20, 50), (21, 61), (10, 24), (29, 62), (65, 94), (5, 52), (56, 67), (33, 47), (4, 11), (6, 93), (30, 69), (7, 43), (35, 53), (22, 37), (9, 19), (27, 85), (1, 66), (3, 91), (83, 87), (2, 13), (15, 71), (41, 96), (34, 63), (36, 54), (72, 89), (28, 68), (95, 97), (40, 42), (60, 84), (51, 75), (23, 32), (48, 55), (39, 49), (8, 86), (31, 57), (74, 98)}
Згенероване вершинне покриття (C): [1, 2, 3, 4, 5, 6, 7, 8, 9, 10, 11, 12, 13, 15, 16, 17, 18, 19, 20, 21, 22, 23, 24, 25, 27, 28, 29, 30, 31, 32, 33, 34, 35, 36, 37, 38, 39, 40, 41, 42, 43, 44, 47, 48, 49, 50, 51, 52, 53, 54, 55, 56, 57, 59, 60, 61, 62, 63, 64, 65, 66, 67, 68, 69, 70, 71, 72, 73, 74, 75, 78, 79, 80, 81, 82, 83, 84, 85, 86, 87, 89, 91, 93, 94, 95, 96, 97, 98]

Середній час виконання: 0.0000546074 секунд
