
--- Генерація вершинного покриття (зі списку суміжності) ---
Знайдене максимальне парування (M): {(82, 84), (0, 97), (7, 20), (1, 43), (37, 70), (18, 38), (54, 98), (39, 51), (59, 94), (47, 49), (71, 77), (10, 88), (15, 72), (29, 65), (22, 62), (41, 48), (31, 80), (4, 69), (6, 90), (28, 66), (52, 60), (45, 85), (58, 76), (16, 46), (8, 11), (21, 33), (78, 79), (25, 64), (9, 19), (92, 99), (42, 86), (24, 89), (55, 67), (3, 57), (30, 50), (81, 95), (40, 91), (44, 61), (14, 23), (32, 53), (36, 87), (56, 93), (12, 96), (13, 73), (63, 68)}
Згенероване вершинне покриття (C): [0, 1, 3, 4, 6, 7, 8, 9, 10, 11, 12, 13, 14, 15, 16, 18, 19, 20, 21, 22, 23, 24, 25, 28, 29, 30, 31, 32, 33, 36, 37, 38, 39, 40, 41, 42, 43, 44, 45, 46, 47, 48, 49, 50, 51, 52, 53, 54, 55, 56, 57, 58, 59, 60, 61, 62, 63, 64, 65, 66, 67, 68, 69, 70, 71, 72, 73, 76, 77, 78, 79, 80, 81, 82, 84, 85, 86, 87, 88, 89, 90, 91, 92, 93, 94, 95, 96, 97, 98, 99]

--- Генерація вершинного покриття (зі списку суміжності) ---
Знайдене максимальне парування (M): {(76, 92), (21, 80), (42, 54), (27, 74), (14, 28), (16, 56), (33, 78), (50, 94), (4, 39), (9, 29), (18, 62), (2, 81), (26, 32), (46, 99), (20, 25), (30, 57), (24, 47), (36, 67), (17, 69), (22, 86), (5, 15), (37, 90), (45, 91), (83, 87), (10, 23), (53, 58), (19, 96), (49, 82), (11, 43), (71, 88), (31, 85), (35, 52), (8, 65), (0, 64), (13, 61), (60, 84), (48, 55), (68, 70), (59, 95), (38, 66), (40, 63), (75, 79), (51, 93), (1, 89)}
Згенероване вершинне покриття (C): [0, 1, 2, 4, 5, 8, 9, 10, 11, 13, 14, 15, 16, 17, 18, 19, 20, 21, 22, 23, 24, 25, 26, 27, 28, 29, 30, 31, 32, 33, 35, 36, 37, 38, 39, 40, 42, 43, 45, 46, 47, 48, 49, 50, 51, 52, 53, 54, 55, 56, 57, 58, 59, 60, 61, 62, 63, 64, 65, 66, 67, 68, 69, 70, 71, 74, 75, 76, 78, 79, 80, 81, 82, 83, 84, 85, 86, 87, 88, 89, 90, 91, 92, 93, 94, 95, 96, 99]

--- Генерація вершинного покриття (зі списку суміжності) ---
Знайдене максимальне парування (M): {(79, 85), (68, 94), (54, 74), (30, 64), (61, 67), (41, 70), (0, 5), (53, 99), (57, 63), (76, 82), (24, 72), (46, 84), (15, 78), (6, 69), (3, 55), (18, 19), (37, 66), (73, 89), (38, 98), (8, 60), (21, 27), (35, 59), (86, 95), (9, 80), (47, 88), (31, 43), (4, 93), (20, 52), (83, 90), (39, 65), (22, 58), (1, 81), (13, 28), (50, 56), (33, 49), (48, 92), (26, 34), (40, 91), (16, 45), (17, 71), (29, 42), (12, 32), (23, 44), (7, 11), (51, 96)}
Згенероване вершинне покриття (C): [0, 1, 3, 4, 5, 6, 7, 8, 9, 11, 12, 13, 15, 16, 17, 18, 19, 20, 21, 22, 23, 24, 26, 27, 28, 29, 30, 31, 32, 33, 34, 35, 37, 38, 39, 40, 41, 42, 43, 44, 45, 46, 47, 48, 49, 50, 51, 52, 53, 54, 55, 56, 57, 58, 59, 60, 61, 63, 64, 65, 66, 67, 68, 69, 70, 71, 72, 73, 74, 76, 78, 79, 80, 81, 82, 83, 84, 85, 86, 88, 89, 90, 91, 92, 93, 94, 95, 96, 98, 99]

--- Генерація вершинного покриття (зі списку суміжності) ---
Знайдене максимальне парування (M): {(34, 62), (79, 94), (5, 53), (31, 84), (22, 75), (15, 39), (77, 78), (0, 2), (89, 98), (27, 83), (36, 37), (28, 33), (26, 69), (7, 68), (43, 88), (23, 61), (21, 73), (12, 64), (24, 93), (35, 99), (16, 95), (32, 51), (10, 48), (45, 76), (54, 85), (17, 63), (3, 70), (6, 29), (9, 59), (1, 66), (44, 74), (91, 97), (38, 67), (65, 81), (18, 82), (46, 92), (30, 56), (11, 52), (4, 80), (50, 71), (49, 57), (47, 96), (8, 86), (25, 87), (20, 60), (19, 40)}
Згенероване вершинне покриття (C): [0, 1, 2, 3, 4, 5, 6, 7, 8, 9, 10, 11, 12, 15, 16, 17, 18, 19, 20, 21, 22, 23, 24, 25, 26, 27, 28, 29, 30, 31, 32, 33, 34, 35, 36, 37, 38, 39, 40, 43, 44, 45, 46, 47, 48, 49, 50, 51, 52, 53, 54, 56, 57, 59, 60, 61, 62, 63, 64, 65, 66, 67, 68, 69, 70, 71, 73, 74, 75, 76, 77, 78, 79, 80, 81, 82, 83, 84, 85, 86, 87, 88, 89, 91, 92, 93, 94, 95, 96, 97, 98, 99]

--- Генерація вершинного покриття (зі списку суміжності) ---
Знайдене максимальне парування (M): {(62, 78), (28, 55), (39, 88), (87, 89), (23, 77), (51, 65), (12, 19), (58, 80), (25, 59), (44, 75), (14, 95), (41, 85), (27, 92), (8, 33), (68, 81), (47, 52), (24, 35), (6, 17), (26, 99), (36, 67), (37, 72), (4, 11), (16, 49), (56, 94), (22, 46), (21, 48), (34, 45), (63, 66), (76, 93), (7, 73), (32, 86), (9, 43), (10, 38), (40, 79), (2, 98), (70, 71), (29, 91), (84, 97), (50, 74), (31, 42), (54, 96), (13, 64), (5, 20), (0, 15), (60, 90), (18, 69), (1, 83)}
Згенероване вершинне покриття (C): [0, 1, 2, 4, 5, 6, 7, 8, 9, 10, 11, 12, 13, 14, 15, 16, 17, 18, 19, 20, 21, 22, 23, 24, 25, 26, 27, 28, 29, 31, 32, 33, 34, 35, 36, 37, 38, 39, 40, 41, 42, 43, 44, 45, 46, 47, 48, 49, 50, 51, 52, 54, 55, 56, 58, 59, 60, 62, 63, 64, 65, 66, 67, 68, 69, 70, 71, 72, 73, 74, 75, 76, 77, 78, 79, 80, 81, 83, 84, 85, 86, 87, 88, 89, 90, 91, 92, 93, 94, 95, 96, 97, 98, 99]

--- Генерація вершинного покриття (зі списку суміжності) ---
Знайдене максимальне парування (M): {(0, 30), (9, 45), (22, 72), (51, 53), (90, 97), (78, 80), (18, 44), (47, 83), (28, 85), (58, 86), (17, 94), (10, 15), (43, 82), (33, 87), (46, 81), (13, 20), (23, 64), (14, 70), (79, 93), (73, 92), (52, 63), (29, 34), (27, 67), (69, 76), (32, 66), (12, 91), (57, 59), (40, 49), (77, 98), (38, 55), (11, 16), (1, 8), (5, 42), (3, 48), (39, 71), (74, 99), (35, 37), (62, 88), (6, 31), (21, 96), (65, 68), (41, 89), (61, 95), (36, 50)}
Згенероване вершинне покриття (C): [0, 1, 3, 5, 6, 8, 9, 10, 11, 12, 13, 14, 15, 16, 17, 18, 20, 21, 22, 23, 27, 28, 29, 30, 31, 32, 33, 34, 35, 36, 37, 38, 39, 40, 41, 42, 43, 44, 45, 46, 47, 48, 49, 50, 51, 52, 53, 55, 57, 58, 59, 61, 62, 63, 64, 65, 66, 67, 68, 69, 70, 71, 72, 73, 74, 76, 77, 78, 79, 80, 81, 82, 83, 85, 86, 87, 88, 89, 90, 91, 92, 93, 94, 95, 96, 97, 98, 99]

--- Генерація вершинного покриття (зі списку суміжності) ---
Знайдене максимальне парування (M): {(31, 87), (28, 73), (78, 89), (7, 50), (1, 70), (13, 72), (54, 64), (18, 74), (49, 86), (37, 66), (35, 44), (55, 77), (2, 41), (29, 95), (69, 76), (33, 62), (21, 42), (24, 59), (6, 47), (8, 14), (5, 85), (16, 61), (22, 46), (43, 84), (39, 65), (36, 45), (10, 32), (34, 57), (25, 27), (26, 83), (11, 52), (15, 40), (63, 99), (67, 81), (3, 17), (19, 68), (53, 97), (4, 92), (12, 38), (30, 80), (58, 93), (20, 48), (23, 56), (71, 75), (96, 98), (9, 94)}
Згенероване вершинне покриття (C): [1, 2, 3, 4, 5, 6, 7, 8, 9, 10, 11, 12, 13, 14, 15, 16, 17, 18, 19, 20, 21, 22, 23, 24, 25, 26, 27, 28, 29, 30, 31, 32, 33, 34, 35, 36, 37, 38, 39, 40, 41, 42, 43, 44, 45, 46, 47, 48, 49, 50, 52, 53, 54, 55, 56, 57, 58, 59, 61, 62, 63, 64, 65, 66, 67, 68, 69, 70, 71, 72, 73, 74, 75, 76, 77, 78, 80, 81, 83, 84, 85, 86, 87, 89, 92, 93, 94, 95, 96, 97, 98, 99]

--- Генерація вершинного покриття (зі списку суміжності) ---
Знайдене максимальне парування (M): {(13, 88), (17, 46), (82, 87), (29, 84), (21, 25), (9, 14), (49, 56), (35, 57), (59, 91), (8, 85), (27, 93), (0, 26), (3, 43), (66, 90), (32, 94), (55, 65), (45, 70), (20, 74), (33, 47), (67, 73), (30, 48), (39, 96), (52, 63), (62, 69), (61, 78), (2, 4), (28, 81), (77, 95), (37, 38), (24, 71), (6, 16), (23, 60), (68, 92), (54, 72), (19, 53), (15, 40), (18, 36), (44, 58), (42, 79), (7, 51), (83, 98), (41, 86), (1, 80), (76, 89), (10, 31)}
Згенероване вершинне покриття (C): [0, 1, 2, 3, 4, 6, 7, 8, 9, 10, 13, 14, 15, 16, 17, 18, 19, 20, 21, 23, 24, 25, 26, 27, 28, 29, 30, 31, 32, 33, 35, 36, 37, 38, 39, 40, 41, 42, 43, 44, 45, 46, 47, 48, 49, 51, 52, 53, 54, 55, 56, 57, 58, 59, 60, 61, 62, 63, 65, 66, 67, 68, 69, 70, 71, 72, 73, 74, 76, 77, 78, 79, 80, 81, 82, 83, 84, 85, 86, 87, 88, 89, 90, 91, 92, 93, 94, 95, 96, 98]

--- Генерація вершинного покриття (зі списку суміжності) ---
Знайдене максимальне парування (M): {(49, 81), (28, 55), (19, 46), (34, 65), (16, 93), (27, 68), (20, 32), (36, 74), (4, 18), (52, 73), (39, 51), (45, 98), (11, 23), (10, 85), (42, 99), (12, 61), (15, 26), (25, 95), (54, 76), (47, 64), (9, 59), (6, 90), (31, 92), (41, 66), (30, 69), (48, 56), (0, 83), (24, 80), (1, 78), (13, 86), (40, 82), (2, 89), (53, 79), (14, 60), (22, 67), (5, 63), (8, 50), (71, 88), (29, 94), (58, 75), (87, 96), (35, 70), (43, 77), (21, 44), (7, 57), (3, 38), (17, 37)}
Згенероване вершинне покриття (C): [0, 1, 2, 3, 4, 5, 6, 7, 8, 9, 10, 11, 12, 13, 14, 15, 16, 17, 18, 19, 20, 21, 22, 23, 24, 25, 26, 27, 28, 29, 30, 31, 32, 34, 35, 36, 37, 38, 39, 40, 41, 42, 43, 44, 45, 46, 47, 48, 49, 50, 51, 52, 53, 54, 55, 56, 57, 58, 59, 60, 61, 63, 64, 65, 66, 67, 68, 69, 70, 71, 73, 74, 75, 76, 77, 78, 79, 80, 81, 82, 83, 85, 86, 87, 88, 89, 90, 92, 93, 94, 95, 96, 98, 99]

--- Генерація вершинного покриття (зі списку суміжності) ---
Знайдене максимальне парування (M): {(54, 65), (11, 42), (10, 43), (59, 70), (18, 84), (25, 50), (32, 55), (3, 19), (26, 48), (13, 63), (22, 35), (52, 67), (1, 64), (75, 81), (2, 14), (36, 98), (83, 97), (85, 94), (21, 58), (20, 62), (38, 77), (23, 73), (5, 61), (40, 89), (29, 86), (44, 56), (78, 82), (39, 41), (12, 24), (47, 88), (4, 93), (37, 99), (30, 87), (45, 51), (9, 31), (28, 96), (15, 74), (33, 92), (8, 53), (7, 91), (46, 49), (6, 95), (80, 90), (16, 66)}
Згенероване вершинне покриття (C): [1, 2, 3, 4, 5, 6, 7, 8, 9, 10, 11, 12, 13, 14, 15, 16, 18, 19, 20, 21, 22, 23, 24, 25, 26, 28, 29, 30, 31, 32, 33, 35, 36, 37, 38, 39, 40, 41, 42, 43, 44, 45, 46, 47, 48, 49, 50, 51, 52, 53, 54, 55, 56, 58, 59, 61, 62, 63, 64, 65, 66, 67, 70, 73, 74, 75, 77, 78, 80, 81, 82, 83, 84, 85, 86, 87, 88, 89, 90, 91, 92, 93, 94, 95, 96, 97, 98, 99]

--- Генерація вершинного покриття (зі списку суміжності) ---
Знайдене максимальне парування (M): {(15, 85), (49, 90), (16, 32), (44, 48), (63, 92), (21, 89), (37, 82), (78, 95), (4, 97), (66, 84), (36, 40), (3, 47), (8, 88), (54, 67), (62, 74), (51, 55), (24, 38), (73, 83), (52, 57), (53, 98), (26, 56), (23, 91), (75, 80), (2, 71), (30, 81), (34, 45), (39, 64), (41, 93), (13, 31), (5, 60), (9, 58), (61, 65), (19, 68), (12, 96), (42, 79), (14, 99), (50, 86), (25, 72), (0, 18), (46, 76), (10, 28), (11, 94), (1, 22)}
Згенероване вершинне покриття (C): [0, 1, 2, 3, 4, 5, 8, 9, 10, 11, 12, 13, 14, 15, 16, 18, 19, 21, 22, 23, 24, 25, 26, 28, 30, 31, 32, 34, 36, 37, 38, 39, 40, 41, 42, 44, 45, 46, 47, 48, 49, 50, 51, 52, 53, 54, 55, 56, 57, 58, 60, 61, 62, 63, 64, 65, 66, 67, 68, 71, 72, 73, 74, 75, 76, 78, 79, 80, 81, 82, 83, 84, 85, 86, 88, 89, 90, 91, 92, 93, 94, 95, 96, 97, 98, 99]

--- Генерація вершинного покриття (зі списку суміжності) ---
Знайдене максимальне парування (M): {(1, 46), (21, 22), (86, 93), (20, 84), (28, 67), (29, 41), (15, 60), (2, 8), (49, 80), (6, 69), (3, 55), (47, 64), (90, 99), (18, 95), (42, 62), (56, 91), (30, 78), (40, 52), (34, 97), (0, 19), (25, 76), (68, 74), (35, 83), (57, 89), (33, 37), (4, 53), (75, 98), (16, 85), (79, 92), (38, 88), (14, 66), (63, 81), (7, 94), (36, 72), (26, 43), (87, 96), (50, 65), (44, 70), (11, 12), (10, 77), (5, 32), (17, 31), (13, 73), (39, 61), (9, 27), (23, 59)}
Згенероване вершинне покриття (C): [0, 1, 2, 3, 4, 5, 6, 7, 8, 9, 10, 11, 12, 13, 14, 15, 16, 17, 18, 19, 20, 21, 22, 23, 25, 26, 27, 28, 29, 30, 31, 32, 33, 34, 35, 36, 37, 38, 39, 40, 41, 42, 43, 44, 46, 47, 49, 50, 52, 53, 55, 56, 57, 59, 60, 61, 62, 63, 64, 65, 66, 67, 68, 69, 70, 72, 73, 74, 75, 76, 77, 78, 79, 80, 81, 83, 84, 85, 86, 87, 88, 89, 90, 91, 92, 93, 94, 95, 96, 97, 98, 99]

--- Генерація вершинного покриття (зі списку суміжності) ---
Знайдене максимальне парування (M): {(10, 37), (16, 90), (84, 87), (60, 65), (45, 74), (41, 61), (78, 83), (6, 51), (32, 79), (40, 68), (17, 39), (18, 80), (11, 38), (59, 63), (5, 52), (1, 97), (0, 47), (26, 96), (8, 57), (82, 98), (20, 92), (27, 73), (42, 71), (29, 43), (75, 77), (3, 94), (23, 36), (13, 19), (49, 85), (31, 67), (34, 66), (81, 89), (7, 21), (56, 69), (30, 50), (62, 91), (76, 99), (44, 55), (53, 88), (9, 15), (24, 58), (2, 12), (25, 72), (28, 95), (22, 48), (4, 46)}
Згенероване вершинне покриття (C): [0, 1, 2, 3, 4, 5, 6, 7, 8, 9, 10, 11, 12, 13, 15, 16, 17, 18, 19, 20, 21, 22, 23, 24, 25, 26, 27, 28, 29, 30, 31, 32, 34, 36, 37, 38, 39, 40, 41, 42, 43, 44, 45, 46, 47, 48, 49, 50, 51, 52, 53, 55, 56, 57, 58, 59, 60, 61, 62, 63, 65, 66, 67, 68, 69, 71, 72, 73, 74, 75, 76, 77, 78, 79, 80, 81, 82, 83, 84, 85, 87, 88, 89, 90, 91, 92, 94, 95, 96, 97, 98, 99]

--- Генерація вершинного покриття (зі списку суміжності) ---
Знайдене максимальне парування (M): {(13, 94), (49, 84), (10, 98), (56, 71), (50, 55), (79, 97), (0, 54), (53, 87), (36, 80), (29, 41), (8, 82), (48, 57), (27, 28), (5, 86), (66, 72), (61, 85), (16, 74), (2, 21), (67, 70), (81, 96), (64, 89), (44, 59), (15, 47), (33, 62), (45, 88), (60, 76), (18, 46), (22, 34), (9, 25), (75, 92), (12, 51), (1, 32), (24, 31), (26, 95), (3, 69), (4, 19), (7, 39), (78, 90), (43, 68), (20, 42), (38, 63), (65, 77), (58, 93), (91, 99), (17, 40), (6, 73)}
Згенероване вершинне покриття (C): [0, 1, 2, 3, 4, 5, 6, 7, 8, 9, 10, 12, 13, 15, 16, 17, 18, 19, 20, 21, 22, 24, 25, 26, 27, 28, 29, 31, 32, 33, 34, 36, 38, 39, 40, 41, 42, 43, 44, 45, 46, 47, 48, 49, 50, 51, 53, 54, 55, 56, 57, 58, 59, 60, 61, 62, 63, 64, 65, 66, 67, 68, 69, 70, 71, 72, 73, 74, 75, 76, 77, 78, 79, 80, 81, 82, 84, 85, 86, 87, 88, 89, 90, 91, 92, 93, 94, 95, 96, 97, 98, 99]

--- Генерація вершинного покриття (зі списку суміжності) ---
Знайдене максимальне парування (M): {(15, 24), (81, 85), (26, 27), (3, 65), (19, 64), (30, 67), (78, 98), (12, 89), (51, 80), (0, 17), (13, 75), (66, 72), (29, 62), (8, 36), (34, 55), (63, 82), (49, 86), (35, 38), (22, 71), (48, 93), (39, 96), (50, 69), (54, 91), (4, 20), (2, 53), (57, 68), (31, 58), (46, 76), (14, 45), (11, 25), (28, 47), (32, 90), (16, 18), (33, 40), (52, 56), (77, 79), (73, 88), (59, 74), (84, 97), (9, 70), (5, 87), (61, 92), (37, 43), (94, 95)}
Згенероване вершинне покриття (C): [0, 2, 3, 4, 5, 8, 9, 11, 12, 13, 14, 15, 16, 17, 18, 19, 20, 22, 24, 25, 26, 27, 28, 29, 30, 31, 32, 33, 34, 35, 36, 37, 38, 39, 40, 43, 45, 46, 47, 48, 49, 50, 51, 52, 53, 54, 55, 56, 57, 58, 59, 61, 62, 63, 64, 65, 66, 67, 68, 69, 70, 71, 72, 73, 74, 75, 76, 77, 78, 79, 80, 81, 82, 84, 85, 86, 87, 88, 89, 90, 91, 92, 93, 94, 95, 96, 97, 98]

--- Генерація вершинного покриття (зі списку суміжності) ---
Знайдене максимальне парування (M): {(6, 76), (44, 51), (27, 65), (13, 48), (12, 28), (42, 69), (89, 92), (9, 17), (0, 8), (35, 78), (60, 95), (38, 71), (32, 36), (24, 93), (29, 77), (34, 73), (16, 40), (58, 79), (31, 37), (54, 97), (83, 84), (18, 52), (15, 62), (61, 96), (22, 49), (57, 80), (7, 70), (53, 67), (55, 64), (11, 98), (39, 86), (33, 46), (4, 10), (50, 68), (26, 43), (5, 14), (21, 99), (20, 91), (3, 81), (1, 59), (41, 74), (19, 25), (23, 47), (75, 85), (2, 82), (66, 94)}
Згенероване вершинне покриття (C): [0, 1, 2, 3, 4, 5, 6, 7, 8, 9, 10, 11, 12, 13, 14, 15, 16, 17, 18, 19, 20, 21, 22, 23, 24, 25, 26, 27, 28, 29, 31, 32, 33, 34, 35, 36, 37, 38, 39, 40, 41, 42, 43, 44, 46, 47, 48, 49, 50, 51, 52, 53, 54, 55, 57, 58, 59, 60, 61, 62, 64, 65, 66, 67, 68, 69, 70, 71, 73, 74, 75, 76, 77, 78, 79, 80, 81, 82, 83, 84, 85, 86, 89, 91, 92, 93, 94, 95, 96, 97, 98, 99]

--- Генерація вершинного покриття (зі списку суміжності) ---
Знайдене максимальне парування (M): {(72, 76), (51, 53), (38, 96), (3, 74), (55, 84), (28, 73), (58, 89), (67, 95), (66, 75), (39, 57), (19, 30), (48, 69), (8, 33), (31, 65), (1, 85), (36, 52), (46, 81), (15, 26), (10, 42), (29, 83), (40, 86), (16, 37), (54, 94), (64, 92), (18, 43), (0, 4), (47, 97), (5, 91), (2, 13), (6, 62), (20, 61), (25, 82), (14, 60), (11, 49), (7, 88), (77, 79), (22, 27), (50, 71), (56, 87), (45, 90), (44, 70), (12, 32), (78, 93), (23, 41), (80, 99), (59, 98), (63, 68)}
Згенероване вершинне покриття (C): [0, 1, 2, 3, 4, 5, 6, 7, 8, 10, 11, 12, 13, 14, 15, 16, 18, 19, 20, 22, 23, 25, 26, 27, 28, 29, 30, 31, 32, 33, 36, 37, 38, 39, 40, 41, 42, 43, 44, 45, 46, 47, 48, 49, 50, 51, 52, 53, 54, 55, 56, 57, 58, 59, 60, 61, 62, 63, 64, 65, 66, 67, 68, 69, 70, 71, 72, 73, 74, 75, 76, 77, 78, 79, 80, 81, 82, 83, 84, 85, 86, 87, 88, 89, 90, 91, 92, 93, 94, 95, 96, 97, 98, 99]

--- Генерація вершинного покриття (зі списку суміжності) ---
Знайдене максимальне парування (M): {(15, 85), (53, 69), (18, 20), (32, 52), (25, 44), (84, 99), (49, 50), (37, 82), (8, 76), (2, 11), (4, 91), (75, 81), (38, 71), (13, 23), (28, 39), (22, 68), (1, 97), (42, 56), (48, 96), (58, 73), (51, 64), (65, 66), (3, 33), (83, 87), (74, 78), (17, 29), (12, 54), (7, 9), (14, 45), (19, 93), (10, 90), (0, 89), (26, 86), (79, 95), (35, 98), (30, 59), (27, 60), (55, 88), (41, 80), (57, 70), (61, 92), (34, 47), (40, 63), (46, 67), (21, 62)}
Згенероване вершинне покриття (C): [0, 1, 2, 3, 4, 7, 8, 9, 10, 11, 12, 13, 14, 15, 17, 18, 19, 20, 21, 22, 23, 25, 26, 27, 28, 29, 30, 32, 33, 34, 35, 37, 38, 39, 40, 41, 42, 44, 45, 46, 47, 48, 49, 50, 51, 52, 53, 54, 55, 56, 57, 58, 59, 60, 61, 62, 63, 64, 65, 66, 67, 68, 69, 70, 71, 73, 74, 75, 76, 78, 79, 80, 81, 82, 83, 84, 85, 86, 87, 88, 89, 90, 91, 92, 93, 95, 96, 97, 98, 99]

--- Генерація вершинного покриття (зі списку суміжності) ---
Знайдене максимальне парування (M): {(81, 85), (2, 45), (54, 86), (35, 48), (47, 80), (33, 63), (42, 66), (9, 78), (57, 72), (28, 88), (59, 97), (19, 30), (60, 92), (23, 61), (53, 71), (15, 96), (39, 87), (6, 26), (62, 83), (3, 12), (27, 73), (44, 68), (67, 94), (29, 43), (34, 91), (11, 13), (31, 52), (49, 70), (22, 58), (0, 89), (1, 32), (65, 90), (25, 82), (4, 46), (56, 75), (64, 76), (55, 79), (10, 50), (7, 36), (21, 41), (38, 51), (8, 77), (16, 69), (17, 40), (93, 99)}
Згенероване вершинне покриття (C): [0, 1, 2, 3, 4, 6, 7, 8, 9, 10, 11, 12, 13, 15, 16, 17, 19, 21, 22, 23, 25, 26, 27, 28, 29, 30, 31, 32, 33, 34, 35, 36, 38, 39, 40, 41, 42, 43, 44, 45, 46, 47, 48, 49, 50, 51, 52, 53, 54, 55, 56, 57, 58, 59, 60, 61, 62, 63, 64, 65, 66, 67, 68, 69, 70, 71, 72, 73, 75, 76, 77, 78, 79, 80, 81, 82, 83, 85, 86, 87, 88, 89, 90, 91, 92, 93, 94, 96, 97, 99]

--- Генерація вершинного покриття (зі списку суміжності) ---
Знайдене максимальне парування (M): {(28, 46), (14, 68), (26, 33), (13, 39), (21, 95), (80, 83), (77, 90), (61, 79), (30, 82), (0, 17), (56, 58), (11, 29), (24, 87), (55, 62), (41, 51), (81, 93), (9, 50), (8, 54), (44, 47), (5, 6), (42, 53), (15, 99), (22, 74), (48, 96), (12, 85), (86, 92), (64, 98), (2, 7), (20, 43), (34, 36), (3, 45), (38, 73), (40, 67), (35, 37), (16, 27), (4, 71), (60, 66), (69, 78), (19, 65), (57, 70), (18, 63), (52, 89), (25, 75), (88, 91), (23, 59)}
Згенероване вершинне покриття (C): [0, 2, 3, 4, 5, 6, 7, 8, 9, 11, 12, 13, 14, 15, 16, 17, 18, 19, 20, 21, 22, 23, 24, 25, 26, 27, 28, 29, 30, 33, 34, 35, 36, 37, 38, 39, 40, 41, 42, 43, 44, 45, 46, 47, 48, 50, 51, 52, 53, 54, 55, 56, 57, 58, 59, 60, 61, 62, 63, 64, 65, 66, 67, 68, 69, 70, 71, 73, 74, 75, 77, 78, 79, 80, 81, 82, 83, 85, 86, 87, 88, 89, 90, 91, 92, 93, 95, 96, 98, 99]

--- Генерація вершинного покриття (зі списку суміжності) ---
Знайдене максимальне парування (M): {(3, 53), (23, 62), (25, 29), (48, 97), (70, 73), (0, 51), (69, 74), (58, 89), (61, 79), (5, 22), (15, 57), (80, 98), (16, 68), (52, 85), (4, 39), (11, 81), (36, 49), (33, 38), (41, 45), (72, 78), (21, 76), (59, 63), (46, 99), (55, 71), (35, 44), (56, 64), (6, 96), (18, 34), (9, 65), (14, 24), (60, 82), (27, 30), (42, 83), (17, 93), (10, 32), (47, 54), (2, 86), (26, 92), (13, 43), (84, 88), (67, 87), (77, 94), (1, 7), (19, 37), (8, 95), (40, 75)}
Згенероване вершинне покриття (C): [0, 1, 2, 3, 4, 5, 6, 7, 8, 9, 10, 11, 13, 14, 15, 16, 17, 18, 19, 21, 22, 23, 24, 25, 26, 27, 29, 30, 32, 33, 34, 35, 36, 37, 38, 39, 40, 41, 42, 43, 44, 45, 46, 47, 48, 49, 51, 52, 53, 54, 55, 56, 57, 58, 59, 60, 61, 62, 63, 64, 65, 67, 68, 69, 70, 71, 72, 73, 74, 75, 76, 77, 78, 79, 80, 81, 82, 83, 84, 85, 86, 87, 88, 89, 92, 93, 94, 95, 96, 97, 98, 99]

--- Генерація вершинного покриття (зі списку суміжності) ---
Знайдене максимальне парування (M): {(73, 75), (32, 95), (10, 43), (53, 78), (56, 77), (34, 74), (26, 36), (44, 54), (70, 76), (22, 99), (15, 63), (17, 27), (94, 97), (33, 35), (13, 90), (82, 83), (19, 51), (59, 69), (84, 86), (55, 80), (38, 40), (72, 96), (12, 88), (0, 4), (3, 42), (9, 31), (6, 62), (65, 93), (37, 50), (2, 89), (16, 91), (11, 52), (21, 87), (28, 71), (7, 39), (25, 60), (66, 67), (49, 57), (23, 41), (5, 29), (48, 64), (68, 79), (46, 85)}
Згенероване вершинне покриття (C): [0, 2, 3, 4, 5, 6, 7, 9, 10, 11, 12, 13, 15, 16, 17, 19, 21, 22, 23, 25, 26, 27, 28, 29, 31, 32, 33, 34, 35, 36, 37, 38, 39, 40, 41, 42, 43, 44, 46, 48, 49, 50, 51, 52, 53, 54, 55, 56, 57, 59, 60, 62, 63, 64, 65, 66, 67, 68, 69, 70, 71, 72, 73, 74, 75, 76, 77, 78, 79, 80, 82, 83, 84, 85, 86, 87, 88, 89, 90, 91, 93, 94, 95, 96, 97, 99]

--- Генерація вершинного покриття (зі списку суміжності) ---
Знайдене максимальне парування (M): {(7, 78), (62, 72), (79, 94), (45, 71), (15, 42), (36, 74), (41, 64), (40, 99), (33, 69), (10, 73), (14, 34), (1, 12), (68, 75), (5, 95), (2, 26), (0, 35), (21, 67), (44, 47), (16, 89), (58, 70), (9, 59), (18, 28), (20, 22), (82, 98), (3, 97), (30, 87), (29, 61), (76, 93), (8, 38), (23, 66), (39, 86), (50, 53), (11, 49), (63, 90), (56, 84), (17, 65), (4, 19), (13, 46), (31, 88), (55, 91), (57, 85), (37, 83), (25, 60), (6, 52), (27, 32), (43, 92)}
Згенероване вершинне покриття (C): [0, 1, 2, 3, 4, 5, 6, 7, 8, 9, 10, 11, 12, 13, 14, 15, 16, 17, 18, 19, 20, 21, 22, 23, 25, 26, 27, 28, 29, 30, 31, 32, 33, 34, 35, 36, 37, 38, 39, 40, 41, 42, 43, 44, 45, 46, 47, 49, 50, 52, 53, 55, 56, 57, 58, 59, 60, 61, 62, 63, 64, 65, 66, 67, 68, 69, 70, 71, 72, 73, 74, 75, 76, 78, 79, 82, 83, 84, 85, 86, 87, 88, 89, 90, 91, 92, 93, 94, 95, 97, 98, 99]

--- Генерація вершинного покриття (зі списку суміжності) ---
Знайдене максимальне парування (M): {(25, 90), (13, 33), (34, 68), (24, 91), (32, 46), (18, 23), (8, 55), (50, 58), (49, 56), (6, 51), (74, 79), (83, 98), (29, 65), (10, 27), (11, 35), (9, 47), (22, 62), (0, 96), (1, 39), (38, 89), (59, 69), (17, 75), (84, 95), (5, 76), (78, 94), (12, 97), (60, 85), (41, 81), (21, 57), (63, 66), (71, 73), (26, 77), (52, 93), (64, 67), (31, 82), (36, 72), (7, 42), (45, 87), (16, 48), (14, 20), (54, 99), (37, 40), (3, 44), (19, 28), (4, 43)}
Згенероване вершинне покриття (C): [0, 1, 3, 4, 5, 6, 7, 8, 9, 10, 11, 12, 13, 14, 16, 17, 18, 19, 20, 21, 22, 23, 24, 25, 26, 27, 28, 29, 31, 32, 33, 34, 35, 36, 37, 38, 39, 40, 41, 42, 43, 44, 45, 46, 47, 48, 49, 50, 51, 52, 54, 55, 56, 57, 58, 59, 60, 62, 63, 64, 65, 66, 67, 68, 69, 71, 72, 73, 74, 75, 76, 77, 78, 79, 81, 82, 83, 84, 85, 87, 89, 90, 91, 93, 94, 95, 96, 97, 98, 99]

--- Генерація вершинного покриття (зі списку суміжності) ---
Знайдене максимальне парування (M): {(49, 87), (20, 84), (39, 97), (34, 86), (31, 44), (32, 67), (48, 57), (36, 95), (10, 15), (35, 72), (76, 85), (38, 80), (55, 62), (37, 60), (9, 50), (3, 64), (41, 54), (73, 92), (46, 47), (13, 56), (23, 30), (58, 82), (4, 26), (66, 68), (18, 52), (22, 43), (6, 65), (93, 94), (0, 28), (51, 88), (74, 90), (79, 89), (53, 70), (33, 61), (14, 17), (27, 69), (12, 99), (7, 11), (19, 25), (1, 77), (16, 63), (21, 59), (71, 75), (96, 98), (8, 40)}
Згенероване вершинне покриття (C): [0, 1, 3, 4, 6, 7, 8, 9, 10, 11, 12, 13, 14, 15, 16, 17, 18, 19, 20, 21, 22, 23, 25, 26, 27, 28, 30, 31, 32, 33, 34, 35, 36, 37, 38, 39, 40, 41, 43, 44, 46, 47, 48, 49, 50, 51, 52, 53, 54, 55, 56, 57, 58, 59, 60, 61, 62, 63, 64, 65, 66, 67, 68, 69, 70, 71, 72, 73, 74, 75, 76, 77, 79, 80, 82, 84, 85, 86, 87, 88, 89, 90, 92, 93, 94, 95, 96, 97, 98, 99]

--- Генерація вершинного покриття (зі списку суміжності) ---
Знайдене максимальне парування (M): {(3, 59), (43, 46), (5, 53), (16, 29), (19, 52), (23, 65), (17, 70), (14, 83), (50, 82), (36, 92), (6, 54), (44, 75), (0, 72), (25, 80), (18, 62), (33, 90), (79, 81), (24, 84), (7, 13), (66, 93), (63, 85), (55, 71), (15, 41), (37, 87), (11, 68), (22, 98), (40, 58), (39, 56), (1, 20), (9, 31), (21, 57), (2, 74), (8, 32), (28, 47), (27, 45), (38, 88), (49, 91), (26, 95), (42, 73), (64, 97), (61, 89), (69, 96), (51, 78), (48, 67), (10, 86), (30, 34)}
Згенероване вершинне покриття (C): [0, 1, 2, 3, 5, 6, 7, 8, 9, 10, 11, 13, 14, 15, 16, 17, 18, 19, 20, 21, 22, 23, 24, 25, 26, 27, 28, 29, 30, 31, 32, 33, 34, 36, 37, 38, 39, 40, 41, 42, 43, 44, 45, 46, 47, 48, 49, 50, 51, 52, 53, 54, 55, 56, 57, 58, 59, 61, 62, 63, 64, 65, 66, 67, 68, 69, 70, 71, 72, 73, 74, 75, 78, 79, 80, 81, 82, 83, 84, 85, 86, 87, 88, 89, 90, 91, 92, 93, 95, 96, 97, 98]

--- Генерація вершинного покриття (зі списку суміжності) ---
Знайдене максимальне парування (M): {(6, 76), (62, 84), (2, 39), (54, 83), (35, 51), (64, 90), (52, 70), (12, 86), (31, 93), (56, 92), (4, 88), (59, 94), (19, 30), (17, 42), (71, 77), (7, 10), (11, 32), (46, 99), (61, 63), (95, 98), (38, 43), (15, 47), (20, 37), (41, 60), (78, 91), (1, 69), (29, 58), (53, 55), (16, 85), (40, 79), (18, 24), (25, 45), (82, 97), (50, 68), (36, 72), (23, 26), (27, 75), (28, 80), (21, 96), (13, 73), (14, 44), (9, 33), (22, 48)}
Згенероване вершинне покриття (C): [1, 2, 4, 6, 7, 9, 10, 11, 12, 13, 14, 15, 16, 17, 18, 19, 20, 21, 22, 23, 24, 25, 26, 27, 28, 29, 30, 31, 32, 33, 35, 36, 37, 38, 39, 40, 41, 42, 43, 44, 45, 46, 47, 48, 50, 51, 52, 53, 54, 55, 56, 58, 59, 60, 61, 62, 63, 64, 68, 69, 70, 71, 72, 73, 75, 76, 77, 78, 79, 80, 82, 83, 84, 85, 86, 88, 90, 91, 92, 93, 94, 95, 96, 97, 98, 99]

--- Генерація вершинного покриття (зі списку суміжності) ---
Знайдене максимальне парування (M): {(54, 89), (87, 95), (61, 82), (46, 57), (69, 98), (51, 86), (0, 23), (35, 78), (18, 68), (40, 62), (72, 75), (11, 38), (42, 47), (19, 45), (16, 25), (1, 97), (22, 77), (3, 6), (64, 83), (12, 79), (2, 59), (32, 60), (43, 66), (44, 71), (70, 90), (27, 91), (36, 39), (21, 48), (30, 84), (49, 67), (94, 99), (37, 50), (26, 80), (7, 76), (17, 56), (53, 73), (20, 24), (63, 93), (31, 88), (5, 14), (13, 55), (34, 96), (15, 58), (8, 74), (9, 85), (41, 92)}
Згенероване вершинне покриття (C): [0, 1, 2, 3, 5, 6, 7, 8, 9, 11, 12, 13, 14, 15, 16, 17, 18, 19, 20, 21, 22, 23, 24, 25, 26, 27, 30, 31, 32, 34, 35, 36, 37, 38, 39, 40, 41, 42, 43, 44, 45, 46, 47, 48, 49, 50, 51, 53, 54, 55, 56, 57, 58, 59, 60, 61, 62, 63, 64, 66, 67, 68, 69, 70, 71, 72, 73, 74, 75, 76, 77, 78, 79, 80, 82, 83, 84, 85, 86, 87, 88, 89, 90, 91, 92, 93, 94, 95, 96, 97, 98, 99]

--- Генерація вершинного покриття (зі списку суміжності) ---
Знайдене максимальне парування (M): {(40, 72), (47, 59), (64, 69), (25, 96), (7, 29), (30, 61), (2, 85), (12, 83), (38, 44), (31, 99), (28, 76), (51, 74), (80, 89), (22, 41), (8, 24), (4, 45), (14, 43), (35, 78), (13, 20), (46, 87), (55, 65), (6, 17), (1, 36), (39, 90), (33, 56), (84, 95), (5, 21), (60, 94), (23, 63), (11, 98), (15, 37), (81, 92), (71, 97), (50, 68), (73, 88), (77, 82), (48, 49), (26, 52), (9, 70), (0, 67), (34, 93), (27, 32), (53, 54), (18, 66), (75, 91)}
Згенероване вершинне покриття (C): [0, 1, 2, 4, 5, 6, 7, 8, 9, 11, 12, 13, 14, 15, 17, 18, 20, 21, 22, 23, 24, 25, 26, 27, 28, 29, 30, 31, 32, 33, 34, 35, 36, 37, 38, 39, 40, 41, 43, 44, 45, 46, 47, 48, 49, 50, 51, 52, 53, 54, 55, 56, 59, 60, 61, 63, 64, 65, 66, 67, 68, 69, 70, 71, 72, 73, 74, 75, 76, 77, 78, 80, 81, 82, 83, 84, 85, 87, 88, 89, 90, 91, 92, 93, 94, 95, 96, 97, 98, 99]

--- Генерація вершинного покриття (зі списку суміжності) ---
Знайдене максимальне парування (M): {(58, 59), (26, 39), (4, 12), (20, 81), (19, 64), (53, 93), (35, 66), (33, 72), (27, 37), (54, 55), (23, 52), (71, 77), (25, 83), (41, 91), (13, 90), (42, 47), (18, 28), (62, 89), (10, 48), (56, 79), (40, 43), (86, 95), (44, 74), (17, 29), (9, 22), (14, 51), (7, 67), (63, 69), (11, 31), (30, 38), (65, 96), (24, 92), (6, 80), (46, 98), (73, 88), (32, 50), (45, 87), (36, 84), (34, 99), (2, 3), (0, 70), (1, 16), (57, 82), (75, 97)}
Згенероване вершинне покриття (C): [0, 1, 2, 3, 4, 6, 7, 9, 10, 11, 12, 13, 14, 16, 17, 18, 19, 20, 22, 23, 24, 25, 26, 27, 28, 29, 30, 31, 32, 33, 34, 35, 36, 37, 38, 39, 40, 41, 42, 43, 44, 45, 46, 47, 48, 50, 51, 52, 53, 54, 55, 56, 57, 58, 59, 62, 63, 64, 65, 66, 67, 69, 70, 71, 72, 73, 74, 75, 77, 79, 80, 81, 82, 83, 84, 86, 87, 88, 89, 90, 91, 92, 93, 95, 96, 97, 98, 99]

--- Генерація вершинного покриття (зі списку суміжності) ---
Знайдене максимальне парування (M): {(26, 79), (56, 68), (35, 42), (45, 80), (41, 61), (87, 89), (20, 84), (14, 19), (5, 16), (51, 74), (37, 97), (59, 91), (57, 69), (34, 46), (39, 72), (50, 54), (7, 22), (36, 70), (27, 64), (82, 98), (21, 94), (4, 75), (55, 83), (25, 52), (13, 53), (24, 62), (60, 88), (10, 23), (32, 78), (8, 29), (2, 77), (44, 95), (18, 85), (3, 66), (63, 90), (67, 96), (12, 38), (17, 28), (47, 93), (30, 92), (15, 73), (0, 33), (48, 76)}
Згенероване вершинне покриття (C): [0, 2, 3, 4, 5, 7, 8, 10, 12, 13, 14, 15, 16, 17, 18, 19, 20, 21, 22, 23, 24, 25, 26, 27, 28, 29, 30, 32, 33, 34, 35, 36, 37, 38, 39, 41, 42, 44, 45, 46, 47, 48, 50, 51, 52, 53, 54, 55, 56, 57, 59, 60, 61, 62, 63, 64, 66, 67, 68, 69, 70, 72, 73, 74, 75, 76, 77, 78, 79, 80, 82, 83, 84, 85, 87, 88, 89, 90, 91, 92, 93, 94, 95, 96, 97, 98]

--- Генерація вершинного покриття (зі списку суміжності) ---
Знайдене максимальне парування (M): {(15, 85), (36, 65), (26, 30), (16, 90), (18, 84), (20, 81), (5, 74), (19, 67), (14, 28), (1, 64), (80, 92), (4, 94), (32, 82), (6, 63), (79, 87), (11, 99), (22, 68), (27, 58), (55, 86), (44, 59), (46, 50), (89, 91), (2, 53), (17, 23), (48, 56), (8, 72), (45, 97), (49, 61), (21, 39), (29, 52), (70, 93), (10, 78), (9, 31), (13, 77), (24, 83), (88, 95), (37, 62), (35, 43), (25, 54), (51, 66), (12, 38), (40, 69), (60, 96), (3, 41), (7, 75)}
Згенероване вершинне покриття (C): [1, 2, 3, 4, 5, 6, 7, 8, 9, 10, 11, 12, 13, 14, 15, 16, 17, 18, 19, 20, 21, 22, 23, 24, 25, 26, 27, 28, 29, 30, 31, 32, 35, 36, 37, 38, 39, 40, 41, 43, 44, 45, 46, 48, 49, 50, 51, 52, 53, 54, 55, 56, 58, 59, 60, 61, 62, 63, 64, 65, 66, 67, 68, 69, 70, 72, 74, 75, 77, 78, 79, 80, 81, 82, 83, 84, 85, 86, 87, 88, 89, 90, 91, 92, 93, 94, 95, 96, 97, 99]

--- Генерація вершинного покриття (зі списку суміжності) ---
Знайдене максимальне парування (M): {(3, 59), (15, 97), (0, 51), (23, 92), (12, 37), (8, 76), (35, 66), (83, 85), (10, 18), (36, 49), (39, 69), (53, 68), (24, 90), (14, 61), (16, 89), (5, 70), (32, 57), (46, 56), (11, 62), (25, 58), (20, 98), (19, 78), (50, 81), (52, 84), (29, 67), (1, 87), (54, 72), (48, 86), (82, 94), (4, 7), (63, 93), (40, 42), (22, 30), (21, 38), (13, 55), (41, 77), (74, 80), (34, 44), (17, 31), (47, 99), (26, 73), (71, 75), (6, 9), (28, 43)}
Згенероване вершинне покриття (C): [0, 1, 3, 4, 5, 6, 7, 8, 9, 10, 11, 12, 13, 14, 15, 16, 17, 18, 19, 20, 21, 22, 23, 24, 25, 26, 28, 29, 30, 31, 32, 34, 35, 36, 37, 38, 39, 40, 41, 42, 43, 44, 46, 47, 48, 49, 50, 51, 52, 53, 54, 55, 56, 57, 58, 59, 61, 62, 63, 66, 67, 68, 69, 70, 71, 72, 73, 74, 75, 76, 77, 78, 80, 81, 82, 83, 84, 85, 86, 87, 89, 90, 92, 93, 94, 97, 98, 99]

--- Генерація вершинного покриття (зі списку суміжності) ---
Знайдене максимальне парування (M): {(15, 21), (0, 30), (1, 28), (40, 78), (72, 82), (31, 84), (12, 80), (69, 71), (59, 79), (7, 47), (58, 98), (5, 92), (50, 94), (61, 91), (11, 87), (19, 51), (54, 76), (45, 67), (22, 77), (90, 93), (63, 88), (24, 41), (44, 56), (64, 89), (55, 86), (29, 37), (9, 10), (20, 34), (4, 35), (70, 96), (13, 65), (75, 83), (3, 42), (17, 32), (27, 97), (33, 95), (52, 53), (38, 39), (26, 43), (6, 46), (14, 81), (16, 48), (25, 57), (8, 74), (36, 99), (68, 73), (18, 60)}
Згенероване вершинне покриття (C): [0, 1, 3, 4, 5, 6, 7, 8, 9, 10, 11, 12, 13, 14, 15, 16, 17, 18, 19, 20, 21, 22, 24, 25, 26, 27, 28, 29, 30, 31, 32, 33, 34, 35, 36, 37, 38, 39, 40, 41, 42, 43, 44, 45, 46, 47, 48, 50, 51, 52, 53, 54, 55, 56, 57, 58, 59, 60, 61, 63, 64, 65, 67, 68, 69, 70, 71, 72, 73, 74, 75, 76, 77, 78, 79, 80, 81, 82, 83, 84, 86, 87, 88, 89, 90, 91, 92, 93, 94, 95, 96, 97, 98, 99]

--- Генерація вершинного покриття (зі списку суміжності) ---
Знайдене максимальне парування (M): {(76, 92), (6, 82), (79, 94), (7, 23), (35, 97), (24, 36), (2, 42), (58, 68), (28, 73), (20, 96), (50, 67), (47, 83), (22, 93), (21, 49), (80, 98), (74, 91), (26, 84), (30, 39), (37, 66), (48, 90), (4, 5), (11, 44), (46, 99), (55, 86), (38, 52), (75, 77), (31, 40), (0, 65), (1, 60), (17, 87), (43, 72), (45, 51), (15, 71), (32, 81), (12, 54), (9, 34), (88, 95), (59, 62), (8, 53), (27, 78), (13, 61), (16, 57), (33, 70), (19, 89), (29, 63), (10, 25), (3, 41)}
Згенероване вершинне покриття (C): [0, 1, 2, 3, 4, 5, 6, 7, 8, 9, 10, 11, 12, 13, 15, 16, 17, 19, 20, 21, 22, 23, 24, 25, 26, 27, 28, 29, 30, 31, 32, 33, 34, 35, 36, 37, 38, 39, 40, 41, 42, 43, 44, 45, 46, 47, 48, 49, 50, 51, 52, 53, 54, 55, 57, 58, 59, 60, 61, 62, 63, 65, 66, 67, 68, 70, 71, 72, 73, 74, 75, 76, 77, 78, 79, 80, 81, 82, 83, 84, 86, 87, 88, 89, 90, 91, 92, 93, 94, 95, 96, 97, 98, 99]

--- Генерація вершинного покриття (зі списку суміжності) ---
Знайдене максимальне парування (M): {(7, 23), (6, 21), (43, 46), (25, 32), (34, 65), (14, 80), (22, 81), (12, 28), (50, 67), (3, 13), (1, 61), (36, 86), (66, 69), (17, 91), (41, 94), (16, 74), (24, 87), (11, 38), (90, 96), (37, 75), (30, 63), (9, 62), (70, 72), (45, 85), (39, 93), (35, 59), (77, 98), (40, 58), (68, 92), (47, 57), (53, 76), (42, 55), (4, 10), (5, 60), (31, 33), (95, 97), (27, 84), (18, 54), (56, 99), (20, 51), (2, 73), (19, 89), (48, 64), (0, 79), (44, 88), (49, 78), (26, 82)}
Згенероване вершинне покриття (C): [0, 1, 2, 3, 4, 5, 6, 7, 9, 10, 11, 12, 13, 14, 16, 17, 18, 19, 20, 21, 22, 23, 24, 25, 26, 27, 28, 30, 31, 32, 33, 34, 35, 36, 37, 38, 39, 40, 41, 42, 43, 44, 45, 46, 47, 48, 49, 50, 51, 53, 54, 55, 56, 57, 58, 59, 60, 61, 62, 63, 64, 65, 66, 67, 68, 69, 70, 72, 73, 74, 75, 76, 77, 78, 79, 80, 81, 82, 84, 85, 86, 87, 88, 89, 90, 91, 92, 93, 94, 95, 96, 97, 98, 99]

--- Генерація вершинного покриття (зі списку суміжності) ---
Знайдене максимальне парування (M): {(16, 81), (63, 80), (30, 49), (64, 75), (33, 42), (28, 61), (32, 43), (13, 39), (5, 62), (29, 35), (53, 87), (18, 38), (3, 19), (17, 70), (0, 66), (54, 98), (55, 99), (83, 88), (2, 72), (23, 52), (8, 36), (76, 97), (71, 86), (11, 59), (12, 94), (1, 60), (22, 34), (65, 69), (25, 73), (68, 77), (4, 50), (90, 92), (82, 91), (15, 37), (26, 95), (67, 84), (21, 93), (78, 96), (41, 74), (6, 58), (20, 51), (9, 79), (31, 48), (10, 89), (45, 56), (24, 85), (7, 14)}
Згенероване вершинне покриття (C): [0, 1, 2, 3, 4, 5, 6, 7, 8, 9, 10, 11, 12, 13, 14, 15, 16, 17, 18, 19, 20, 21, 22, 23, 24, 25, 26, 28, 29, 30, 31, 32, 33, 34, 35, 36, 37, 38, 39, 41, 42, 43, 45, 48, 49, 50, 51, 52, 53, 54, 55, 56, 58, 59, 60, 61, 62, 63, 64, 65, 66, 67, 68, 69, 70, 71, 72, 73, 74, 75, 76, 77, 78, 79, 80, 81, 82, 83, 84, 85, 86, 87, 88, 89, 90, 91, 92, 93, 94, 95, 96, 97, 98, 99]

--- Генерація вершинного покриття (зі списку суміжності) ---
Знайдене максимальне парування (M): {(49, 81), (5, 50), (53, 69), (28, 55), (42, 54), (22, 75), (10, 43), (63, 92), (78, 83), (77, 87), (4, 85), (9, 72), (62, 65), (25, 80), (41, 94), (20, 74), (46, 99), (35, 44), (14, 67), (6, 93), (24, 59), (86, 95), (58, 91), (21, 45), (1, 66), (27, 33), (8, 84), (30, 32), (17, 96), (11, 40), (31, 76), (39, 89), (18, 88), (51, 60), (71, 97), (12, 23), (26, 98), (48, 52), (36, 90), (13, 64), (7, 57), (15, 70), (68, 73), (19, 34), (3, 56)}
Згенероване вершинне покриття (C): [1, 3, 4, 5, 6, 7, 8, 9, 10, 11, 12, 13, 14, 15, 17, 18, 19, 20, 21, 22, 23, 24, 25, 26, 27, 28, 30, 31, 32, 33, 34, 35, 36, 39, 40, 41, 42, 43, 44, 45, 46, 48, 49, 50, 51, 52, 53, 54, 55, 56, 57, 58, 59, 60, 62, 63, 64, 65, 66, 67, 68, 69, 70, 71, 72, 73, 74, 75, 76, 77, 78, 80, 81, 83, 84, 85, 86, 87, 88, 89, 90, 91, 92, 93, 94, 95, 96, 97, 98, 99]

--- Генерація вершинного покриття (зі списку суміжності) ---
Знайдене максимальне парування (M): {(10, 40), (59, 61), (28, 55), (43, 49), (70, 76), (38, 47), (67, 89), (4, 33), (45, 98), (66, 78), (6, 57), (74, 91), (35, 81), (31, 62), (26, 84), (50, 51), (16, 77), (88, 93), (2, 41), (29, 34), (73, 95), (8, 11), (36, 82), (22, 86), (0, 7), (46, 65), (27, 79), (5, 24), (80, 97), (48, 71), (19, 99), (68, 83), (20, 64), (1, 32), (13, 25), (90, 92), (21, 72), (12, 63), (3, 23), (87, 96), (15, 58), (53, 54), (44, 94), (14, 56)}
Згенероване вершинне покриття (C): [0, 1, 2, 3, 4, 5, 6, 7, 8, 10, 11, 12, 13, 14, 15, 16, 19, 20, 21, 22, 23, 24, 25, 26, 27, 28, 29, 31, 32, 33, 34, 35, 36, 38, 40, 41, 43, 44, 45, 46, 47, 48, 49, 50, 51, 53, 54, 55, 56, 57, 58, 59, 61, 62, 63, 64, 65, 66, 67, 68, 70, 71, 72, 73, 74, 76, 77, 78, 79, 80, 81, 82, 83, 84, 86, 87, 88, 89, 90, 91, 92, 93, 94, 95, 96, 97, 98, 99]

--- Генерація вершинного покриття (зі списку суміжності) ---
Знайдене максимальне парування (M): {(76, 98), (19, 58), (77, 87), (14, 22), (59, 91), (10, 15), (34, 43), (51, 89), (8, 97), (40, 71), (24, 84), (17, 48), (13, 35), (39, 78), (28, 57), (26, 96), (37, 63), (72, 93), (70, 81), (0, 4), (6, 50), (23, 45), (61, 99), (7, 67), (29, 73), (53, 64), (11, 95), (2, 92), (3, 54), (42, 49), (32, 38), (56, 66), (41, 47), (68, 86), (62, 94), (21, 90), (31, 88), (12, 20), (18, 36), (60, 69), (46, 55), (30, 80), (9, 27), (33, 85), (1, 25)}
Згенероване вершинне покриття (C): [0, 1, 2, 3, 4, 6, 7, 8, 9, 10, 11, 12, 13, 14, 15, 17, 18, 19, 20, 21, 22, 23, 24, 25, 26, 27, 28, 29, 30, 31, 32, 33, 34, 35, 36, 37, 38, 39, 40, 41, 42, 43, 45, 46, 47, 48, 49, 50, 51, 53, 54, 55, 56, 57, 58, 59, 60, 61, 62, 63, 64, 66, 67, 68, 69, 70, 71, 72, 73, 76, 77, 78, 80, 81, 84, 85, 86, 87, 88, 89, 90, 91, 92, 93, 94, 95, 96, 97, 98, 99]

--- Генерація вершинного покриття (зі списку суміжності) ---
Знайдене максимальне парування (M): {(13, 88), (56, 62), (78, 83), (52, 70), (58, 74), (15, 51), (43, 67), (55, 99), (35, 66), (18, 53), (31, 41), (92, 97), (11, 87), (3, 49), (60, 96), (7, 80), (64, 77), (0, 47), (20, 86), (14, 85), (42, 71), (4, 84), (38, 61), (22, 46), (21, 57), (76, 81), (17, 50), (54, 75), (1, 93), (26, 34), (73, 94), (25, 48), (10, 59), (39, 40), (5, 72), (32, 68), (8, 16), (2, 6), (19, 28), (29, 63), (12, 44), (9, 91), (65, 89)}
Згенероване вершинне покриття (C): [0, 1, 2, 3, 4, 5, 6, 7, 8, 9, 10, 11, 12, 13, 14, 15, 16, 17, 18, 19, 20, 21, 22, 25, 26, 28, 29, 31, 32, 34, 35, 38, 39, 40, 41, 42, 43, 44, 46, 47, 48, 49, 50, 51, 52, 53, 54, 55, 56, 57, 58, 59, 60, 61, 62, 63, 64, 65, 66, 67, 68, 70, 71, 72, 73, 74, 75, 76, 77, 78, 80, 81, 83, 84, 85, 86, 87, 88, 89, 91, 92, 93, 94, 96, 97, 99]

--- Генерація вершинного покриття (зі списку суміжності) ---
Знайдене максимальне парування (M): {(42, 54), (18, 84), (15, 97), (19, 67), (47, 83), (49, 53), (14, 37), (7, 59), (4, 94), (1, 12), (11, 26), (71, 77), (66, 90), (20, 68), (10, 91), (24, 93), (25, 40), (82, 92), (28, 63), (52, 57), (6, 96), (39, 41), (58, 76), (46, 79), (0, 56), (50, 78), (65, 72), (43, 69), (60, 88), (5, 38), (36, 45), (29, 70), (23, 51), (22, 55), (81, 86), (2, 89), (98, 99), (21, 87), (61, 62), (64, 85), (34, 35), (8, 74), (44, 73), (9, 27), (30, 31), (16, 17)}
Згенероване вершинне покриття (C): [0, 1, 2, 4, 5, 6, 7, 8, 9, 10, 11, 12, 14, 15, 16, 17, 18, 19, 20, 21, 22, 23, 24, 25, 26, 27, 28, 29, 30, 31, 34, 35, 36, 37, 38, 39, 40, 41, 42, 43, 44, 45, 46, 47, 49, 50, 51, 52, 53, 54, 55, 56, 57, 58, 59, 60, 61, 62, 63, 64, 65, 66, 67, 68, 69, 70, 71, 72, 73, 74, 76, 77, 78, 79, 81, 82, 83, 84, 85, 86, 87, 88, 89, 90, 91, 92, 93, 94, 96, 97, 98, 99]

--- Генерація вершинного покриття (зі списку суміжності) ---
Знайдене максимальне парування (M): {(13, 88), (16, 26), (45, 68), (55, 75), (43, 52), (34, 77), (4, 21), (73, 99), (9, 14), (31, 44), (50, 85), (18, 53), (25, 71), (22, 41), (70, 91), (35, 81), (59, 63), (3, 64), (27, 61), (17, 66), (10, 48), (39, 96), (1, 51), (29, 98), (32, 72), (0, 65), (23, 97), (58, 94), (74, 87), (5, 42), (24, 89), (30, 38), (46, 83), (20, 76), (56, 78), (47, 84), (12, 90), (28, 80), (33, 67), (7, 54), (49, 57), (37, 92), (69, 93), (19, 86), (2, 15), (8, 95)}
Згенероване вершинне покриття (C): [0, 1, 2, 3, 4, 5, 7, 8, 9, 10, 12, 13, 14, 15, 16, 17, 18, 19, 20, 21, 22, 23, 24, 25, 26, 27, 28, 29, 30, 31, 32, 33, 34, 35, 37, 38, 39, 41, 42, 43, 44, 45, 46, 47, 48, 49, 50, 51, 52, 53, 54, 55, 56, 57, 58, 59, 61, 63, 64, 65, 66, 67, 68, 69, 70, 71, 72, 73, 74, 75, 76, 77, 78, 80, 81, 83, 84, 85, 86, 87, 88, 89, 90, 91, 92, 93, 94, 95, 96, 97, 98, 99]

--- Генерація вершинного покриття (зі списку суміжності) ---
Знайдене максимальне парування (M): {(11, 97), (45, 71), (17, 58), (10, 46), (78, 83), (8, 67), (31, 44), (2, 66), (25, 65), (0, 23), (74, 85), (50, 91), (38, 80), (27, 52), (34, 70), (28, 51), (73, 98), (39, 93), (41, 60), (14, 21), (7, 43), (42, 92), (1, 81), (36, 48), (5, 57), (24, 40), (29, 30), (18, 88), (82, 94), (4, 16), (47, 72), (33, 55), (87, 90), (12, 20), (54, 96), (3, 84), (32, 77), (61, 86), (26, 64), (69, 99), (62, 63), (6, 9), (15, 76)}
Згенероване вершинне покриття (C): [0, 1, 2, 3, 4, 5, 6, 7, 8, 9, 10, 11, 12, 14, 15, 16, 17, 18, 20, 21, 23, 24, 25, 26, 27, 28, 29, 30, 31, 32, 33, 34, 36, 38, 39, 40, 41, 42, 43, 44, 45, 46, 47, 48, 50, 51, 52, 54, 55, 57, 58, 60, 61, 62, 63, 64, 65, 66, 67, 69, 70, 71, 72, 73, 74, 76, 77, 78, 80, 81, 82, 83, 84, 85, 86, 87, 88, 90, 91, 92, 93, 94, 96, 97, 98, 99]

--- Генерація вершинного покриття (зі списку суміжності) ---
Знайдене максимальне парування (M): {(47, 56), (14, 59), (36, 65), (17, 61), (58, 62), (1, 40), (21, 83), (64, 90), (52, 70), (30, 67), (5, 74), (78, 92), (39, 45), (12, 34), (9, 84), (42, 93), (10, 27), (44, 96), (33, 99), (16, 22), (28, 63), (26, 29), (37, 69), (15, 41), (35, 53), (50, 72), (43, 66), (7, 46), (3, 94), (0, 13), (80, 97), (2, 19), (31, 55), (48, 77), (49, 76), (18, 73), (68, 86), (25, 91), (79, 98), (6, 89), (4, 71), (51, 54), (20, 85), (23, 38), (75, 82), (60, 87), (11, 88)}
Згенероване вершинне покриття (C): [0, 1, 2, 3, 4, 5, 6, 7, 9, 10, 11, 12, 13, 14, 15, 16, 17, 18, 19, 20, 21, 22, 23, 25, 26, 27, 28, 29, 30, 31, 33, 34, 35, 36, 37, 38, 39, 40, 41, 42, 43, 44, 45, 46, 47, 48, 49, 50, 51, 52, 53, 54, 55, 56, 58, 59, 60, 61, 62, 63, 64, 65, 66, 67, 68, 69, 70, 71, 72, 73, 74, 75, 76, 77, 78, 79, 80, 82, 83, 84, 85, 86, 87, 88, 89, 90, 91, 92, 93, 94, 96, 97, 98, 99]

--- Генерація вершинного покриття (зі списку суміжності) ---
Знайдене максимальне парування (M): {(4, 49), (18, 72), (21, 65), (13, 33), (27, 56), (26, 30), (46, 91), (1, 40), (20, 23), (29, 35), (8, 64), (61, 73), (43, 55), (6, 45), (47, 98), (79, 81), (19, 51), (9, 44), (15, 84), (32, 36), (57, 99), (59, 69), (58, 67), (12, 94), (54, 97), (86, 95), (14, 88), (2, 7), (66, 77), (83, 90), (74, 87), (39, 68), (76, 93), (11, 25), (0, 31), (24, 28), (16, 82), (3, 60), (17, 53), (42, 52), (37, 71), (22, 85), (41, 62), (5, 75), (78, 96), (48, 70), (34, 50), (10, 89)}
Згенероване вершинне покриття (C): [0, 1, 2, 3, 4, 5, 6, 7, 8, 9, 10, 11, 12, 13, 14, 15, 16, 17, 18, 19, 20, 21, 22, 23, 24, 25, 26, 27, 28, 29, 30, 31, 32, 33, 34, 35, 36, 37, 39, 40, 41, 42, 43, 44, 45, 46, 47, 48, 49, 50, 51, 52, 53, 54, 55, 56, 57, 58, 59, 60, 61, 62, 64, 65, 66, 67, 68, 69, 70, 71, 72, 73, 74, 75, 76, 77, 78, 79, 81, 82, 83, 84, 85, 86, 87, 88, 89, 90, 91, 93, 94, 95, 96, 97, 98, 99]

--- Генерація вершинного покриття (зі списку суміжності) ---
Знайдене максимальне парування (M): {(6, 21), (71, 90), (73, 81), (10, 52), (67, 74), (9, 66), (15, 45), (43, 61), (49, 53), (18, 56), (35, 72), (55, 62), (7, 77), (41, 54), (26, 38), (64, 98), (51, 70), (4, 84), (32, 69), (0, 16), (59, 96), (44, 89), (93, 97), (42, 95), (46, 83), (2, 31), (33, 40), (13, 37), (14, 60), (1, 99), (20, 82), (25, 39), (36, 75), (47, 78), (22, 91), (8, 65), (12, 29), (58, 87), (19, 80), (28, 86), (11, 24), (68, 76), (85, 92), (48, 79), (3, 50)}
Згенероване вершинне покриття (C): [0, 1, 2, 3, 4, 6, 7, 8, 9, 10, 11, 12, 13, 14, 15, 16, 18, 19, 20, 21, 22, 24, 25, 26, 28, 29, 31, 32, 33, 35, 36, 37, 38, 39, 40, 41, 42, 43, 44, 45, 46, 47, 48, 49, 50, 51, 52, 53, 54, 55, 56, 58, 59, 60, 61, 62, 64, 65, 66, 67, 68, 69, 70, 71, 72, 73, 74, 75, 76, 77, 78, 79, 80, 81, 82, 83, 84, 85, 86, 87, 89, 90, 91, 92, 93, 95, 96, 97, 98, 99]

--- Генерація вершинного покриття (зі списку суміжності) ---
Знайдене максимальне парування (M): {(43, 98), (76, 92), (72, 79), (30, 49), (81, 85), (18, 84), (29, 35), (7, 32), (21, 25), (61, 73), (69, 83), (12, 89), (4, 88), (13, 66), (48, 63), (94, 97), (93, 95), (24, 87), (47, 52), (42, 96), (33, 99), (15, 26), (0, 50), (16, 40), (80, 82), (2, 59), (9, 74), (17, 20), (46, 68), (34, 39), (31, 55), (36, 51), (64, 70), (56, 60), (27, 54), (5, 57), (3, 11), (67, 78), (58, 75), (8, 62), (45, 90), (19, 71), (23, 38), (14, 44), (41, 86), (10, 22)}
Згенероване вершинне покриття (C): [0, 2, 3, 4, 5, 7, 8, 9, 10, 11, 12, 13, 14, 15, 16, 17, 18, 19, 20, 21, 22, 23, 24, 25, 26, 27, 29, 30, 31, 32, 33, 34, 35, 36, 38, 39, 40, 41, 42, 43, 44, 45, 46, 47, 48, 49, 50, 51, 52, 54, 55, 56, 57, 58, 59, 60, 61, 62, 63, 64, 66, 67, 68, 69, 70, 71, 72, 73, 74, 75, 76, 78, 79, 80, 81, 82, 83, 84, 85, 86, 87, 88, 89, 90, 92, 93, 94, 95, 96, 97, 98, 99]

--- Генерація вершинного покриття (зі списку суміжності) ---
Знайдене максимальне парування (M): {(10, 95), (13, 94), (22, 66), (14, 59), (21, 71), (16, 38), (47, 77), (42, 69), (58, 83), (52, 79), (43, 91), (25, 28), (2, 90), (3, 55), (1, 27), (31, 80), (15, 93), (26, 44), (19, 75), (9, 68), (24, 65), (41, 81), (76, 84), (36, 54), (53, 73), (98, 99), (4, 46), (5, 63), (45, 72), (62, 88), (35, 49), (29, 33), (7, 97), (6, 86), (0, 64), (60, 78), (11, 67), (37, 92), (61, 89), (23, 96), (20, 48), (32, 74), (40, 57), (39, 70), (30, 34)}
Згенероване вершинне покриття (C): [0, 1, 2, 3, 4, 5, 6, 7, 9, 10, 11, 13, 14, 15, 16, 19, 20, 21, 22, 23, 24, 25, 26, 27, 28, 29, 30, 31, 32, 33, 34, 35, 36, 37, 38, 39, 40, 41, 42, 43, 44, 45, 46, 47, 48, 49, 52, 53, 54, 55, 57, 58, 59, 60, 61, 62, 63, 64, 65, 66, 67, 68, 69, 70, 71, 72, 73, 74, 75, 76, 77, 78, 79, 80, 81, 83, 84, 86, 88, 89, 90, 91, 92, 93, 94, 95, 96, 97, 98, 99]

--- Генерація вершинного покриття (зі списку суміжності) ---
Знайдене максимальне парування (M): {(30, 98), (24, 27), (16, 84), (34, 65), (1, 40), (4, 12), (3, 74), (7, 38), (2, 51), (0, 78), (69, 95), (25, 68), (28, 91), (75, 93), (62, 77), (11, 99), (73, 80), (32, 42), (50, 57), (61, 63), (14, 67), (10, 48), (29, 37), (64, 92), (58, 82), (39, 44), (36, 79), (87, 97), (59, 90), (47, 94), (76, 81), (54, 66), (45, 60), (26, 86), (72, 83), (19, 53), (46, 52), (21, 56), (35, 55), (41, 71), (17, 22), (8, 13), (23, 96), (6, 70), (15, 18)}
Згенероване вершинне покриття (C): [0, 1, 2, 3, 4, 6, 7, 8, 10, 11, 12, 13, 14, 15, 16, 17, 18, 19, 21, 22, 23, 24, 25, 26, 27, 28, 29, 30, 32, 34, 35, 36, 37, 38, 39, 40, 41, 42, 44, 45, 46, 47, 48, 50, 51, 52, 53, 54, 55, 56, 57, 58, 59, 60, 61, 62, 63, 64, 65, 66, 67, 68, 69, 70, 71, 72, 73, 74, 75, 76, 77, 78, 79, 80, 81, 82, 83, 84, 86, 87, 90, 91, 92, 93, 94, 95, 96, 97, 98, 99]

Середній час виконання: 0.0000953865 секунд
