
--- Генерація вершинного покриття (зі списку суміжності) ---
Знайдене максимальне парування (M): {(68, 91), (66, 97), (62, 72), (9, 42), (16, 29), (1, 46), (11, 48), (50, 58), (105, 119), (88, 115), (107, 122), (51, 65), (69, 80), (14, 25), (121, 124), (37, 85), (6, 45), (71, 120), (23, 98), (5, 86), (2, 75), (43, 82), (22, 59), (79, 87), (40, 77), (8, 106), (63, 76), (60, 113), (15, 84), (74, 109), (36, 73), (12, 30), (0, 56), (57, 117), (78, 103), (21, 112), (49, 67), (33, 89), (20, 61), (32, 81), (83, 93), (31, 64), (17, 47), (10, 38), (7, 18), (41, 111), (24, 101), (52, 53), (39, 95), (96, 123), (35, 110), (13, 116), (4, 92), (34, 99), (54, 108), (100, 102), (70, 104), (27, 44)}
Згенероване вершинне покриття (C): [0, 1, 2, 4, 5, 6, 7, 8, 9, 10, 11, 12, 13, 14, 15, 16, 17, 18, 20, 21, 22, 23, 24, 25, 27, 29, 30, 31, 32, 33, 34, 35, 36, 37, 38, 39, 40, 41, 42, 43, 44, 45, 46, 47, 48, 49, 50, 51, 52, 53, 54, 56, 57, 58, 59, 60, 61, 62, 63, 64, 65, 66, 67, 68, 69, 70, 71, 72, 73, 74, 75, 76, 77, 78, 79, 80, 81, 82, 83, 84, 85, 86, 87, 88, 89, 91, 92, 93, 95, 96, 97, 98, 99, 100, 101, 102, 103, 104, 105, 106, 107, 108, 109, 110, 111, 112, 113, 115, 116, 117, 119, 120, 121, 122, 123, 124]

--- Генерація вершинного покриття (зі списку суміжності) ---
Знайдене максимальне парування (M): {(0, 91), (53, 78), (70, 73), (13, 109), (57, 115), (86, 90), (32, 119), (2, 121), (15, 118), (9, 36), (56, 98), (50, 88), (47, 101), (34, 49), (5, 31), (6, 112), (33, 84), (24, 81), (3, 55), (17, 48), (58, 61), (51, 107), (26, 96), (45, 59), (41, 54), (11, 105), (62, 92), (67, 82), (10, 63), (77, 83), (44, 123), (103, 111), (16, 116), (122, 124), (64, 104), (19, 23), (39, 114), (97, 113), (94, 99), (65, 87), (21, 60), (27, 42), (18, 76), (8, 102), (35, 37), (25, 30), (72, 80), (38, 100), (4, 28), (14, 20), (95, 106), (43, 68), (89, 93), (75, 79), (1, 71), (40, 66), (12, 120), (46, 85)}
Згенероване вершинне покриття (C): [0, 1, 2, 3, 4, 5, 6, 8, 9, 10, 11, 12, 13, 14, 15, 16, 17, 18, 19, 20, 21, 23, 24, 25, 26, 27, 28, 30, 31, 32, 33, 34, 35, 36, 37, 38, 39, 40, 41, 42, 43, 44, 45, 46, 47, 48, 49, 50, 51, 53, 54, 55, 56, 57, 58, 59, 60, 61, 62, 63, 64, 65, 66, 67, 68, 70, 71, 72, 73, 75, 76, 77, 78, 79, 80, 81, 82, 83, 84, 85, 86, 87, 88, 89, 90, 91, 92, 93, 94, 95, 96, 97, 98, 99, 100, 101, 102, 103, 104, 105, 106, 107, 109, 111, 112, 113, 114, 115, 116, 118, 119, 120, 121, 122, 123, 124]

--- Генерація вершинного покриття (зі списку суміжності) ---
Знайдене максимальне парування (M): {(76, 92), (32, 37), (80, 114), (94, 107), (47, 71), (38, 108), (0, 2), (5, 77), (54, 98), (46, 121), (23, 49), (86, 111), (83, 88), (22, 105), (95, 123), (14, 52), (1, 33), (19, 51), (42, 44), (15, 84), (9, 59), (65, 109), (45, 79), (7, 34), (12, 18), (35, 50), (48, 53), (30, 69), (64, 101), (41, 75), (78, 103), (36, 91), (26, 62), (67, 106), (73, 116), (100, 112), (28, 93), (20, 122), (87, 115), (25, 82), (16, 24), (10, 99), (66, 104), (4, 120), (27, 63), (11, 113), (60, 124), (57, 110), (8, 117), (3, 17), (39, 43), (81, 119), (13, 58), (68, 70), (56, 102), (85, 89)}
Згенероване вершинне покриття (C): [0, 1, 2, 3, 4, 5, 7, 8, 9, 10, 11, 12, 13, 14, 15, 16, 17, 18, 19, 20, 22, 23, 24, 25, 26, 27, 28, 30, 32, 33, 34, 35, 36, 37, 38, 39, 41, 42, 43, 44, 45, 46, 47, 48, 49, 50, 51, 52, 53, 54, 56, 57, 58, 59, 60, 62, 63, 64, 65, 66, 67, 68, 69, 70, 71, 73, 75, 76, 77, 78, 79, 80, 81, 82, 83, 84, 85, 86, 87, 88, 89, 91, 92, 93, 94, 95, 98, 99, 100, 101, 102, 103, 104, 105, 106, 107, 108, 109, 110, 111, 112, 113, 114, 115, 116, 117, 119, 120, 121, 122, 123, 124]

--- Генерація вершинного покриття (зі списку суміжності) ---
Знайдене максимальне парування (M): {(73, 75), (89, 123), (11, 45), (9, 115), (62, 90), (15, 106), (87, 101), (60, 80), (17, 24), (18, 53), (6, 118), (27, 92), (10, 82), (5, 95), (63, 67), (30, 97), (8, 36), (88, 96), (41, 91), (47, 116), (26, 32), (14, 64), (57, 99), (51, 113), (3, 122), (20, 74), (84, 98), (35, 56), (48, 111), (49, 55), (86, 110), (34, 39), (102, 103), (22, 52), (76, 93), (33, 37), (28, 114), (0, 43), (61, 120), (69, 121), (2, 104), (7, 94), (12, 78), (19, 59), (31, 79), (25, 54), (71, 109), (23, 29), (1, 117), (68, 119), (40, 112), (21, 50), (65, 77), (16, 124), (4, 107), (46, 85)}
Згенероване вершинне покриття (C): [0, 1, 2, 3, 4, 5, 6, 7, 8, 9, 10, 11, 12, 14, 15, 16, 17, 18, 19, 20, 21, 22, 23, 24, 25, 26, 27, 28, 29, 30, 31, 32, 33, 34, 35, 36, 37, 39, 40, 41, 43, 45, 46, 47, 48, 49, 50, 51, 52, 53, 54, 55, 56, 57, 59, 60, 61, 62, 63, 64, 65, 67, 68, 69, 71, 73, 74, 75, 76, 77, 78, 79, 80, 82, 84, 85, 86, 87, 88, 89, 90, 91, 92, 93, 94, 95, 96, 97, 98, 99, 101, 102, 103, 104, 106, 107, 109, 110, 111, 112, 113, 114, 115, 116, 117, 118, 119, 120, 121, 122, 123, 124]

--- Генерація вершинного покриття (зі списку суміжності) ---
Знайдене максимальне парування (M): {(27, 47), (15, 24), (67, 68), (19, 113), (6, 85), (20, 78), (11, 57), (33, 63), (50, 82), (95, 102), (83, 94), (42, 84), (26, 75), (13, 23), (89, 116), (22, 123), (56, 64), (88, 99), (38, 92), (43, 45), (25, 37), (49, 101), (32, 115), (87, 91), (103, 105), (48, 108), (65, 118), (107, 121), (10, 66), (62, 110), (5, 79), (4, 35), (40, 46), (53, 104), (29, 52), (44, 80), (18, 119), (12, 109), (61, 93), (7, 9), (28, 41), (16, 21), (14, 54), (2, 31), (3, 124), (36, 69), (72, 98), (34, 81), (71, 106), (76, 114), (59, 77), (97, 100), (112, 122), (0, 73), (60, 90), (8, 86), (1, 74), (51, 96), (58, 111)}
Згенероване вершинне покриття (C): [0, 1, 2, 3, 4, 5, 6, 7, 8, 9, 10, 11, 12, 13, 14, 15, 16, 18, 19, 20, 21, 22, 23, 24, 25, 26, 27, 28, 29, 31, 32, 33, 34, 35, 36, 37, 38, 40, 41, 42, 43, 44, 45, 46, 47, 48, 49, 50, 51, 52, 53, 54, 56, 57, 58, 59, 60, 61, 62, 63, 64, 65, 66, 67, 68, 69, 71, 72, 73, 74, 75, 76, 77, 78, 79, 80, 81, 82, 83, 84, 85, 86, 87, 88, 89, 90, 91, 92, 93, 94, 95, 96, 97, 98, 99, 100, 101, 102, 103, 104, 105, 106, 107, 108, 109, 110, 111, 112, 113, 114, 115, 116, 118, 119, 121, 122, 123, 124]

--- Генерація вершинного покриття (зі списку суміжності) ---
Знайдене максимальне парування (M): {(28, 110), (15, 88), (96, 113), (42, 118), (64, 84), (5, 13), (0, 115), (35, 112), (82, 105), (21, 34), (83, 101), (40, 50), (26, 60), (91, 95), (16, 65), (6, 121), (12, 52), (120, 122), (51, 92), (56, 116), (10, 27), (30, 103), (7, 80), (20, 57), (36, 67), (4, 11), (90, 111), (55, 89), (2, 123), (54, 106), (86, 104), (29, 61), (23, 48), (22, 58), (85, 93), (45, 63), (37, 43), (17, 44), (32, 38), (74, 108), (98, 102), (14, 69), (19, 59), (99, 107), (71, 100), (62, 97), (31, 33), (81, 119), (73, 109), (9, 18), (8, 77), (68, 79), (87, 114), (46, 76), (53, 124), (1, 25), (49, 72), (47, 117)}
Згенероване вершинне покриття (C): [0, 1, 2, 4, 5, 6, 7, 8, 9, 10, 11, 12, 13, 14, 15, 16, 17, 18, 19, 20, 21, 22, 23, 25, 26, 27, 28, 29, 30, 31, 32, 33, 34, 35, 36, 37, 38, 40, 42, 43, 44, 45, 46, 47, 48, 49, 50, 51, 52, 53, 54, 55, 56, 57, 58, 59, 60, 61, 62, 63, 64, 65, 67, 68, 69, 71, 72, 73, 74, 76, 77, 79, 80, 81, 82, 83, 84, 85, 86, 87, 88, 89, 90, 91, 92, 93, 95, 96, 97, 98, 99, 100, 101, 102, 103, 104, 105, 106, 107, 108, 109, 110, 111, 112, 113, 114, 115, 116, 117, 118, 119, 120, 121, 122, 123, 124]

--- Генерація вершинного покриття (зі списку суміжності) ---
Знайдене максимальне парування (M): {(79, 91), (59, 110), (25, 32), (75, 109), (45, 71), (46, 103), (38, 90), (30, 107), (40, 96), (61, 70), (7, 93), (11, 57), (35, 115), (9, 124), (15, 54), (26, 118), (64, 102), (87, 98), (55, 105), (21, 101), (37, 97), (50, 94), (6, 63), (28, 88), (16, 22), (78, 119), (13, 29), (0, 41), (12, 82), (31, 89), (3, 18), (43, 48), (77, 83), (42, 80), (84, 113), (2, 65), (49, 73), (39, 68), (33, 34), (5, 112), (92, 117), (17, 53), (85, 111), (8, 56), (47, 60), (36, 69), (20, 24), (27, 72), (81, 95), (74, 123), (51, 66), (44, 58), (1, 4), (86, 100), (23, 108), (10, 19), (106, 121), (67, 114)}
Згенероване вершинне покриття (C): [0, 1, 2, 3, 4, 5, 6, 7, 8, 9, 10, 11, 12, 13, 15, 16, 17, 18, 19, 20, 21, 22, 23, 24, 25, 26, 27, 28, 29, 30, 31, 32, 33, 34, 35, 36, 37, 38, 39, 40, 41, 42, 43, 44, 45, 46, 47, 48, 49, 50, 51, 53, 54, 55, 56, 57, 58, 59, 60, 61, 63, 64, 65, 66, 67, 68, 69, 70, 71, 72, 73, 74, 75, 77, 78, 79, 80, 81, 82, 83, 84, 85, 86, 87, 88, 89, 90, 91, 92, 93, 94, 95, 96, 97, 98, 100, 101, 102, 103, 105, 106, 107, 108, 109, 110, 111, 112, 113, 114, 115, 117, 118, 119, 121, 123, 124]

--- Генерація вершинного покриття (зі списку суміжності) ---
Знайдене максимальне парування (M): {(75, 100), (72, 82), (4, 64), (36, 62), (23, 65), (43, 107), (32, 58), (27, 77), (95, 105), (57, 118), (78, 86), (5, 25), (8, 85), (29, 59), (74, 91), (11, 81), (37, 103), (10, 94), (19, 42), (111, 122), (102, 119), (16, 22), (3, 116), (24, 84), (9, 108), (73, 89), (47, 70), (63, 88), (1, 106), (53, 83), (48, 99), (28, 69), (20, 31), (87, 97), (15, 120), (46, 71), (61, 93), (41, 90), (39, 68), (67, 112), (80, 115), (17, 50), (0, 98), (2, 101), (92, 123), (79, 104), (33, 55), (26, 110), (13, 52), (6, 34), (38, 109), (7, 45), (18, 54), (113, 121), (49, 60), (21, 114), (35, 76), (12, 56)}
Згенероване вершинне покриття (C): [0, 1, 2, 3, 4, 5, 6, 7, 8, 9, 10, 11, 12, 13, 15, 16, 17, 18, 19, 20, 21, 22, 23, 24, 25, 26, 27, 28, 29, 31, 32, 33, 34, 35, 36, 37, 38, 39, 41, 42, 43, 45, 46, 47, 48, 49, 50, 52, 53, 54, 55, 56, 57, 58, 59, 60, 61, 62, 63, 64, 65, 67, 68, 69, 70, 71, 72, 73, 74, 75, 76, 77, 78, 79, 80, 81, 82, 83, 84, 85, 86, 87, 88, 89, 90, 91, 92, 93, 94, 95, 97, 98, 99, 100, 101, 102, 103, 104, 105, 106, 107, 108, 109, 110, 111, 112, 113, 114, 115, 116, 118, 119, 120, 121, 122, 123]

--- Генерація вершинного покриття (зі списку суміжності) ---
Знайдене максимальне парування (M): {(119, 121), (10, 43), (52, 116), (19, 61), (68, 106), (88, 112), (15, 45), (11, 115), (16, 50), (89, 92), (17, 85), (21, 49), (51, 86), (37, 97), (33, 78), (53, 105), (94, 100), (8, 42), (2, 84), (96, 103), (14, 110), (0, 93), (20, 80), (34, 73), (58, 67), (28, 124), (48, 102), (98, 118), (30, 75), (64, 95), (35, 117), (72, 108), (6, 47), (90, 120), (7, 107), (101, 114), (13, 74), (46, 83), (1, 26), (56, 57), (76, 99), (3, 60), (18, 24), (62, 79), (5, 63), (25, 39), (44, 113), (71, 91), (59, 65), (38, 109), (9, 12), (36, 87), (41, 77), (122, 123), (4, 40), (70, 104), (22, 54), (29, 69)}
Згенероване вершинне покриття (C): [0, 1, 2, 3, 4, 5, 6, 7, 8, 9, 10, 11, 12, 13, 14, 15, 16, 17, 18, 19, 20, 21, 22, 24, 25, 26, 28, 29, 30, 33, 34, 35, 36, 37, 38, 39, 40, 41, 42, 43, 44, 45, 46, 47, 48, 49, 50, 51, 52, 53, 54, 56, 57, 58, 59, 60, 61, 62, 63, 64, 65, 67, 68, 69, 70, 71, 72, 73, 74, 75, 76, 77, 78, 79, 80, 83, 84, 85, 86, 87, 88, 89, 90, 91, 92, 93, 94, 95, 96, 97, 98, 99, 100, 101, 102, 103, 104, 105, 106, 107, 108, 109, 110, 112, 113, 114, 115, 116, 117, 118, 119, 120, 121, 122, 123, 124]

--- Генерація вершинного покриття (зі списку суміжності) ---
Знайдене максимальне парування (M): {(20, 69), (27, 50), (71, 81), (31, 87), (88, 115), (6, 39), (51, 65), (7, 38), (26, 45), (34, 86), (1, 55), (15, 54), (14, 89), (35, 121), (123, 124), (5, 92), (4, 94), (0, 17), (22, 56), (102, 107), (91, 113), (29, 77), (30, 63), (3, 70), (2, 44), (79, 111), (98, 118), (8, 11), (73, 104), (112, 114), (16, 116), (24, 62), (41, 84), (64, 110), (46, 68), (47, 97), (66, 80), (23, 103), (18, 119), (61, 108), (33, 101), (60, 109), (42, 43), (40, 85), (48, 95), (36, 75), (32, 117), (49, 100), (59, 74), (76, 120), (37, 83), (67, 93), (12, 96), (19, 25), (58, 99), (72, 122), (78, 105)}
Згенероване вершинне покриття (C): [0, 1, 2, 3, 4, 5, 6, 7, 8, 11, 12, 14, 15, 16, 17, 18, 19, 20, 22, 23, 24, 25, 26, 27, 29, 30, 31, 32, 33, 34, 35, 36, 37, 38, 39, 40, 41, 42, 43, 44, 45, 46, 47, 48, 49, 50, 51, 54, 55, 56, 58, 59, 60, 61, 62, 63, 64, 65, 66, 67, 68, 69, 70, 71, 72, 73, 74, 75, 76, 77, 78, 79, 80, 81, 83, 84, 85, 86, 87, 88, 89, 91, 92, 93, 94, 95, 96, 97, 98, 99, 100, 101, 102, 103, 104, 105, 107, 108, 109, 110, 111, 112, 113, 114, 115, 116, 117, 118, 119, 120, 121, 122, 123, 124]

--- Генерація вершинного покриття (зі списку суміжності) ---
Знайдене максимальне парування (M): {(16, 20), (70, 119), (83, 104), (45, 71), (18, 84), (31, 81), (33, 54), (39, 94), (42, 124), (11, 60), (6, 51), (72, 106), (1, 64), (58, 86), (12, 107), (62, 65), (34, 46), (13, 23), (59, 109), (36, 55), (90, 99), (74, 115), (24, 41), (96, 118), (26, 102), (103, 108), (25, 61), (7, 49), (48, 50), (56, 91), (5, 85), (22, 40), (27, 88), (66, 80), (69, 97), (10, 87), (28, 44), (8, 93), (29, 73), (37, 117), (32, 38), (9, 52), (68, 101), (79, 110), (4, 19), (14, 17), (82, 100), (43, 123), (0, 122), (112, 116), (67, 120), (113, 121), (3, 35), (76, 77), (89, 111), (53, 57), (78, 114), (2, 30)}
Згенероване вершинне покриття (C): [0, 1, 2, 3, 4, 5, 6, 7, 8, 9, 10, 11, 12, 13, 14, 16, 17, 18, 19, 20, 22, 23, 24, 25, 26, 27, 28, 29, 30, 31, 32, 33, 34, 35, 36, 37, 38, 39, 40, 41, 42, 43, 44, 45, 46, 48, 49, 50, 51, 52, 53, 54, 55, 56, 57, 58, 59, 60, 61, 62, 64, 65, 66, 67, 68, 69, 70, 71, 72, 73, 74, 76, 77, 78, 79, 80, 81, 82, 83, 84, 85, 86, 87, 88, 89, 90, 91, 93, 94, 96, 97, 99, 100, 101, 102, 103, 104, 106, 107, 108, 109, 110, 111, 112, 113, 114, 115, 116, 117, 118, 119, 120, 121, 122, 123, 124]

--- Генерація вершинного покриття (зі списку суміжності) ---
Знайдене максимальне парування (M): {(2, 88), (66, 91), (63, 74), (92, 116), (33, 42), (75, 100), (26, 30), (55, 69), (79, 103), (27, 123), (14, 77), (11, 51), (50, 67), (1, 122), (32, 70), (58, 89), (106, 108), (12, 46), (83, 97), (10, 22), (35, 81), (48, 84), (5, 107), (17, 115), (101, 105), (28, 60), (43, 109), (49, 98), (59, 72), (53, 86), (44, 62), (45, 94), (73, 104), (9, 80), (4, 38), (39, 114), (23, 118), (20, 64), (25, 82), (19, 102), (29, 85), (37, 68), (3, 124), (24, 52), (90, 113), (8, 65), (87, 93), (31, 57), (56, 99), (47, 96), (7, 54), (40, 112), (34, 41), (0, 21), (13, 18), (95, 121), (111, 117), (15, 76), (78, 120)}
Згенероване вершинне покриття (C): [0, 1, 2, 3, 4, 5, 7, 8, 9, 10, 11, 12, 13, 14, 15, 17, 18, 19, 20, 21, 22, 23, 24, 25, 26, 27, 28, 29, 30, 31, 32, 33, 34, 35, 37, 38, 39, 40, 41, 42, 43, 44, 45, 46, 47, 48, 49, 50, 51, 52, 53, 54, 55, 56, 57, 58, 59, 60, 62, 63, 64, 65, 66, 67, 68, 69, 70, 72, 73, 74, 75, 76, 77, 78, 79, 80, 81, 82, 83, 84, 85, 86, 87, 88, 89, 90, 91, 92, 93, 94, 95, 96, 97, 98, 99, 100, 101, 102, 103, 104, 105, 106, 107, 108, 109, 111, 112, 113, 114, 115, 116, 117, 118, 120, 121, 122, 123, 124]

--- Генерація вершинного покриття (зі списку суміжності) ---
Знайдене максимальне парування (M): {(14, 114), (37, 55), (57, 94), (18, 81), (30, 113), (116, 122), (24, 106), (0, 118), (1, 52), (90, 115), (99, 124), (79, 112), (32, 64), (31, 108), (58, 92), (22, 44), (82, 120), (51, 80), (33, 72), (91, 95), (45, 49), (17, 88), (8, 42), (27, 35), (9, 96), (39, 78), (11, 41), (25, 34), (13, 38), (5, 119), (3, 12), (48, 102), (15, 47), (16, 46), (43, 69), (6, 50), (65, 75), (2, 71), (54, 109), (67, 100), (40, 61), (77, 110), (111, 121), (105, 117), (4, 10), (19, 59), (26, 98), (23, 87), (62, 97), (28, 74), (20, 36), (7, 103), (70, 86), (56, 93), (68, 73), (85, 89), (29, 63), (76, 83), (53, 60)}
Згенероване вершинне покриття (C): [0, 1, 2, 3, 4, 5, 6, 7, 8, 9, 10, 11, 12, 13, 14, 15, 16, 17, 18, 19, 20, 22, 23, 24, 25, 26, 27, 28, 29, 30, 31, 32, 33, 34, 35, 36, 37, 38, 39, 40, 41, 42, 43, 44, 45, 46, 47, 48, 49, 50, 51, 52, 53, 54, 55, 56, 57, 58, 59, 60, 61, 62, 63, 64, 65, 67, 68, 69, 70, 71, 72, 73, 74, 75, 76, 77, 78, 79, 80, 81, 82, 83, 85, 86, 87, 88, 89, 90, 91, 92, 93, 94, 95, 96, 97, 98, 99, 100, 102, 103, 105, 106, 108, 109, 110, 111, 112, 113, 114, 115, 116, 117, 118, 119, 120, 121, 122, 124]

--- Генерація вершинного покриття (зі списку суміжності) ---
Знайдене максимальне парування (M): {(15, 79), (47, 53), (99, 103), (54, 74), (94, 122), (16, 93), (52, 116), (24, 45), (98, 119), (1, 113), (34, 77), (29, 44), (43, 55), (33, 63), (23, 86), (2, 115), (0, 14), (12, 40), (22, 38), (95, 117), (19, 85), (7, 108), (84, 114), (56, 110), (18, 65), (59, 109), (50, 106), (71, 80), (11, 32), (49, 83), (46, 90), (8, 39), (25, 31), (3, 64), (4, 5), (21, 82), (42, 62), (61, 69), (58, 76), (70, 78), (68, 105), (37, 87), (97, 104), (10, 81), (36, 48), (111, 124), (13, 92), (28, 120), (35, 101), (17, 123), (27, 121), (57, 107), (9, 73), (51, 75), (100, 102), (41, 89), (20, 112), (26, 67), (66, 88)}
Згенероване вершинне покриття (C): [0, 1, 2, 3, 4, 5, 7, 8, 9, 10, 11, 12, 13, 14, 15, 16, 17, 18, 19, 20, 21, 22, 23, 24, 25, 26, 27, 28, 29, 31, 32, 33, 34, 35, 36, 37, 38, 39, 40, 41, 42, 43, 44, 45, 46, 47, 48, 49, 50, 51, 52, 53, 54, 55, 56, 57, 58, 59, 61, 62, 63, 64, 65, 66, 67, 68, 69, 70, 71, 73, 74, 75, 76, 77, 78, 79, 80, 81, 82, 83, 84, 85, 86, 87, 88, 89, 90, 92, 93, 94, 95, 97, 98, 99, 100, 101, 102, 103, 104, 105, 106, 107, 108, 109, 110, 111, 112, 113, 114, 115, 116, 117, 119, 120, 121, 122, 123, 124]

--- Генерація вершинного покриття (зі списку суміжності) ---
Знайдене максимальне парування (M): {(4, 116), (37, 110), (96, 101), (102, 114), (36, 59), (52, 107), (9, 112), (6, 97), (28, 73), (64, 93), (57, 66), (55, 108), (2, 72), (69, 104), (119, 123), (50, 109), (79, 90), (27, 58), (1, 51), (38, 49), (61, 78), (86, 95), (26, 53), (44, 88), (100, 103), (68, 80), (11, 92), (45, 118), (13, 22), (89, 124), (32, 35), (16, 85), (31, 76), (23, 75), (39, 83), (29, 30), (17, 62), (19, 56), (0, 113), (84, 94), (25, 48), (47, 60), (67, 81), (99, 122), (98, 117), (43, 111), (41, 71), (20, 42), (82, 115), (10, 77), (46, 70), (65, 74), (18, 121), (34, 105), (12, 120), (8, 40)}
Згенероване вершинне покриття (C): [0, 1, 2, 4, 6, 8, 9, 10, 11, 12, 13, 16, 17, 18, 19, 20, 22, 23, 25, 26, 27, 28, 29, 30, 31, 32, 34, 35, 36, 37, 38, 39, 40, 41, 42, 43, 44, 45, 46, 47, 48, 49, 50, 51, 52, 53, 55, 56, 57, 58, 59, 60, 61, 62, 64, 65, 66, 67, 68, 69, 70, 71, 72, 73, 74, 75, 76, 77, 78, 79, 80, 81, 82, 83, 84, 85, 86, 88, 89, 90, 92, 93, 94, 95, 96, 97, 98, 99, 100, 101, 102, 103, 104, 105, 107, 108, 109, 110, 111, 112, 113, 114, 115, 116, 117, 118, 119, 120, 121, 122, 123, 124]

--- Генерація вершинного покриття (зі списку суміжності) ---
Знайдене максимальне парування (M): {(51, 111), (40, 93), (33, 85), (67, 86), (1, 6), (5, 83), (2, 66), (12, 98), (106, 114), (73, 120), (39, 63), (37, 100), (34, 46), (15, 75), (9, 32), (23, 122), (62, 80), (56, 70), (116, 118), (52, 54), (64, 89), (87, 94), (103, 108), (0, 68), (4, 20), (44, 123), (57, 65), (7, 113), (26, 50), (22, 92), (41, 90), (78, 115), (110, 119), (69, 109), (19, 38), (72, 74), (58, 112), (29, 82), (99, 101), (17, 53), (11, 49), (10, 47), (24, 104), (42, 61), (43, 117), (30, 59), (48, 95), (27, 121), (79, 107), (14, 81), (31, 97), (55, 88), (18, 45), (8, 13), (36, 96), (25, 124), (35, 76), (3, 105)}
Згенероване вершинне покриття (C): [0, 1, 2, 3, 4, 5, 6, 7, 8, 9, 10, 11, 12, 13, 14, 15, 17, 18, 19, 20, 22, 23, 24, 25, 26, 27, 29, 30, 31, 32, 33, 34, 35, 36, 37, 38, 39, 40, 41, 42, 43, 44, 45, 46, 47, 48, 49, 50, 51, 52, 53, 54, 55, 56, 57, 58, 59, 61, 62, 63, 64, 65, 66, 67, 68, 69, 70, 72, 73, 74, 75, 76, 78, 79, 80, 81, 82, 83, 85, 86, 87, 88, 89, 90, 92, 93, 94, 95, 96, 97, 98, 99, 100, 101, 103, 104, 105, 106, 107, 108, 109, 110, 111, 112, 113, 114, 115, 116, 117, 118, 119, 120, 121, 122, 123, 124]

--- Генерація вершинного покриття (зі списку суміжності) ---
Знайдене максимальне парування (M): {(111, 120), (56, 65), (24, 27), (25, 35), (74, 110), (51, 53), (31, 78), (46, 103), (88, 109), (20, 90), (7, 38), (15, 115), (43, 70), (13, 60), (36, 92), (76, 79), (89, 104), (64, 117), (28, 42), (63, 122), (87, 119), (10, 97), (21, 73), (1, 94), (0, 41), (37, 66), (3, 9), (22, 77), (26, 102), (16, 49), (59, 72), (8, 11), (2, 4), (6, 47), (32, 124), (55, 95), (52, 81), (5, 39), (12, 48), (34, 54), (85, 105), (30, 108), (58, 112), (98, 99), (50, 114), (80, 121), (75, 116), (17, 68), (67, 84), (33, 61), (107, 123), (101, 113), (62, 100), (29, 106), (23, 93), (14, 96), (71, 118), (19, 83), (44, 82), (40, 57)}
Згенероване вершинне покриття (C): [0, 1, 2, 3, 4, 5, 6, 7, 8, 9, 10, 11, 12, 13, 14, 15, 16, 17, 19, 20, 21, 22, 23, 24, 25, 26, 27, 28, 29, 30, 31, 32, 33, 34, 35, 36, 37, 38, 39, 40, 41, 42, 43, 44, 46, 47, 48, 49, 50, 51, 52, 53, 54, 55, 56, 57, 58, 59, 60, 61, 62, 63, 64, 65, 66, 67, 68, 70, 71, 72, 73, 74, 75, 76, 77, 78, 79, 80, 81, 82, 83, 84, 85, 87, 88, 89, 90, 92, 93, 94, 95, 96, 97, 98, 99, 100, 101, 102, 103, 104, 105, 106, 107, 108, 109, 110, 111, 112, 113, 114, 115, 116, 117, 118, 119, 120, 121, 122, 123, 124]

--- Генерація вершинного покриття (зі списку суміжності) ---
Знайдене максимальне парування (M): {(70, 122), (91, 120), (67, 68), (35, 103), (19, 119), (31, 96), (2, 112), (18, 108), (48, 109), (61, 82), (0, 63), (45, 95), (78, 110), (25, 80), (5, 40), (1, 21), (27, 46), (97, 114), (83, 106), (30, 51), (105, 115), (15, 32), (93, 113), (36, 47), (71, 101), (55, 74), (41, 66), (24, 56), (14, 79), (39, 44), (104, 107), (7, 43), (54, 100), (57, 123), (26, 59), (8, 23), (28, 99), (10, 29), (65, 90), (22, 64), (38, 94), (85, 111), (72, 89), (13, 98), (9, 58), (12, 81), (60, 75), (37, 86), (42, 76), (87, 102), (11, 73), (4, 34), (16, 69), (20, 118), (52, 92), (53, 124), (17, 49)}
Згенероване вершинне покриття (C): [0, 1, 2, 4, 5, 7, 8, 9, 10, 11, 12, 13, 14, 15, 16, 17, 18, 19, 20, 21, 22, 23, 24, 25, 26, 27, 28, 29, 30, 31, 32, 34, 35, 36, 37, 38, 39, 40, 41, 42, 43, 44, 45, 46, 47, 48, 49, 51, 52, 53, 54, 55, 56, 57, 58, 59, 60, 61, 63, 64, 65, 66, 67, 68, 69, 70, 71, 72, 73, 74, 75, 76, 78, 79, 80, 81, 82, 83, 85, 86, 87, 89, 90, 91, 92, 93, 94, 95, 96, 97, 98, 99, 100, 101, 102, 103, 104, 105, 106, 107, 108, 109, 110, 111, 112, 113, 114, 115, 118, 119, 120, 122, 123, 124]

--- Генерація вершинного покриття (зі списку суміжності) ---
Знайдене максимальне парування (M): {(96, 101), (31, 69), (42, 118), (44, 109), (68, 106), (43, 107), (56, 89), (103, 112), (32, 64), (0, 63), (5, 22), (17, 30), (20, 111), (18, 117), (48, 72), (61, 91), (49, 71), (19, 94), (75, 97), (55, 59), (24, 90), (47, 122), (2, 38), (6, 67), (80, 119), (15, 35), (98, 115), (29, 95), (39, 99), (41, 124), (23, 33), (4, 84), (65, 66), (7, 113), (28, 87), (11, 74), (40, 116), (8, 81), (50, 93), (3, 45), (54, 60), (13, 86), (52, 105), (16, 27), (82, 88), (12, 14), (25, 36), (73, 85), (21, 26), (51, 121), (62, 100), (10, 92), (70, 104), (53, 57), (78, 114), (120, 123)}
Згенероване вершинне покриття (C): [0, 2, 3, 4, 5, 6, 7, 8, 10, 11, 12, 13, 14, 15, 16, 17, 18, 19, 20, 21, 22, 23, 24, 25, 26, 27, 28, 29, 30, 31, 32, 33, 35, 36, 38, 39, 40, 41, 42, 43, 44, 45, 47, 48, 49, 50, 51, 52, 53, 54, 55, 56, 57, 59, 60, 61, 62, 63, 64, 65, 66, 67, 68, 69, 70, 71, 72, 73, 74, 75, 78, 80, 81, 82, 84, 85, 86, 87, 88, 89, 90, 91, 92, 93, 94, 95, 96, 97, 98, 99, 100, 101, 103, 104, 105, 106, 107, 109, 111, 112, 113, 114, 115, 116, 117, 118, 119, 120, 121, 122, 123, 124]

--- Генерація вершинного покриття (зі списку суміжності) ---
Знайдене максимальне парування (M): {(19, 113), (48, 103), (79, 106), (1, 49), (50, 67), (54, 92), (69, 80), (58, 83), (81, 115), (39, 124), (72, 118), (89, 119), (47, 55), (56, 70), (21, 76), (37, 60), (27, 122), (107, 109), (90, 105), (9, 59), (0, 111), (15, 38), (41, 57), (75, 123), (34, 85), (5, 73), (25, 110), (87, 88), (44, 62), (6, 102), (22, 31), (4, 29), (7, 46), (8, 17), (26, 117), (13, 65), (23, 45), (3, 42), (68, 77), (32, 78), (14, 112), (2, 95), (36, 121), (66, 104), (82, 94), (116, 120), (11, 52), (20, 30), (10, 114), (33, 64), (53, 97), (43, 71), (91, 96), (16, 63), (51, 93), (28, 98)}
Згенероване вершинне покриття (C): [0, 1, 2, 3, 4, 5, 6, 7, 8, 9, 10, 11, 13, 14, 15, 16, 17, 19, 20, 21, 22, 23, 25, 26, 27, 28, 29, 30, 31, 32, 33, 34, 36, 37, 38, 39, 41, 42, 43, 44, 45, 46, 47, 48, 49, 50, 51, 52, 53, 54, 55, 56, 57, 58, 59, 60, 62, 63, 64, 65, 66, 67, 68, 69, 70, 71, 72, 73, 75, 76, 77, 78, 79, 80, 81, 82, 83, 85, 87, 88, 89, 90, 91, 92, 93, 94, 95, 96, 97, 98, 102, 103, 104, 105, 106, 107, 109, 110, 111, 112, 113, 114, 115, 116, 117, 118, 119, 120, 121, 122, 123, 124]

--- Генерація вершинного покриття (зі списку суміжності) ---
Знайдене максимальне парування (M): {(23, 117), (5, 56), (99, 103), (55, 66), (9, 112), (58, 68), (96, 119), (67, 95), (64, 108), (39, 54), (0, 11), (6, 118), (76, 82), (72, 124), (47, 104), (27, 34), (19, 97), (105, 106), (4, 57), (42, 50), (7, 31), (32, 115), (71, 101), (98, 109), (12, 79), (26, 111), (17, 78), (73, 110), (38, 61), (69, 94), (45, 100), (62, 116), (2, 74), (10, 81), (92, 102), (14, 51), (28, 93), (41, 90), (13, 86), (75, 113), (24, 40), (44, 107), (16, 36), (8, 120), (33, 46), (60, 121), (15, 49), (43, 65), (37, 83), (3, 87), (30, 77), (122, 123), (29, 63), (21, 59), (22, 48), (88, 91), (35, 85), (1, 89)}
Згенероване вершинне покриття (C): [0, 1, 2, 3, 4, 5, 6, 7, 8, 9, 10, 11, 12, 13, 14, 15, 16, 17, 19, 21, 22, 23, 24, 26, 27, 28, 29, 30, 31, 32, 33, 34, 35, 36, 37, 38, 39, 40, 41, 42, 43, 44, 45, 46, 47, 48, 49, 50, 51, 54, 55, 56, 57, 58, 59, 60, 61, 62, 63, 64, 65, 66, 67, 68, 69, 71, 72, 73, 74, 75, 76, 77, 78, 79, 81, 82, 83, 85, 86, 87, 88, 89, 90, 91, 92, 93, 94, 95, 96, 97, 98, 99, 100, 101, 102, 103, 104, 105, 106, 107, 108, 109, 110, 111, 112, 113, 115, 116, 117, 118, 119, 120, 121, 122, 123, 124]

--- Генерація вершинного покриття (зі списку суміжності) ---
Знайдене максимальне парування (M): {(0, 91), (60, 114), (85, 113), (47, 77), (33, 51), (9, 124), (81, 106), (39, 103), (112, 115), (88, 121), (8, 18), (16, 120), (22, 99), (1, 70), (2, 75), (27, 98), (15, 69), (66, 87), (6, 11), (21, 122), (12, 119), (44, 93), (5, 55), (49, 92), (58, 64), (61, 63), (52, 54), (34, 76), (82, 110), (90, 111), (28, 72), (17, 23), (29, 116), (10, 78), (19, 26), (38, 73), (36, 45), (42, 95), (43, 96), (71, 79), (83, 117), (48, 86), (50, 53), (24, 40), (65, 108), (3, 14), (67, 84), (35, 46), (62, 97), (20, 94), (41, 68), (25, 57), (107, 123), (30, 74), (4, 89), (104, 118), (100, 105), (31, 109), (37, 101), (32, 80)}
Згенероване вершинне покриття (C): [0, 1, 2, 3, 4, 5, 6, 8, 9, 10, 11, 12, 14, 15, 16, 17, 18, 19, 20, 21, 22, 23, 24, 25, 26, 27, 28, 29, 30, 31, 32, 33, 34, 35, 36, 37, 38, 39, 40, 41, 42, 43, 44, 45, 46, 47, 48, 49, 50, 51, 52, 53, 54, 55, 57, 58, 60, 61, 62, 63, 64, 65, 66, 67, 68, 69, 70, 71, 72, 73, 74, 75, 76, 77, 78, 79, 80, 81, 82, 83, 84, 85, 86, 87, 88, 89, 90, 91, 92, 93, 94, 95, 96, 97, 98, 99, 100, 101, 103, 104, 105, 106, 107, 108, 109, 110, 111, 112, 113, 114, 115, 116, 117, 118, 119, 120, 121, 122, 123, 124]

--- Генерація вершинного покриття (зі списку суміжності) ---
Знайдене максимальне парування (M): {(76, 98), (4, 122), (51, 111), (16, 93), (52, 58), (0, 112), (48, 103), (7, 99), (57, 109), (78, 86), (50, 82), (34, 37), (90, 124), (49, 75), (19, 21), (14, 95), (39, 118), (22, 47), (6, 66), (18, 65), (91, 110), (29, 74), (9, 105), (79, 102), (11, 108), (25, 46), (28, 69), (35, 56), (44, 123), (43, 121), (3, 85), (64, 101), (70, 87), (38, 113), (24, 53), (36, 94), (67, 97), (42, 77), (31, 40), (2, 71), (61, 96), (10, 23), (63, 115), (100, 106), (55, 107), (73, 119), (41, 120), (8, 117), (17, 80), (1, 59), (68, 116), (27, 84), (5, 81), (83, 89), (13, 15), (12, 114), (33, 88), (20, 60), (32, 92)}
Згенероване вершинне покриття (C): [0, 1, 2, 3, 4, 5, 6, 7, 8, 9, 10, 11, 12, 13, 14, 15, 16, 17, 18, 19, 20, 21, 22, 23, 24, 25, 27, 28, 29, 31, 32, 33, 34, 35, 36, 37, 38, 39, 40, 41, 42, 43, 44, 46, 47, 48, 49, 50, 51, 52, 53, 55, 56, 57, 58, 59, 60, 61, 63, 64, 65, 66, 67, 68, 69, 70, 71, 73, 74, 75, 76, 77, 78, 79, 80, 81, 82, 83, 84, 85, 86, 87, 88, 89, 90, 91, 92, 93, 94, 95, 96, 97, 98, 99, 100, 101, 102, 103, 105, 106, 107, 108, 109, 110, 111, 112, 113, 114, 115, 116, 117, 118, 119, 120, 121, 122, 123, 124]

--- Генерація вершинного покриття (зі списку суміжності) ---
Знайдене максимальне парування (M): {(60, 111), (91, 114), (15, 24), (76, 104), (41, 58), (28, 64), (35, 48), (5, 74), (27, 80), (31, 44), (17, 79), (110, 115), (56, 101), (37, 82), (36, 86), (26, 121), (18, 59), (29, 47), (92, 103), (97, 117), (4, 45), (73, 123), (11, 20), (85, 94), (93, 107), (78, 116), (54, 70), (49, 89), (25, 34), (50, 118), (10, 109), (71, 98), (16, 52), (8, 14), (72, 102), (113, 119), (2, 7), (3, 33), (69, 88), (0, 13), (57, 77), (19, 90), (87, 112), (62, 67), (1, 32), (61, 105), (100, 124), (23, 66), (63, 81), (38, 106), (9, 122), (43, 120), (39, 46), (40, 51), (65, 68), (22, 42), (21, 108), (83, 95), (12, 53)}
Згенероване вершинне покриття (C): [0, 1, 2, 3, 4, 5, 7, 8, 9, 10, 11, 12, 13, 14, 15, 16, 17, 18, 19, 20, 21, 22, 23, 24, 25, 26, 27, 28, 29, 31, 32, 33, 34, 35, 36, 37, 38, 39, 40, 41, 42, 43, 44, 45, 46, 47, 48, 49, 50, 51, 52, 53, 54, 56, 57, 58, 59, 60, 61, 62, 63, 64, 65, 66, 67, 68, 69, 70, 71, 72, 73, 74, 76, 77, 78, 79, 80, 81, 82, 83, 85, 86, 87, 88, 89, 90, 91, 92, 93, 94, 95, 97, 98, 100, 101, 102, 103, 104, 105, 106, 107, 108, 109, 110, 111, 112, 113, 114, 115, 116, 117, 118, 119, 120, 121, 122, 123, 124]

--- Генерація вершинного покриття (зі списку суміжності) ---
Знайдене максимальне парування (M): {(14, 53), (25, 29), (33, 103), (6, 36), (34, 89), (26, 51), (1, 116), (3, 22), (8, 15), (58, 101), (17, 91), (43, 82), (110, 114), (68, 78), (67, 122), (19, 106), (48, 81), (56, 64), (107, 112), (71, 86), (63, 85), (4, 69), (35, 41), (50, 60), (46, 47), (38, 98), (18, 31), (87, 94), (66, 117), (45, 88), (95, 104), (79, 120), (9, 13), (0, 10), (11, 16), (12, 42), (109, 115), (61, 99), (57, 74), (62, 70), (5, 100), (59, 111), (28, 102), (73, 76), (23, 124), (72, 80), (32, 44), (108, 113), (24, 49), (21, 90), (52, 123), (37, 77), (20, 39), (83, 92), (7, 121), (75, 97), (30, 40)}
Згенероване вершинне покриття (C): [0, 1, 3, 4, 5, 6, 7, 8, 9, 10, 11, 12, 13, 14, 15, 16, 17, 18, 19, 20, 21, 22, 23, 24, 25, 26, 28, 29, 30, 31, 32, 33, 34, 35, 36, 37, 38, 39, 40, 41, 42, 43, 44, 45, 46, 47, 48, 49, 50, 51, 52, 53, 56, 57, 58, 59, 60, 61, 62, 63, 64, 66, 67, 68, 69, 70, 71, 72, 73, 74, 75, 76, 77, 78, 79, 80, 81, 82, 83, 85, 86, 87, 88, 89, 90, 91, 92, 94, 95, 97, 98, 99, 100, 101, 102, 103, 104, 106, 107, 108, 109, 110, 111, 112, 113, 114, 115, 116, 117, 120, 121, 122, 123, 124]

--- Генерація вершинного покриття (зі списку суміжності) ---
Знайдене максимальне парування (M): {(38, 84), (8, 107), (3, 68), (18, 29), (53, 81), (12, 19), (35, 45), (28, 73), (113, 120), (66, 124), (15, 57), (4, 91), (58, 86), (47, 101), (100, 104), (62, 65), (54, 116), (83, 88), (117, 123), (14, 52), (61, 106), (30, 39), (26, 87), (56, 70), (7, 77), (105, 118), (23, 76), (55, 74), (6, 93), (10, 60), (1, 11), (32, 78), (95, 122), (31, 121), (17, 99), (109, 114), (2, 22), (36, 115), (94, 108), (33, 92), (9, 98), (48, 89), (43, 44), (0, 110), (42, 67), (20, 97), (40, 51), (79, 119), (49, 63), (75, 82), (21, 111), (80, 96), (46, 64), (25, 72), (34, 50), (5, 102), (27, 41)}
Згенероване вершинне покриття (C): [0, 1, 2, 3, 4, 5, 6, 7, 8, 9, 10, 11, 12, 14, 15, 17, 18, 19, 20, 21, 22, 23, 25, 26, 27, 28, 29, 30, 31, 32, 33, 34, 35, 36, 38, 39, 40, 41, 42, 43, 44, 45, 46, 47, 48, 49, 50, 51, 52, 53, 54, 55, 56, 57, 58, 60, 61, 62, 63, 64, 65, 66, 67, 68, 70, 72, 73, 74, 75, 76, 77, 78, 79, 80, 81, 82, 83, 84, 86, 87, 88, 89, 91, 92, 93, 94, 95, 96, 97, 98, 99, 100, 101, 102, 104, 105, 106, 107, 108, 109, 110, 111, 113, 114, 115, 116, 117, 118, 119, 120, 121, 122, 123, 124]

--- Генерація вершинного покриття (зі списку суміжності) ---
Знайдене максимальне парування (M): {(3, 53), (62, 72), (27, 114), (76, 110), (68, 100), (35, 39), (24, 51), (85, 116), (70, 73), (29, 93), (13, 106), (1, 104), (56, 95), (12, 40), (9, 75), (65, 82), (61, 97), (77, 120), (10, 36), (26, 32), (6, 23), (5, 55), (44, 108), (7, 89), (49, 98), (18, 34), (38, 43), (52, 60), (90, 117), (30, 69), (31, 101), (14, 88), (46, 123), (42, 74), (87, 112), (28, 96), (21, 66), (15, 80), (81, 86), (19, 41), (17, 50), (79, 92), (58, 121), (25, 94), (4, 71), (0, 113), (99, 107), (67, 84), (59, 83), (11, 122), (22, 33), (64, 103), (63, 111), (57, 119), (16, 115), (20, 109), (78, 102), (45, 47), (91, 105)}
Згенероване вершинне покриття (C): [0, 1, 3, 4, 5, 6, 7, 9, 10, 11, 12, 13, 14, 15, 16, 17, 18, 19, 20, 21, 22, 23, 24, 25, 26, 27, 28, 29, 30, 31, 32, 33, 34, 35, 36, 38, 39, 40, 41, 42, 43, 44, 45, 46, 47, 49, 50, 51, 52, 53, 55, 56, 57, 58, 59, 60, 61, 62, 63, 64, 65, 66, 67, 68, 69, 70, 71, 72, 73, 74, 75, 76, 77, 78, 79, 80, 81, 82, 83, 84, 85, 86, 87, 88, 89, 90, 91, 92, 93, 94, 95, 96, 97, 98, 99, 100, 101, 102, 103, 104, 105, 106, 107, 108, 109, 110, 111, 112, 113, 114, 115, 116, 117, 119, 120, 121, 122, 123]

--- Генерація вершинного покриття (зі списку суміжності) ---
Знайдене максимальне парування (M): {(4, 49), (0, 30), (28, 116), (35, 97), (88, 106), (96, 113), (2, 39), (76, 119), (14, 74), (45, 83), (25, 123), (13, 66), (103, 124), (3, 47), (10, 24), (22, 65), (50, 109), (36, 55), (64, 71), (34, 73), (42, 56), (58, 70), (9, 59), (68, 102), (48, 93), (29, 37), (31, 92), (18, 40), (89, 91), (6, 41), (86, 95), (21, 54), (7, 61), (87, 118), (85, 105), (27, 51), (52, 108), (53, 79), (63, 81), (16, 94), (72, 80), (8, 114), (23, 78), (32, 111), (67, 84), (44, 110), (12, 26), (90, 107), (5, 17), (33, 122), (77, 100), (38, 115), (82, 121), (11, 15), (20, 57), (60, 99), (62, 69)}
Згенероване вершинне покриття (C): [0, 2, 3, 4, 5, 6, 7, 8, 9, 10, 11, 12, 13, 14, 15, 16, 17, 18, 20, 21, 22, 23, 24, 25, 26, 27, 28, 29, 30, 31, 32, 33, 34, 35, 36, 37, 38, 39, 40, 41, 42, 44, 45, 47, 48, 49, 50, 51, 52, 53, 54, 55, 56, 57, 58, 59, 60, 61, 62, 63, 64, 65, 66, 67, 68, 69, 70, 71, 72, 73, 74, 76, 77, 78, 79, 80, 81, 82, 83, 84, 85, 86, 87, 88, 89, 90, 91, 92, 93, 94, 95, 96, 97, 99, 100, 102, 103, 105, 106, 107, 108, 109, 110, 111, 113, 114, 115, 116, 118, 119, 121, 122, 123, 124]

--- Генерація вершинного покриття (зі списку суміжності) ---
Знайдене максимальне парування (M): {(7, 72), (91, 108), (6, 15), (30, 46), (50, 116), (96, 119), (5, 62), (51, 59), (21, 31), (18, 102), (78, 92), (63, 110), (56, 98), (36, 95), (0, 23), (73, 120), (24, 69), (2, 79), (75, 93), (35, 81), (25, 28), (76, 94), (32, 100), (29, 89), (85, 109), (8, 112), (52, 115), (41, 118), (11, 88), (44, 68), (39, 47), (103, 117), (71, 122), (84, 113), (55, 101), (42, 83), (12, 106), (77, 104), (14, 45), (57, 80), (65, 87), (37, 111), (38, 82), (53, 64), (27, 54), (70, 123), (22, 67), (16, 97), (4, 10), (33, 61), (58, 90), (1, 13), (3, 99), (49, 124), (40, 121), (17, 34), (74, 86), (60, 105), (20, 66)}
Згенероване вершинне покриття (C): [0, 1, 2, 3, 4, 5, 6, 7, 8, 10, 11, 12, 13, 14, 15, 16, 17, 18, 20, 21, 22, 23, 24, 25, 27, 28, 29, 30, 31, 32, 33, 34, 35, 36, 37, 38, 39, 40, 41, 42, 44, 45, 46, 47, 49, 50, 51, 52, 53, 54, 55, 56, 57, 58, 59, 60, 61, 62, 63, 64, 65, 66, 67, 68, 69, 70, 71, 72, 73, 74, 75, 76, 77, 78, 79, 80, 81, 82, 83, 84, 85, 86, 87, 88, 89, 90, 91, 92, 93, 94, 95, 96, 97, 98, 99, 100, 101, 102, 103, 104, 105, 106, 108, 109, 110, 111, 112, 113, 115, 116, 117, 118, 119, 120, 121, 122, 123, 124]

--- Генерація вершинного покриття (зі списку суміжності) ---
Знайдене максимальне парування (M): {(10, 34), (43, 49), (58, 74), (8, 9), (24, 57), (15, 54), (75, 78), (84, 117), (91, 99), (31, 56), (6, 63), (60, 98), (23, 52), (40, 68), (67, 113), (28, 39), (44, 96), (14, 116), (92, 118), (19, 48), (62, 83), (30, 115), (1, 97), (21, 85), (35, 108), (69, 79), (50, 124), (5, 73), (71, 110), (17, 87), (25, 64), (72, 111), (103, 114), (11, 13), (20, 55), (36, 45), (33, 86), (27, 109), (89, 121), (42, 107), (65, 105), (16, 94), (76, 102), (0, 46), (26, 95), (77, 82), (81, 104), (18, 106), (66, 119), (12, 93), (38, 112), (7, 51), (22, 100), (122, 123), (2, 70), (41, 101)}
Згенероване вершинне покриття (C): [0, 1, 2, 5, 6, 7, 8, 9, 10, 11, 12, 13, 14, 15, 16, 17, 18, 19, 20, 21, 22, 23, 24, 25, 26, 27, 28, 30, 31, 33, 34, 35, 36, 38, 39, 40, 41, 42, 43, 44, 45, 46, 48, 49, 50, 51, 52, 54, 55, 56, 57, 58, 60, 62, 63, 64, 65, 66, 67, 68, 69, 70, 71, 72, 73, 74, 75, 76, 77, 78, 79, 81, 82, 83, 84, 85, 86, 87, 89, 91, 92, 93, 94, 95, 96, 97, 98, 99, 100, 101, 102, 103, 104, 105, 106, 107, 108, 109, 110, 111, 112, 113, 114, 115, 116, 117, 118, 119, 121, 122, 123, 124]

--- Генерація вершинного покриття (зі списку суміжності) ---
Знайдене максимальне парування (M): {(27, 105), (8, 43), (18, 23), (85, 110), (82, 87), (118, 119), (41, 116), (15, 103), (42, 121), (54, 92), (69, 74), (86, 90), (3, 19), (33, 66), (12, 37), (14, 28), (100, 101), (5, 31), (4, 39), (16, 65), (46, 84), (76, 94), (10, 91), (60, 107), (2, 99), (35, 102), (58, 73), (49, 104), (44, 120), (32, 63), (11, 68), (45, 56), (57, 62), (0, 80), (40, 122), (53, 55), (6, 7), (1, 96), (22, 70), (17, 108), (61, 117), (38, 97), (34, 78), (72, 98), (52, 123), (29, 36), (25, 48), (21, 93), (71, 115), (51, 75), (24, 64), (59, 95), (30, 89), (106, 124), (67, 111), (77, 109), (13, 79), (47, 50)}
Згенероване вершинне покриття (C): [0, 1, 2, 3, 4, 5, 6, 7, 8, 10, 11, 12, 13, 14, 15, 16, 17, 18, 19, 21, 22, 23, 24, 25, 27, 28, 29, 30, 31, 32, 33, 34, 35, 36, 37, 38, 39, 40, 41, 42, 43, 44, 45, 46, 47, 48, 49, 50, 51, 52, 53, 54, 55, 56, 57, 58, 59, 60, 61, 62, 63, 64, 65, 66, 67, 68, 69, 70, 71, 72, 73, 74, 75, 76, 77, 78, 79, 80, 82, 84, 85, 86, 87, 89, 90, 91, 92, 93, 94, 95, 96, 97, 98, 99, 100, 101, 102, 103, 104, 105, 106, 107, 108, 109, 110, 111, 115, 116, 117, 118, 119, 120, 121, 122, 123, 124]

--- Генерація вершинного покриття (зі списку суміжності) ---
Знайдене максимальне парування (M): {(60, 108), (16, 81), (61, 110), (51, 53), (8, 107), (41, 116), (12, 19), (27, 62), (91, 102), (33, 118), (72, 100), (73, 93), (28, 76), (21, 40), (6, 45), (39, 106), (57, 112), (44, 69), (80, 92), (7, 117), (1, 18), (10, 94), (24, 35), (14, 122), (50, 121), (65, 115), (38, 98), (77, 86), (25, 49), (9, 74), (15, 120), (17, 87), (54, 103), (37, 99), (43, 78), (48, 68), (59, 96), (23, 109), (29, 64), (22, 58), (20, 119), (75, 95), (13, 83), (71, 82), (0, 34), (4, 56), (36, 124), (2, 52), (84, 97), (46, 55), (47, 90), (11, 70), (63, 114), (42, 79), (67, 105), (32, 89), (3, 111), (31, 66)}
Згенероване вершинне покриття (C): [0, 1, 2, 3, 4, 6, 7, 8, 9, 10, 11, 12, 13, 14, 15, 16, 17, 18, 19, 20, 21, 22, 23, 24, 25, 27, 28, 29, 31, 32, 33, 34, 35, 36, 37, 38, 39, 40, 41, 42, 43, 44, 45, 46, 47, 48, 49, 50, 51, 52, 53, 54, 55, 56, 57, 58, 59, 60, 61, 62, 63, 64, 65, 66, 67, 68, 69, 70, 71, 72, 73, 74, 75, 76, 77, 78, 79, 80, 81, 82, 83, 84, 86, 87, 89, 90, 91, 92, 93, 94, 95, 96, 97, 98, 99, 100, 102, 103, 105, 106, 107, 108, 109, 110, 111, 112, 114, 115, 116, 117, 118, 119, 120, 121, 122, 124]

--- Генерація вершинного покриття (зі списку суміжності) ---
Знайдене максимальне парування (M): {(54, 65), (61, 113), (98, 101), (10, 43), (81, 88), (16, 99), (5, 77), (58, 80), (9, 69), (40, 102), (3, 22), (33, 63), (60, 86), (25, 120), (56, 110), (26, 66), (50, 91), (85, 103), (70, 118), (30, 106), (90, 96), (27, 116), (92, 107), (6, 87), (23, 82), (42, 62), (121, 123), (114, 117), (19, 72), (52, 84), (36, 39), (1, 124), (49, 119), (13, 74), (44, 89), (100, 115), (75, 95), (31, 64), (7, 15), (73, 76), (41, 47), (11, 24), (37, 68), (71, 94), (32, 105), (59, 83), (46, 122), (38, 51), (29, 48), (17, 28), (14, 93), (0, 21), (2, 18), (4, 104), (45, 111), (55, 109), (35, 79), (8, 34)}
Згенероване вершинне покриття (C): [0, 1, 2, 3, 4, 5, 6, 7, 8, 9, 10, 11, 13, 14, 15, 16, 17, 18, 19, 21, 22, 23, 24, 25, 26, 27, 28, 29, 30, 31, 32, 33, 34, 35, 36, 37, 38, 39, 40, 41, 42, 43, 44, 45, 46, 47, 48, 49, 50, 51, 52, 54, 55, 56, 58, 59, 60, 61, 62, 63, 64, 65, 66, 68, 69, 70, 71, 72, 73, 74, 75, 76, 77, 79, 80, 81, 82, 83, 84, 85, 86, 87, 88, 89, 90, 91, 92, 93, 94, 95, 96, 98, 99, 100, 101, 102, 103, 104, 105, 106, 107, 109, 110, 111, 113, 114, 115, 116, 117, 118, 119, 120, 121, 122, 123, 124]

--- Генерація вершинного покриття (зі списку суміжності) ---
Знайдене максимальне парування (M): {(91, 111), (28, 113), (45, 123), (73, 78), (0, 106), (98, 107), (54, 80), (27, 120), (16, 90), (49, 99), (41, 122), (87, 92), (7, 96), (2, 115), (31, 44), (66, 124), (5, 19), (60, 83), (40, 56), (71, 117), (21, 52), (6, 118), (46, 69), (8, 88), (13, 23), (9, 32), (22, 114), (50, 100), (70, 109), (65, 94), (74, 103), (24, 29), (51, 104), (1, 33), (15, 20), (82, 86), (11, 105), (101, 102), (36, 79), (4, 84), (34, 97), (39, 59), (42, 89), (64, 119), (14, 48), (55, 116), (62, 67), (63, 75), (43, 93), (10, 38), (17, 108), (68, 95), (35, 110), (77, 85), (58, 81), (18, 57), (53, 112), (3, 47), (25, 26)}
Згенероване вершинне покриття (C): [0, 1, 2, 3, 4, 5, 6, 7, 8, 9, 10, 11, 13, 14, 15, 16, 17, 18, 19, 20, 21, 22, 23, 24, 25, 26, 27, 28, 29, 31, 32, 33, 34, 35, 36, 38, 39, 40, 41, 42, 43, 44, 45, 46, 47, 48, 49, 50, 51, 52, 53, 54, 55, 56, 57, 58, 59, 60, 62, 63, 64, 65, 66, 67, 68, 69, 70, 71, 73, 74, 75, 77, 78, 79, 80, 81, 82, 83, 84, 85, 86, 87, 88, 89, 90, 91, 92, 93, 94, 95, 96, 97, 98, 99, 100, 101, 102, 103, 104, 105, 106, 107, 108, 109, 110, 111, 112, 113, 114, 115, 116, 117, 118, 119, 120, 122, 123, 124]

--- Генерація вершинного покриття (зі списку суміжності) ---
Знайдене максимальне парування (M): {(64, 75), (44, 51), (16, 93), (32, 49), (30, 55), (27, 59), (56, 83), (5, 77), (50, 73), (21, 89), (33, 60), (67, 92), (115, 117), (35, 85), (39, 54), (78, 110), (36, 104), (1, 76), (3, 52), (20, 68), (0, 38), (102, 116), (42, 111), (25, 40), (70, 121), (82, 101), (48, 99), (6, 29), (66, 114), (9, 65), (43, 72), (13, 123), (24, 62), (87, 106), (45, 103), (18, 61), (100, 112), (23, 109), (37, 47), (4, 108), (22, 122), (8, 96), (74, 105), (57, 86), (71, 79), (58, 63), (17, 53), (46, 98), (88, 107), (118, 120), (12, 81), (84, 97), (69, 90), (41, 80), (15, 119), (113, 124), (11, 94), (19, 34), (10, 31)}
Згенероване вершинне покриття (C): [0, 1, 3, 4, 5, 6, 8, 9, 10, 11, 12, 13, 15, 16, 17, 18, 19, 20, 21, 22, 23, 24, 25, 27, 29, 30, 31, 32, 33, 34, 35, 36, 37, 38, 39, 40, 41, 42, 43, 44, 45, 46, 47, 48, 49, 50, 51, 52, 53, 54, 55, 56, 57, 58, 59, 60, 61, 62, 63, 64, 65, 66, 67, 68, 69, 70, 71, 72, 73, 74, 75, 76, 77, 78, 79, 80, 81, 82, 83, 84, 85, 86, 87, 88, 89, 90, 92, 93, 94, 96, 97, 98, 99, 100, 101, 102, 103, 104, 105, 106, 107, 108, 109, 110, 111, 112, 113, 114, 115, 116, 117, 118, 119, 120, 121, 122, 123, 124]

--- Генерація вершинного покриття (зі списку суміжності) ---
Знайдене максимальне парування (M): {(6, 15), (75, 103), (45, 77), (23, 80), (60, 123), (0, 82), (108, 121), (52, 70), (49, 111), (2, 124), (8, 85), (42, 90), (10, 79), (58, 104), (54, 64), (33, 35), (94, 100), (19, 36), (66, 93), (9, 44), (17, 51), (7, 22), (21, 76), (27, 116), (101, 105), (29, 31), (4, 72), (11, 120), (99, 114), (55, 89), (37, 81), (18, 98), (32, 63), (113, 122), (40, 46), (43, 69), (56, 106), (71, 73), (20, 119), (47, 109), (13, 86), (5, 115), (28, 62), (1, 41), (26, 34), (67, 84), (39, 92), (12, 87), (48, 110), (25, 57), (61, 74), (78, 96), (59, 95), (3, 38), (117, 118), (65, 83), (14, 50)}
Згенероване вершинне покриття (C): [0, 1, 2, 3, 4, 5, 6, 7, 8, 9, 10, 11, 12, 13, 14, 15, 17, 18, 19, 20, 21, 22, 23, 25, 26, 27, 28, 29, 31, 32, 33, 34, 35, 36, 37, 38, 39, 40, 41, 42, 43, 44, 45, 46, 47, 48, 49, 50, 51, 52, 54, 55, 56, 57, 58, 59, 60, 61, 62, 63, 64, 65, 66, 67, 69, 70, 71, 72, 73, 74, 75, 76, 77, 78, 79, 80, 81, 82, 83, 84, 85, 86, 87, 89, 90, 92, 93, 94, 95, 96, 98, 99, 100, 101, 103, 104, 105, 106, 108, 109, 110, 111, 113, 114, 115, 116, 117, 118, 119, 120, 121, 122, 123, 124]

--- Генерація вершинного покриття (зі списку суміжності) ---
Знайдене максимальне парування (M): {(55, 124), (25, 90), (0, 97), (20, 75), (37, 64), (7, 29), (73, 93), (5, 77), (50, 67), (38, 105), (46, 57), (1, 119), (15, 112), (8, 21), (44, 72), (41, 85), (53, 117), (95, 120), (27, 31), (40, 68), (63, 122), (102, 104), (16, 83), (13, 99), (6, 87), (45, 76), (116, 121), (62, 92), (18, 34), (17, 69), (79, 111), (32, 118), (82, 107), (2, 4), (80, 91), (43, 66), (3, 33), (47, 94), (22, 49), (9, 86), (14, 39), (60, 103), (36, 109), (24, 89), (10, 35), (42, 113), (30, 123), (78, 81), (98, 114), (23, 84), (28, 74), (61, 71), (26, 52), (54, 96), (48, 70), (58, 108), (11, 88), (110, 115), (12, 59)}
Згенероване вершинне покриття (C): [0, 1, 2, 3, 4, 5, 6, 7, 8, 9, 10, 11, 12, 13, 14, 15, 16, 17, 18, 20, 21, 22, 23, 24, 25, 26, 27, 28, 29, 30, 31, 32, 33, 34, 35, 36, 37, 38, 39, 40, 41, 42, 43, 44, 45, 46, 47, 48, 49, 50, 52, 53, 54, 55, 57, 58, 59, 60, 61, 62, 63, 64, 66, 67, 68, 69, 70, 71, 72, 73, 74, 75, 76, 77, 78, 79, 80, 81, 82, 83, 84, 85, 86, 87, 88, 89, 90, 91, 92, 93, 94, 95, 96, 97, 98, 99, 102, 103, 104, 105, 107, 108, 109, 110, 111, 112, 113, 114, 115, 116, 117, 118, 119, 120, 121, 122, 123, 124]

--- Генерація вершинного покриття (зі списку суміжності) ---
Знайдене максимальне парування (M): {(73, 75), (7, 17), (35, 94), (99, 106), (6, 88), (43, 52), (20, 32), (27, 68), (14, 80), (61, 67), (11, 112), (10, 70), (0, 124), (49, 114), (56, 110), (13, 23), (86, 120), (93, 104), (62, 74), (82, 83), (2, 96), (9, 117), (71, 101), (24, 105), (1, 115), (15, 108), (51, 64), (77, 89), (59, 78), (47, 85), (3, 30), (58, 91), (34, 42), (31, 46), (87, 118), (38, 79), (5, 54), (37, 123), (28, 53), (57, 95), (8, 50), (76, 102), (63, 84), (25, 45), (4, 65), (44, 116), (36, 72), (21, 29), (26, 107), (22, 97), (113, 121), (81, 122), (48, 119), (41, 92), (100, 111), (55, 60), (19, 40)}
Згенероване вершинне покриття (C): [0, 1, 2, 3, 4, 5, 6, 7, 8, 9, 10, 11, 13, 14, 15, 17, 19, 20, 21, 22, 23, 24, 25, 26, 27, 28, 29, 30, 31, 32, 34, 35, 36, 37, 38, 40, 41, 42, 43, 44, 45, 46, 47, 48, 49, 50, 51, 52, 53, 54, 55, 56, 57, 58, 59, 60, 61, 62, 63, 64, 65, 67, 68, 70, 71, 72, 73, 74, 75, 76, 77, 78, 79, 80, 81, 82, 83, 84, 85, 86, 87, 88, 89, 91, 92, 93, 94, 95, 96, 97, 99, 100, 101, 102, 104, 105, 106, 107, 108, 110, 111, 112, 113, 114, 115, 116, 117, 118, 119, 120, 121, 122, 123, 124]

--- Генерація вершинного покриття (зі списку суміжності) ---
Знайдене максимальне парування (M): {(18, 78), (16, 26), (30, 104), (4, 58), (83, 116), (29, 84), (25, 41), (17, 64), (44, 112), (10, 61), (0, 63), (38, 53), (31, 47), (86, 102), (32, 73), (24, 69), (14, 34), (48, 121), (27, 37), (76, 91), (111, 122), (13, 99), (81, 90), (28, 66), (12, 79), (11, 59), (62, 95), (43, 118), (6, 108), (9, 68), (3, 94), (54, 103), (72, 117), (19, 87), (60, 88), (36, 42), (89, 109), (55, 113), (15, 74), (5, 45), (110, 119), (56, 57), (21, 75), (40, 85), (7, 33), (52, 120), (46, 49), (71, 106), (107, 123), (97, 100), (50, 80), (1, 65), (23, 93), (70, 101), (20, 115), (8, 92), (35, 82), (51, 96)}
Згенероване вершинне покриття (C): [0, 1, 3, 4, 5, 6, 7, 8, 9, 10, 11, 12, 13, 14, 15, 16, 17, 18, 19, 20, 21, 23, 24, 25, 26, 27, 28, 29, 30, 31, 32, 33, 34, 35, 36, 37, 38, 40, 41, 42, 43, 44, 45, 46, 47, 48, 49, 50, 51, 52, 53, 54, 55, 56, 57, 58, 59, 60, 61, 62, 63, 64, 65, 66, 68, 69, 70, 71, 72, 73, 74, 75, 76, 78, 79, 80, 81, 82, 83, 84, 85, 86, 87, 88, 89, 90, 91, 92, 93, 94, 95, 96, 97, 99, 100, 101, 102, 103, 104, 106, 107, 108, 109, 110, 111, 112, 113, 115, 116, 117, 118, 119, 120, 121, 122, 123]

--- Генерація вершинного покриття (зі списку суміжності) ---
Знайдене максимальне парування (M): {(1, 28), (58, 123), (12, 80), (2, 45), (69, 71), (11, 51), (54, 86), (6, 103), (31, 35), (37, 88), (10, 73), (100, 101), (75, 87), (49, 68), (84, 121), (29, 65), (50, 106), (91, 107), (72, 81), (9, 105), (25, 104), (4, 14), (30, 60), (40, 95), (7, 98), (33, 62), (0, 120), (36, 94), (22, 46), (38, 122), (44, 83), (109, 112), (5, 42), (17, 96), (53, 61), (77, 113), (48, 74), (47, 115), (110, 116), (21, 63), (70, 114), (18, 82), (52, 99), (19, 102), (15, 92), (24, 43), (76, 111), (8, 59), (27, 124), (56, 90), (16, 118), (78, 93), (55, 97), (57, 64), (3, 32), (23, 41), (34, 108), (26, 67), (66, 85)}
Згенероване вершинне покриття (C): [0, 1, 2, 3, 4, 5, 6, 7, 8, 9, 10, 11, 12, 14, 15, 16, 17, 18, 19, 21, 22, 23, 24, 25, 26, 27, 28, 29, 30, 31, 32, 33, 34, 35, 36, 37, 38, 40, 41, 42, 43, 44, 45, 46, 47, 48, 49, 50, 51, 52, 53, 54, 55, 56, 57, 58, 59, 60, 61, 62, 63, 64, 65, 66, 67, 68, 69, 70, 71, 72, 73, 74, 75, 76, 77, 78, 80, 81, 82, 83, 84, 85, 86, 87, 88, 90, 91, 92, 93, 94, 95, 96, 97, 98, 99, 100, 101, 102, 103, 104, 105, 106, 107, 108, 109, 110, 111, 112, 113, 114, 115, 116, 118, 120, 121, 122, 123, 124]

--- Генерація вершинного покриття (зі списку суміжності) ---
Знайдене максимальне парування (M): {(35, 88), (40, 66), (17, 116), (90, 97), (64, 81), (79, 106), (63, 89), (6, 39), (7, 32), (101, 112), (113, 120), (54, 104), (41, 76), (1, 3), (38, 117), (87, 98), (15, 60), (13, 14), (20, 114), (4, 103), (9, 99), (80, 107), (119, 123), (59, 118), (52, 100), (19, 51), (34, 58), (105, 124), (72, 93), (68, 102), (24, 47), (49, 95), (78, 91), (65, 121), (22, 31), (62, 110), (48, 56), (43, 75), (25, 67), (33, 74), (5, 94), (2, 77), (0, 92), (29, 82), (23, 69), (18, 85), (42, 55), (10, 50), (16, 45), (11, 122), (36, 96), (84, 115), (21, 111), (61, 86), (57, 70), (8, 28), (26, 73), (30, 37), (12, 53)}
Згенероване вершинне покриття (C): [0, 1, 2, 3, 4, 5, 6, 7, 8, 9, 10, 11, 12, 13, 14, 15, 16, 17, 18, 19, 20, 21, 22, 23, 24, 25, 26, 28, 29, 30, 31, 32, 33, 34, 35, 36, 37, 38, 39, 40, 41, 42, 43, 45, 47, 48, 49, 50, 51, 52, 53, 54, 55, 56, 57, 58, 59, 60, 61, 62, 63, 64, 65, 66, 67, 68, 69, 70, 72, 73, 74, 75, 76, 77, 78, 79, 80, 81, 82, 84, 85, 86, 87, 88, 89, 90, 91, 92, 93, 94, 95, 96, 97, 98, 99, 100, 101, 102, 103, 104, 105, 106, 107, 110, 111, 112, 113, 114, 115, 116, 117, 118, 119, 120, 121, 122, 123, 124]

--- Генерація вершинного покриття (зі списку суміжності) ---
Знайдене максимальне парування (M): {(3, 114), (4, 55), (6, 82), (67, 77), (33, 54), (17, 122), (39, 94), (8, 58), (14, 74), (18, 41), (20, 99), (29, 56), (16, 123), (5, 34), (26, 72), (89, 116), (36, 46), (110, 117), (28, 118), (79, 105), (24, 102), (10, 109), (13, 47), (86, 98), (97, 101), (48, 120), (15, 68), (40, 61), (95, 119), (92, 111), (32, 90), (21, 63), (42, 104), (60, 100), (69, 115), (22, 70), (7, 12), (0, 107), (35, 43), (53, 85), (2, 113), (45, 81), (51, 121), (37, 80), (50, 71), (19, 65), (78, 87), (1, 59), (64, 103), (84, 106), (44, 73), (23, 38), (62, 112), (52, 83), (49, 124), (27, 93), (30, 31), (11, 88)}
Згенероване вершинне покриття (C): [0, 1, 2, 3, 4, 5, 6, 7, 8, 10, 11, 12, 13, 14, 15, 16, 17, 18, 19, 20, 21, 22, 23, 24, 26, 27, 28, 29, 30, 31, 32, 33, 34, 35, 36, 37, 38, 39, 40, 41, 42, 43, 44, 45, 46, 47, 48, 49, 50, 51, 52, 53, 54, 55, 56, 58, 59, 60, 61, 62, 63, 64, 65, 67, 68, 69, 70, 71, 72, 73, 74, 77, 78, 79, 80, 81, 82, 83, 84, 85, 86, 87, 88, 89, 90, 92, 93, 94, 95, 97, 98, 99, 100, 101, 102, 103, 104, 105, 106, 107, 109, 110, 111, 112, 113, 114, 115, 116, 117, 118, 119, 120, 121, 122, 123, 124]

--- Генерація вершинного покриття (зі списку суміжності) ---
Знайдене максимальне парування (M): {(49, 81), (52, 104), (16, 29), (74, 107), (51, 56), (26, 36), (20, 87), (62, 96), (58, 77), (69, 71), (33, 57), (6, 103), (90, 100), (3, 83), (22, 23), (10, 67), (43, 73), (93, 101), (35, 102), (24, 105), (61, 75), (8, 124), (0, 120), (47, 91), (60, 82), (38, 116), (1, 78), (31, 122), (72, 123), (45, 118), (50, 108), (15, 80), (7, 70), (25, 27), (13, 37), (44, 98), (48, 92), (41, 114), (19, 117), (2, 46), (28, 65), (84, 97), (11, 119), (5, 14), (21, 32), (59, 89), (86, 94), (12, 99), (39, 113), (4, 34), (42, 79), (64, 109), (55, 106), (18, 63), (40, 121), (54, 111), (30, 95), (66, 88), (68, 85)}
Згенероване вершинне покриття (C): [0, 1, 2, 3, 4, 5, 6, 7, 8, 10, 11, 12, 13, 14, 15, 16, 18, 19, 20, 21, 22, 23, 24, 25, 26, 27, 28, 29, 30, 31, 32, 33, 34, 35, 36, 37, 38, 39, 40, 41, 42, 43, 44, 45, 46, 47, 48, 49, 50, 51, 52, 54, 55, 56, 57, 58, 59, 60, 61, 62, 63, 64, 65, 66, 67, 68, 69, 70, 71, 72, 73, 74, 75, 77, 78, 79, 80, 81, 82, 83, 84, 85, 86, 87, 88, 89, 90, 91, 92, 93, 94, 95, 96, 97, 98, 99, 100, 101, 102, 103, 104, 105, 106, 107, 108, 109, 111, 113, 114, 116, 117, 118, 119, 120, 121, 122, 123, 124]

--- Генерація вершинного покриття (зі списку суміжності) ---
Знайдене максимальне парування (M): {(9, 45), (47, 53), (85, 104), (33, 36), (60, 114), (35, 106), (11, 118), (0, 57), (76, 116), (56, 89), (32, 119), (22, 44), (109, 113), (92, 100), (2, 23), (27, 34), (26, 72), (13, 90), (15, 87), (64, 71), (14, 58), (42, 50), (19, 54), (84, 86), (29, 37), (49, 98), (25, 75), (103, 105), (52, 66), (3, 70), (16, 46), (43, 69), (79, 123), (59, 99), (1, 20), (68, 74), (55, 107), (28, 96), (39, 62), (61, 102), (110, 122), (5, 48), (8, 41), (93, 115), (10, 108), (31, 82), (38, 97), (73, 88), (67, 78), (81, 101), (40, 91), (7, 112), (65, 77), (30, 83), (17, 95), (18, 124), (111, 117), (12, 120)}
Згенероване вершинне покриття (C): [0, 1, 2, 3, 5, 7, 8, 9, 10, 11, 12, 13, 14, 15, 16, 17, 18, 19, 20, 22, 23, 25, 26, 27, 28, 29, 30, 31, 32, 33, 34, 35, 36, 37, 38, 39, 40, 41, 42, 43, 44, 45, 46, 47, 48, 49, 50, 52, 53, 54, 55, 56, 57, 58, 59, 60, 61, 62, 64, 65, 66, 67, 68, 69, 70, 71, 72, 73, 74, 75, 76, 77, 78, 79, 81, 82, 83, 84, 85, 86, 87, 88, 89, 90, 91, 92, 93, 95, 96, 97, 98, 99, 100, 101, 102, 103, 104, 105, 106, 107, 108, 109, 110, 111, 112, 113, 114, 115, 116, 117, 118, 119, 120, 122, 123, 124]

--- Генерація вершинного покриття (зі списку суміжності) ---
Знайдене максимальне парування (M): {(1, 28), (16, 29), (25, 38), (76, 110), (51, 65), (58, 80), (39, 100), (103, 115), (57, 124), (36, 95), (10, 15), (9, 23), (8, 94), (75, 90), (86, 120), (93, 101), (68, 81), (27, 116), (83, 112), (48, 96), (47, 67), (30, 121), (70, 72), (33, 59), (11, 117), (3, 85), (18, 43), (56, 97), (54, 106), (40, 46), (6, 62), (4, 44), (22, 122), (17, 105), (2, 92), (34, 60), (20, 73), (66, 98), (0, 52), (41, 114), (79, 104), (19, 123), (24, 107), (12, 84), (26, 113), (35, 119), (74, 77), (87, 102), (13, 64), (5, 32), (21, 50), (42, 88), (31, 118), (37, 49), (69, 108), (7, 63), (14, 111), (71, 78)}
Згенероване вершинне покриття (C): [0, 1, 2, 3, 4, 5, 6, 7, 8, 9, 10, 11, 12, 13, 14, 15, 16, 17, 18, 19, 20, 21, 22, 23, 24, 25, 26, 27, 28, 29, 30, 31, 32, 33, 34, 35, 36, 37, 38, 39, 40, 41, 42, 43, 44, 46, 47, 48, 49, 50, 51, 52, 54, 56, 57, 58, 59, 60, 62, 63, 64, 65, 66, 67, 68, 69, 70, 71, 72, 73, 74, 75, 76, 77, 78, 79, 80, 81, 83, 84, 85, 86, 87, 88, 90, 92, 93, 94, 95, 96, 97, 98, 100, 101, 102, 103, 104, 105, 106, 107, 108, 110, 111, 112, 113, 114, 115, 116, 117, 118, 119, 120, 121, 122, 123, 124]

--- Генерація вершинного покриття (зі списку суміжності) ---
Знайдене максимальне парування (M): {(75, 100), (11, 36), (50, 116), (68, 103), (30, 110), (35, 39), (29, 90), (33, 112), (18, 38), (9, 124), (1, 52), (4, 24), (40, 108), (66, 69), (26, 60), (27, 98), (45, 49), (12, 46), (59, 106), (54, 61), (80, 104), (86, 123), (79, 87), (67, 122), (42, 111), (25, 34), (31, 89), (14, 76), (99, 114), (78, 85), (84, 101), (28, 72), (6, 41), (55, 92), (73, 113), (77, 107), (13, 71), (91, 97), (22, 58), (94, 102), (47, 115), (3, 51), (70, 120), (81, 83), (16, 88), (19, 53), (44, 64), (23, 93), (10, 65), (62, 109), (5, 32), (48, 119), (82, 121), (7, 57), (63, 117), (2, 15), (21, 56), (8, 95)}
Згенероване вершинне покриття (C): [1, 2, 3, 4, 5, 6, 7, 8, 9, 10, 11, 12, 13, 14, 15, 16, 18, 19, 21, 22, 23, 24, 25, 26, 27, 28, 29, 30, 31, 32, 33, 34, 35, 36, 38, 39, 40, 41, 42, 44, 45, 46, 47, 48, 49, 50, 51, 52, 53, 54, 55, 56, 57, 58, 59, 60, 61, 62, 63, 64, 65, 66, 67, 68, 69, 70, 71, 72, 73, 75, 76, 77, 78, 79, 80, 81, 82, 83, 84, 85, 86, 87, 88, 89, 90, 91, 92, 93, 94, 95, 97, 98, 99, 100, 101, 102, 103, 104, 106, 107, 108, 109, 110, 111, 112, 113, 114, 115, 116, 117, 119, 120, 121, 122, 123, 124]

--- Генерація вершинного покриття (зі списку суміжності) ---
Знайдене максимальне парування (M): {(80, 117), (17, 113), (0, 94), (88, 103), (58, 65), (44, 51), (19, 116), (43, 107), (108, 118), (41, 55), (4, 70), (72, 100), (31, 90), (35, 115), (54, 101), (20, 38), (64, 102), (109, 110), (46, 124), (71, 123), (29, 120), (57, 75), (39, 63), (67, 104), (40, 62), (10, 24), (87, 122), (27, 95), (9, 93), (47, 52), (36, 61), (69, 73), (11, 53), (34, 79), (56, 85), (5, 99), (32, 121), (28, 81), (3, 91), (42, 86), (76, 84), (33, 89), (15, 16), (74, 96), (37, 105), (23, 66), (6, 83), (25, 106), (26, 98), (7, 97), (48, 49), (112, 119), (59, 77), (30, 92), (21, 68), (111, 114)}
Згенероване вершинне покриття (C): [0, 3, 4, 5, 6, 7, 9, 10, 11, 15, 16, 17, 19, 20, 21, 23, 24, 25, 26, 27, 28, 29, 30, 31, 32, 33, 34, 35, 36, 37, 38, 39, 40, 41, 42, 43, 44, 46, 47, 48, 49, 51, 52, 53, 54, 55, 56, 57, 58, 59, 61, 62, 63, 64, 65, 66, 67, 68, 69, 70, 71, 72, 73, 74, 75, 76, 77, 79, 80, 81, 83, 84, 85, 86, 87, 88, 89, 90, 91, 92, 93, 94, 95, 96, 97, 98, 99, 100, 101, 102, 103, 104, 105, 106, 107, 108, 109, 110, 111, 112, 113, 114, 115, 116, 117, 118, 119, 120, 121, 122, 123, 124]

--- Генерація вершинного покриття (зі списку суміжності) ---
Знайдене максимальне парування (M): {(81, 91), (63, 83), (24, 97), (11, 106), (42, 112), (15, 103), (75, 124), (7, 41), (26, 48), (62, 108), (61, 82), (35, 121), (6, 45), (34, 101), (2, 5), (31, 47), (38, 65), (21, 73), (18, 19), (9, 50), (40, 89), (58, 70), (28, 66), (99, 117), (98, 115), (87, 88), (84, 104), (78, 94), (54, 109), (55, 110), (22, 113), (20, 122), (85, 90), (52, 93), (56, 118), (25, 33), (53, 67), (92, 120), (8, 111), (68, 95), (4, 71), (43, 105), (16, 36), (1, 102), (27, 60), (79, 107), (96, 123), (32, 59), (17, 74), (23, 29), (0, 64), (51, 69), (57, 119), (86, 100), (10, 77), (39, 116), (13, 76), (37, 46)}
Згенероване вершинне покриття (C): [0, 1, 2, 4, 5, 6, 7, 8, 9, 10, 11, 13, 15, 16, 17, 18, 19, 20, 21, 22, 23, 24, 25, 26, 27, 28, 29, 31, 32, 33, 34, 35, 36, 37, 38, 39, 40, 41, 42, 43, 45, 46, 47, 48, 50, 51, 52, 53, 54, 55, 56, 57, 58, 59, 60, 61, 62, 63, 64, 65, 66, 67, 68, 69, 70, 71, 73, 74, 75, 76, 77, 78, 79, 81, 82, 83, 84, 85, 86, 87, 88, 89, 90, 91, 92, 93, 94, 95, 96, 97, 98, 99, 100, 101, 102, 103, 104, 105, 106, 107, 108, 109, 110, 111, 112, 113, 115, 116, 117, 118, 119, 120, 121, 122, 123, 124]

--- Генерація вершинного покриття (зі списку суміжності) ---
Знайдене максимальне парування (M): {(9, 100), (53, 66), (30, 98), (10, 34), (2, 33), (13, 94), (61, 64), (20, 26), (38, 102), (16, 111), (1, 119), (56, 95), (83, 91), (77, 99), (42, 81), (39, 124), (114, 121), (22, 105), (45, 107), (7, 71), (47, 52), (5, 116), (19, 48), (11, 50), (12, 15), (84, 92), (37, 72), (43, 112), (49, 104), (36, 82), (69, 76), (60, 79), (106, 110), (46, 117), (62, 113), (58, 103), (14, 108), (18, 73), (23, 63), (0, 31), (35, 86), (70, 120), (6, 74), (93, 109), (25, 97), (32, 41), (4, 65), (51, 54), (87, 90), (55, 85), (68, 122), (40, 115), (8, 80), (17, 28), (29, 118), (59, 101), (24, 67), (75, 88)}
Згенероване вершинне покриття (C): [0, 1, 2, 4, 5, 6, 7, 8, 9, 10, 11, 12, 13, 14, 15, 16, 17, 18, 19, 20, 22, 23, 24, 25, 26, 28, 29, 30, 31, 32, 33, 34, 35, 36, 37, 38, 39, 40, 41, 42, 43, 45, 46, 47, 48, 49, 50, 51, 52, 53, 54, 55, 56, 58, 59, 60, 61, 62, 63, 64, 65, 66, 67, 68, 69, 70, 71, 72, 73, 74, 75, 76, 77, 79, 80, 81, 82, 83, 84, 85, 86, 87, 88, 90, 91, 92, 93, 94, 95, 97, 98, 99, 100, 101, 102, 103, 104, 105, 106, 107, 108, 109, 110, 111, 112, 113, 114, 115, 116, 117, 118, 119, 120, 121, 122, 124]

--- Генерація вершинного покриття (зі списку суміжності) ---
Знайдене максимальне парування (M): {(62, 78), (69, 120), (49, 90), (34, 65), (11, 48), (20, 26), (24, 54), (12, 28), (121, 124), (15, 115), (61, 82), (27, 83), (81, 118), (10, 18), (92, 94), (16, 117), (52, 85), (1, 73), (77, 99), (23, 104), (17, 42), (100, 113), (93, 101), (14, 110), (37, 51), (50, 112), (2, 38), (44, 102), (80, 119), (88, 111), (43, 57), (60, 76), (4, 29), (36, 97), (72, 114), (5, 33), (7, 58), (6, 123), (13, 74), (8, 84), (63, 75), (46, 89), (53, 70), (25, 91), (30, 105), (0, 98), (41, 56), (59, 71), (9, 64), (19, 68), (67, 87), (79, 122), (95, 109), (39, 116), (55, 106), (22, 45), (3, 108), (32, 86), (31, 66)}
Згенероване вершинне покриття (C): [0, 1, 2, 3, 4, 5, 6, 7, 8, 9, 10, 11, 12, 13, 14, 15, 16, 17, 18, 19, 20, 22, 23, 24, 25, 26, 27, 28, 29, 30, 31, 32, 33, 34, 36, 37, 38, 39, 41, 42, 43, 44, 45, 46, 48, 49, 50, 51, 52, 53, 54, 55, 56, 57, 58, 59, 60, 61, 62, 63, 64, 65, 66, 67, 68, 69, 70, 71, 72, 73, 74, 75, 76, 77, 78, 79, 80, 81, 82, 83, 84, 85, 86, 87, 88, 89, 90, 91, 92, 93, 94, 95, 97, 98, 99, 100, 101, 102, 104, 105, 106, 108, 109, 110, 111, 112, 113, 114, 115, 116, 117, 118, 119, 120, 121, 122, 123, 124]

Середній час виконання: 0.0001500654 секунд
