
--- Генерація вершинного покриття (зі списку суміжності) ---
Знайдене максимальне парування (M): {(23, 123), (72, 91), (26, 97), (29, 35), (44, 57), (8, 73), (90, 124), (12, 34), (36, 37), (41, 85), (63, 64), (38, 71), (77, 117), (50, 100), (55, 114), (69, 113), (21, 67), (58, 122), (4, 60), (16, 25), (27, 116), (74, 106), (83, 112), (42, 120), (52, 118), (68, 102), (3, 6), (40, 95), (62, 98), (49, 110), (28, 81), (80, 88), (22, 46), (11, 13), (2, 65), (89, 109), (92, 105), (17, 47), (31, 70), (19, 32), (18, 24), (33, 107), (9, 119), (10, 59), (78, 87), (1, 53), (51, 84), (14, 99), (56, 108), (93, 96), (45, 111), (20, 121), (7, 75), (48, 76)}
Згенероване вершинне покриття (C): [1, 2, 3, 4, 6, 7, 8, 9, 10, 11, 12, 13, 14, 16, 17, 18, 19, 20, 21, 22, 23, 24, 25, 26, 27, 28, 29, 31, 32, 33, 34, 35, 36, 37, 38, 40, 41, 42, 44, 45, 46, 47, 48, 49, 50, 51, 52, 53, 55, 56, 57, 58, 59, 60, 62, 63, 64, 65, 67, 68, 69, 70, 71, 72, 73, 74, 75, 76, 77, 78, 80, 81, 83, 84, 85, 87, 88, 89, 90, 91, 92, 93, 95, 96, 97, 98, 99, 100, 102, 105, 106, 107, 108, 109, 110, 111, 112, 113, 114, 116, 117, 118, 119, 120, 121, 122, 123, 124]

--- Генерація вершинного покриття (зі списку суміжності) ---
Знайдене максимальне парування (M): {(14, 59), (46, 94), (3, 4), (56, 71), (57, 103), (80, 123), (86, 87), (52, 119), (8, 9), (68, 118), (61, 76), (29, 47), (38, 120), (33, 75), (13, 66), (50, 97), (36, 110), (26, 72), (43, 88), (10, 91), (62, 74), (15, 90), (34, 73), (23, 79), (1, 115), (22, 28), (20, 37), (17, 78), (40, 104), (30, 101), (24, 117), (21, 48), (6, 53), (92, 93), (12, 45), (49, 67), (70, 102), (51, 100), (0, 95), (2, 25), (32, 44), (58, 69), (35, 107), (77, 82), (63, 99), (98, 114), (31, 39), (11, 64), (16, 106), (81, 113), (7, 54), (19, 83), (109, 111), (84, 124), (65, 89), (5, 108)}
Згенероване вершинне покриття (C): [0, 1, 2, 3, 4, 5, 6, 7, 8, 9, 10, 11, 12, 13, 14, 15, 16, 17, 19, 20, 21, 22, 23, 24, 25, 26, 28, 29, 30, 31, 32, 33, 34, 35, 36, 37, 38, 39, 40, 43, 44, 45, 46, 47, 48, 49, 50, 51, 52, 53, 54, 56, 57, 58, 59, 61, 62, 63, 64, 65, 66, 67, 68, 69, 70, 71, 72, 73, 74, 75, 76, 77, 78, 79, 80, 81, 82, 83, 84, 86, 87, 88, 89, 90, 91, 92, 93, 94, 95, 97, 98, 99, 100, 101, 102, 103, 104, 106, 107, 108, 109, 110, 111, 113, 114, 115, 117, 118, 119, 120, 123, 124]

--- Генерація вершинного покриття (зі списку суміжності) ---
Знайдене максимальне парування (M): {(74, 101), (11, 91), (92, 119), (68, 97), (72, 85), (43, 113), (99, 118), (27, 80), (26, 57), (31, 47), (3, 37), (8, 24), (115, 123), (49, 65), (39, 66), (29, 71), (9, 41), (23, 64), (19, 45), (59, 63), (73, 83), (18, 86), (12, 21), (15, 44), (51, 116), (103, 105), (42, 62), (40, 95), (78, 117), (13, 120), (61, 81), (50, 96), (17, 35), (14, 100), (32, 84), (7, 67), (38, 76), (22, 70), (53, 82), (33, 55), (48, 110), (4, 28), (46, 122), (2, 58), (25, 60), (104, 112), (75, 79), (5, 90), (54, 56), (77, 106), (1, 10), (34, 111), (16, 124), (69, 108), (20, 121)}
Згенероване вершинне покриття (C): [1, 2, 3, 4, 5, 7, 8, 9, 10, 11, 12, 13, 14, 15, 16, 17, 18, 19, 20, 21, 22, 23, 24, 25, 26, 27, 28, 29, 31, 32, 33, 34, 35, 37, 38, 39, 40, 41, 42, 43, 44, 45, 46, 47, 48, 49, 50, 51, 53, 54, 55, 56, 57, 58, 59, 60, 61, 62, 63, 64, 65, 66, 67, 68, 69, 70, 71, 72, 73, 74, 75, 76, 77, 78, 79, 80, 81, 82, 83, 84, 85, 86, 90, 91, 92, 95, 96, 97, 99, 100, 101, 103, 104, 105, 106, 108, 110, 111, 112, 113, 115, 116, 117, 118, 119, 120, 121, 122, 123, 124]

--- Генерація вершинного покриття (зі списку суміжності) ---
Знайдене максимальне парування (M): {(27, 53), (110, 118), (47, 123), (0, 48), (54, 77), (90, 100), (4, 70), (32, 113), (6, 94), (76, 116), (2, 112), (41, 73), (5, 25), (39, 109), (31, 108), (95, 117), (60, 89), (34, 104), (55, 120), (20, 71), (83, 115), (45, 64), (28, 51), (98, 106), (61, 121), (44, 111), (7, 37), (65, 124), (50, 78), (87, 97), (9, 92), (46, 80), (56, 114), (63, 69), (22, 122), (16, 24), (59, 68), (84, 85), (49, 91), (33, 107), (3, 8), (12, 81), (75, 119), (13, 52), (86, 88), (1, 62), (42, 79), (43, 74), (58, 99), (36, 102), (14, 105), (17, 101), (19, 40)}
Згенероване вершинне покриття (C): [0, 1, 2, 3, 4, 5, 6, 7, 8, 9, 12, 13, 14, 16, 17, 19, 20, 22, 24, 25, 27, 28, 31, 32, 33, 34, 36, 37, 39, 40, 41, 42, 43, 44, 45, 46, 47, 48, 49, 50, 51, 52, 53, 54, 55, 56, 58, 59, 60, 61, 62, 63, 64, 65, 68, 69, 70, 71, 73, 74, 75, 76, 77, 78, 79, 80, 81, 83, 84, 85, 86, 87, 88, 89, 90, 91, 92, 94, 95, 97, 98, 99, 100, 101, 102, 104, 105, 106, 107, 108, 109, 110, 111, 112, 113, 114, 115, 116, 117, 118, 119, 120, 121, 122, 123, 124]

--- Генерація вершинного покриття (зі списку суміжності) ---
Знайдене максимальне парування (M): {(15, 33), (22, 78), (61, 70), (41, 119), (63, 101), (52, 64), (46, 112), (4, 24), (104, 114), (30, 85), (23, 49), (103, 121), (3, 43), (95, 123), (57, 87), (32, 97), (79, 90), (51, 55), (26, 99), (58, 67), (2, 105), (59, 75), (20, 92), (1, 54), (71, 107), (14, 88), (13, 68), (42, 83), (77, 110), (25, 76), (56, 115), (12, 48), (6, 7), (50, 102), (69, 109), (21, 117), (39, 74), (62, 82), (108, 113), (81, 98), (40, 94), (29, 36), (47, 84), (38, 118), (66, 73), (86, 106), (65, 80), (19, 31), (18, 124), (16, 72), (11, 27), (8, 34)}
Згенероване вершинне покриття (C): [1, 2, 3, 4, 6, 7, 8, 11, 12, 13, 14, 15, 16, 18, 19, 20, 21, 22, 23, 24, 25, 26, 27, 29, 30, 31, 32, 33, 34, 36, 38, 39, 40, 41, 42, 43, 46, 47, 48, 49, 50, 51, 52, 54, 55, 56, 57, 58, 59, 61, 62, 63, 64, 65, 66, 67, 68, 69, 70, 71, 72, 73, 74, 75, 76, 77, 78, 79, 80, 81, 82, 83, 84, 85, 86, 87, 88, 90, 92, 94, 95, 97, 98, 99, 101, 102, 103, 104, 105, 106, 107, 108, 109, 110, 112, 113, 114, 115, 117, 118, 119, 121, 123, 124]

--- Генерація вершинного покриття (зі списку суміжності) ---
Знайдене максимальне парування (M): {(79, 85), (27, 111), (73, 78), (81, 91), (24, 97), (19, 52), (65, 104), (44, 48), (38, 50), (58, 83), (40, 47), (72, 112), (63, 113), (30, 82), (46, 121), (67, 98), (7, 59), (18, 123), (31, 114), (11, 26), (2, 23), (32, 94), (42, 96), (102, 122), (29, 89), (16, 34), (88, 105), (20, 86), (41, 124), (68, 120), (21, 100), (43, 69), (12, 39), (0, 13), (45, 51), (80, 106), (36, 109), (35, 37), (76, 99), (74, 108), (17, 117), (90, 101), (9, 61), (3, 14), (66, 116), (1, 56), (60, 75), (33, 119), (87, 93), (57, 64), (55, 103), (8, 77), (92, 95), (110, 115), (22, 118), (28, 49)}
Згенероване вершинне покриття (C): [0, 1, 2, 3, 7, 8, 9, 11, 12, 13, 14, 16, 17, 18, 19, 20, 21, 22, 23, 24, 26, 27, 28, 29, 30, 31, 32, 33, 34, 35, 36, 37, 38, 39, 40, 41, 42, 43, 44, 45, 46, 47, 48, 49, 50, 51, 52, 55, 56, 57, 58, 59, 60, 61, 63, 64, 65, 66, 67, 68, 69, 72, 73, 74, 75, 76, 77, 78, 79, 80, 81, 82, 83, 85, 86, 87, 88, 89, 90, 91, 92, 93, 94, 95, 96, 97, 98, 99, 100, 101, 102, 103, 104, 105, 106, 108, 109, 110, 111, 112, 113, 114, 115, 116, 117, 118, 119, 120, 121, 122, 123, 124]

--- Генерація вершинного покриття (зі списку суміжності) ---
Знайдене максимальне парування (M): {(76, 92), (35, 88), (28, 52), (0, 103), (25, 96), (17, 58), (94, 119), (31, 81), (46, 48), (34, 86), (71, 111), (104, 105), (21, 40), (51, 74), (15, 54), (101, 124), (44, 69), (10, 18), (59, 91), (84, 117), (50, 79), (14, 98), (97, 114), (6, 11), (7, 65), (27, 110), (4, 121), (32, 45), (8, 112), (12, 82), (5, 70), (42, 123), (23, 24), (39, 93), (16, 113), (75, 80), (19, 20), (38, 64), (95, 122), (22, 107), (53, 55), (57, 83), (29, 85), (26, 37), (61, 68), (1, 47), (49, 106), (3, 87), (63, 120), (62, 118), (67, 108), (78, 102), (43, 89), (77, 115), (2, 30)}
Згенероване вершинне покриття (C): [0, 1, 2, 3, 4, 5, 6, 7, 8, 10, 11, 12, 14, 15, 16, 17, 18, 19, 20, 21, 22, 23, 24, 25, 26, 27, 28, 29, 30, 31, 32, 34, 35, 37, 38, 39, 40, 42, 43, 44, 45, 46, 47, 48, 49, 50, 51, 52, 53, 54, 55, 57, 58, 59, 61, 62, 63, 64, 65, 67, 68, 69, 70, 71, 74, 75, 76, 77, 78, 79, 80, 81, 82, 83, 84, 85, 86, 87, 88, 89, 91, 92, 93, 94, 95, 96, 97, 98, 101, 102, 103, 104, 105, 106, 107, 108, 110, 111, 112, 113, 114, 115, 117, 118, 119, 120, 121, 122, 123, 124]

--- Генерація вершинного покриття (зі списку суміжності) ---
Знайдене максимальне парування (M): {(0, 91), (3, 120), (49, 81), (11, 100), (37, 64), (88, 106), (48, 94), (32, 107), (30, 55), (36, 77), (21, 92), (19, 58), (70, 82), (90, 115), (95, 99), (6, 45), (12, 101), (63, 110), (51, 83), (66, 87), (52, 103), (76, 97), (4, 124), (41, 54), (33, 105), (7, 25), (42, 59), (60, 67), (43, 57), (46, 56), (16, 113), (8, 69), (9, 71), (18, 104), (26, 114), (24, 123), (10, 72), (15, 68), (5, 39), (50, 93), (13, 80), (38, 73), (20, 119), (22, 122), (102, 109), (17, 44), (2, 89), (62, 85), (96, 117), (75, 116), (65, 111), (14, 78), (23, 35), (28, 86), (40, 118), (29, 121), (47, 108)}
Згенероване вершинне покриття (C): [0, 2, 3, 4, 5, 6, 7, 8, 9, 10, 11, 12, 13, 14, 15, 16, 17, 18, 19, 20, 21, 22, 23, 24, 25, 26, 28, 29, 30, 32, 33, 35, 36, 37, 38, 39, 40, 41, 42, 43, 44, 45, 46, 47, 48, 49, 50, 51, 52, 54, 55, 56, 57, 58, 59, 60, 62, 63, 64, 65, 66, 67, 68, 69, 70, 71, 72, 73, 75, 76, 77, 78, 80, 81, 82, 83, 85, 86, 87, 88, 89, 90, 91, 92, 93, 94, 95, 96, 97, 99, 100, 101, 102, 103, 104, 105, 106, 107, 108, 109, 110, 111, 113, 114, 115, 116, 117, 118, 119, 120, 121, 122, 123, 124]

--- Генерація вершинного покриття (зі списку суміжності) ---
Знайдене максимальне парування (M): {(96, 101), (18, 87), (7, 84), (25, 111), (21, 92), (50, 73), (46, 115), (71, 105), (69, 98), (14, 34), (28, 33), (53, 117), (37, 100), (41, 94), (78, 113), (1, 91), (54, 122), (70, 112), (30, 51), (38, 86), (4, 66), (67, 82), (107, 124), (6, 99), (0, 56), (52, 72), (32, 121), (35, 59), (19, 75), (8, 11), (44, 68), (22, 95), (90, 123), (15, 114), (48, 65), (47, 103), (17, 93), (20, 116), (36, 45), (26, 77), (5, 42), (110, 119), (9, 89), (79, 83), (85, 102), (24, 104), (10, 120), (49, 106), (57, 58), (39, 40), (62, 109), (3, 108), (97, 118), (31, 60)}
Згенероване вершинне покриття (C): [0, 1, 3, 4, 5, 6, 7, 8, 9, 10, 11, 14, 15, 17, 18, 19, 20, 21, 22, 24, 25, 26, 28, 30, 31, 32, 33, 34, 35, 36, 37, 38, 39, 40, 41, 42, 44, 45, 46, 47, 48, 49, 50, 51, 52, 53, 54, 56, 57, 58, 59, 60, 62, 65, 66, 67, 68, 69, 70, 71, 72, 73, 75, 77, 78, 79, 82, 83, 84, 85, 86, 87, 89, 90, 91, 92, 93, 94, 95, 96, 97, 98, 99, 100, 101, 102, 103, 104, 105, 106, 107, 108, 109, 110, 111, 112, 113, 114, 115, 116, 117, 118, 119, 120, 121, 122, 123, 124]

--- Генерація вершинного покриття (зі списку суміжності) ---
Знайдене максимальне парування (M): {(41, 49), (45, 77), (9, 112), (20, 23), (5, 123), (82, 102), (53, 93), (37, 88), (62, 105), (100, 101), (14, 95), (7, 120), (12, 98), (42, 84), (38, 65), (34, 113), (55, 56), (22, 114), (74, 97), (78, 119), (28, 48), (32, 36), (2, 111), (86, 89), (106, 110), (40, 122), (51, 94), (64, 70), (17, 44), (18, 76), (68, 92), (91, 118), (63, 81), (47, 60), (66, 104), (61, 117), (11, 52), (10, 50), (31, 85), (69, 75), (19, 59), (13, 43), (35, 58), (39, 46), (30, 71), (57, 116), (15, 107), (4, 25), (29, 103), (54, 96), (26, 67), (0, 33)}
Згенероване вершинне покриття (C): [0, 2, 4, 5, 7, 9, 10, 11, 12, 13, 14, 15, 17, 18, 19, 20, 22, 23, 25, 26, 28, 29, 30, 31, 32, 33, 34, 35, 36, 37, 38, 39, 40, 41, 42, 43, 44, 45, 46, 47, 48, 49, 50, 51, 52, 53, 54, 55, 56, 57, 58, 59, 60, 61, 62, 63, 64, 65, 66, 67, 68, 69, 70, 71, 74, 75, 76, 77, 78, 81, 82, 84, 85, 86, 88, 89, 91, 92, 93, 94, 95, 96, 97, 98, 100, 101, 102, 103, 104, 105, 106, 107, 110, 111, 112, 113, 114, 116, 117, 118, 119, 120, 122, 123]

--- Генерація вершинного покриття (зі списку суміжності) ---
Знайдене максимальне парування (M): {(56, 65), (1, 92), (39, 82), (19, 46), (13, 97), (58, 62), (88, 106), (118, 119), (20, 81), (14, 71), (29, 93), (15, 48), (72, 112), (8, 27), (26, 84), (40, 83), (50, 63), (37, 124), (2, 41), (22, 74), (47, 73), (30, 66), (68, 117), (25, 55), (99, 123), (80, 91), (18, 107), (21, 109), (16, 64), (5, 33), (70, 102), (53, 116), (54, 60), (32, 90), (79, 89), (7, 76), (61, 105), (10, 38), (42, 113), (57, 95), (67, 69), (75, 110), (52, 120), (9, 12), (0, 122), (34, 35), (4, 31), (23, 44), (43, 77), (87, 111), (86, 115), (11, 85), (36, 108), (28, 98)}
Згенероване вершинне покриття (C): [0, 1, 2, 4, 5, 7, 8, 9, 10, 11, 12, 13, 14, 15, 16, 18, 19, 20, 21, 22, 23, 25, 26, 27, 28, 29, 30, 31, 32, 33, 34, 35, 36, 37, 38, 39, 40, 41, 42, 43, 44, 46, 47, 48, 50, 52, 53, 54, 55, 56, 57, 58, 60, 61, 62, 63, 64, 65, 66, 67, 68, 69, 70, 71, 72, 73, 74, 75, 76, 77, 79, 80, 81, 82, 83, 84, 85, 86, 87, 88, 89, 90, 91, 92, 93, 95, 97, 98, 99, 102, 105, 106, 107, 108, 109, 110, 111, 112, 113, 115, 116, 117, 118, 119, 120, 122, 123, 124]

--- Генерація вершинного покриття (зі списку суміжності) ---
Знайдене максимальне парування (M): {(7, 17), (36, 53), (1, 34), (82, 96), (60, 65), (10, 46), (35, 106), (39, 94), (27, 123), (30, 64), (49, 105), (44, 66), (92, 97), (74, 85), (33, 84), (41, 42), (19, 115), (6, 87), (83, 118), (28, 57), (18, 25), (32, 109), (24, 102), (72, 90), (55, 86), (71, 98), (63, 88), (112, 114), (23, 91), (73, 107), (4, 93), (8, 81), (11, 77), (15, 16), (38, 70), (51, 100), (22, 119), (45, 124), (61, 120), (108, 113), (99, 104), (20, 79), (3, 78), (5, 75), (2, 110), (31, 103), (101, 116), (0, 122), (40, 48), (76, 80), (26, 67), (95, 121), (111, 117), (29, 69), (47, 50)}
Згенероване вершинне покриття (C): [0, 1, 2, 3, 4, 5, 6, 7, 8, 10, 11, 15, 16, 17, 18, 19, 20, 22, 23, 24, 25, 26, 27, 28, 29, 30, 31, 32, 33, 34, 35, 36, 38, 39, 40, 41, 42, 44, 45, 46, 47, 48, 49, 50, 51, 53, 55, 57, 60, 61, 63, 64, 65, 66, 67, 69, 70, 71, 72, 73, 74, 75, 76, 77, 78, 79, 80, 81, 82, 83, 84, 85, 86, 87, 88, 90, 91, 92, 93, 94, 95, 96, 97, 98, 99, 100, 101, 102, 103, 104, 105, 106, 107, 108, 109, 110, 111, 112, 113, 114, 115, 116, 117, 118, 119, 120, 121, 122, 123, 124]

--- Генерація вершинного покриття (зі списку суміжності) ---
Знайдене максимальне парування (M): {(5, 111), (72, 76), (26, 39), (42, 118), (30, 55), (81, 103), (46, 48), (11, 66), (41, 67), (90, 124), (51, 86), (0, 75), (16, 65), (13, 78), (1, 82), (21, 58), (34, 116), (44, 93), (2, 29), (62, 74), (52, 100), (28, 57), (36, 70), (50, 63), (3, 73), (15, 99), (71, 98), (56, 79), (25, 113), (47, 88), (84, 107), (20, 49), (22, 40), (10, 14), (23, 109), (17, 96), (24, 77), (91, 112), (37, 59), (32, 105), (94, 123), (31, 33), (35, 122), (53, 97), (6, 110), (60, 87), (9, 18), (45, 102), (115, 121), (4, 104), (43, 83), (54, 117), (7, 69), (19, 101), (68, 85)}
Згенероване вершинне покриття (C): [0, 1, 2, 3, 4, 5, 6, 7, 9, 10, 11, 13, 14, 15, 16, 17, 18, 19, 20, 21, 22, 23, 24, 25, 26, 28, 29, 30, 31, 32, 33, 34, 35, 36, 37, 39, 40, 41, 42, 43, 44, 45, 46, 47, 48, 49, 50, 51, 52, 53, 54, 55, 56, 57, 58, 59, 60, 62, 63, 65, 66, 67, 68, 69, 70, 71, 72, 73, 74, 75, 76, 77, 78, 79, 81, 82, 83, 84, 85, 86, 87, 88, 90, 91, 93, 94, 96, 97, 98, 99, 100, 101, 102, 103, 104, 105, 107, 109, 110, 111, 112, 113, 115, 116, 117, 118, 121, 122, 123, 124]

--- Генерація вершинного покриття (зі списку суміжності) ---
Знайдене максимальне парування (M): {(32, 95), (53, 75), (22, 124), (17, 61), (0, 60), (24, 121), (62, 111), (57, 72), (28, 33), (77, 102), (100, 104), (64, 65), (30, 97), (110, 117), (89, 122), (19, 42), (34, 55), (69, 116), (16, 86), (81, 93), (52, 54), (58, 70), (66, 105), (11, 44), (49, 98), (78, 88), (46, 59), (90, 114), (31, 43), (39, 50), (21, 48), (12, 103), (74, 96), (1, 87), (79, 83), (3, 63), (9, 101), (107, 108), (73, 76), (51, 106), (94, 120), (15, 37), (29, 36), (112, 113), (20, 91), (99, 119), (23, 35), (10, 123), (14, 84), (41, 80), (7, 118), (4, 40), (2, 82), (27, 38)}
Згенероване вершинне покриття (C): [0, 1, 2, 3, 4, 7, 9, 10, 11, 12, 14, 15, 16, 17, 19, 20, 21, 22, 23, 24, 27, 28, 29, 30, 31, 32, 33, 34, 35, 36, 37, 38, 39, 40, 41, 42, 43, 44, 46, 48, 49, 50, 51, 52, 53, 54, 55, 57, 58, 59, 60, 61, 62, 63, 64, 65, 66, 69, 70, 72, 73, 74, 75, 76, 77, 78, 79, 80, 81, 82, 83, 84, 86, 87, 88, 89, 90, 91, 93, 94, 95, 96, 97, 98, 99, 100, 101, 102, 103, 104, 105, 106, 107, 108, 110, 111, 112, 113, 114, 116, 117, 118, 119, 120, 121, 122, 123, 124]

--- Генерація вершинного покриття (зі списку суміжності) ---
Знайдене максимальне парування (M): {(37, 116), (9, 45), (85, 104), (19, 49), (62, 78), (98, 107), (13, 97), (44, 51), (40, 90), (43, 55), (69, 86), (12, 25), (52, 67), (20, 105), (72, 124), (18, 123), (27, 34), (58, 110), (15, 23), (73, 77), (1, 88), (61, 115), (99, 102), (16, 89), (54, 79), (4, 14), (71, 95), (36, 82), (66, 117), (2, 120), (29, 113), (5, 24), (0, 74), (28, 32), (47, 106), (3, 118), (46, 92), (81, 83), (50, 114), (31, 76), (30, 56), (38, 94), (10, 108), (41, 53), (42, 119), (22, 91), (7, 100), (84, 103), (68, 122), (21, 96), (35, 70), (59, 101), (109, 111), (63, 65), (64, 121)}
Згенероване вершинне покриття (C): [0, 1, 2, 3, 4, 5, 7, 9, 10, 12, 13, 14, 15, 16, 18, 19, 20, 21, 22, 23, 24, 25, 27, 28, 29, 30, 31, 32, 34, 35, 36, 37, 38, 40, 41, 42, 43, 44, 45, 46, 47, 49, 50, 51, 52, 53, 54, 55, 56, 58, 59, 61, 62, 63, 64, 65, 66, 67, 68, 69, 70, 71, 72, 73, 74, 76, 77, 78, 79, 81, 82, 83, 84, 85, 86, 88, 89, 90, 91, 92, 94, 95, 96, 97, 98, 99, 100, 101, 102, 103, 104, 105, 106, 107, 108, 109, 110, 111, 113, 114, 115, 116, 117, 118, 119, 120, 121, 122, 123, 124]

--- Генерація вершинного покриття (зі списку суміжності) ---
Знайдене максимальне парування (M): {(79, 85), (33, 91), (105, 107), (83, 116), (63, 86), (21, 22), (3, 71), (57, 115), (31, 35), (26, 51), (20, 93), (87, 95), (17, 82), (16, 56), (13, 69), (60, 92), (29, 123), (5, 40), (18, 65), (19, 100), (23, 64), (46, 90), (52, 106), (1, 39), (0, 47), (88, 117), (43, 72), (103, 114), (30, 81), (28, 38), (34, 112), (55, 58), (24, 89), (54, 66), (2, 25), (111, 121), (45, 75), (76, 102), (98, 108), (8, 59), (6, 37), (32, 120), (4, 77), (10, 62), (113, 118), (61, 80), (7, 48), (36, 96), (104, 124), (14, 99), (53, 109), (11, 15), (42, 94), (9, 97)}
Згенероване вершинне покриття (C): [0, 1, 2, 3, 4, 5, 6, 7, 8, 9, 10, 11, 13, 14, 15, 16, 17, 18, 19, 20, 21, 22, 23, 24, 25, 26, 28, 29, 30, 31, 32, 33, 34, 35, 36, 37, 38, 39, 40, 42, 43, 45, 46, 47, 48, 51, 52, 53, 54, 55, 56, 57, 58, 59, 60, 61, 62, 63, 64, 65, 66, 69, 71, 72, 75, 76, 77, 79, 80, 81, 82, 83, 85, 86, 87, 88, 89, 90, 91, 92, 93, 94, 95, 96, 97, 98, 99, 100, 102, 103, 104, 105, 106, 107, 108, 109, 111, 112, 113, 114, 115, 116, 117, 118, 120, 121, 123, 124]

--- Генерація вершинного покриття (зі списку суміжності) ---
Знайдене максимальне парування (M): {(67, 117), (116, 122), (38, 93), (16, 32), (60, 68), (1, 107), (18, 44), (61, 76), (48, 112), (47, 92), (55, 99), (113, 123), (3, 101), (49, 65), (28, 97), (5, 40), (0, 90), (24, 87), (83, 106), (8, 100), (30, 54), (9, 108), (36, 70), (10, 109), (14, 73), (6, 96), (59, 69), (12, 21), (43, 118), (104, 110), (4, 20), (74, 78), (103, 120), (17, 35), (75, 88), (84, 119), (13, 19), (26, 71), (25, 85), (51, 94), (11, 31), (53, 64), (45, 121), (66, 95), (33, 98), (63, 81), (62, 79), (15, 37), (42, 58), (39, 46), (29, 115), (41, 80), (56, 102), (91, 105), (34, 111), (57, 82)}
Згенероване вершинне покриття (C): [0, 1, 3, 4, 5, 6, 8, 9, 10, 11, 12, 13, 14, 15, 16, 17, 18, 19, 20, 21, 24, 25, 26, 28, 29, 30, 31, 32, 33, 34, 35, 36, 37, 38, 39, 40, 41, 42, 43, 44, 45, 46, 47, 48, 49, 51, 53, 54, 55, 56, 57, 58, 59, 60, 61, 62, 63, 64, 65, 66, 67, 68, 69, 70, 71, 73, 74, 75, 76, 78, 79, 80, 81, 82, 83, 84, 85, 87, 88, 90, 91, 92, 93, 94, 95, 96, 97, 98, 99, 100, 101, 102, 103, 104, 105, 106, 107, 108, 109, 110, 111, 112, 113, 115, 116, 117, 118, 119, 120, 121, 122, 123]

--- Генерація вершинного покриття (зі списку суміжності) ---
Знайдене максимальне парування (M): {(70, 110), (62, 87), (25, 96), (66, 118), (40, 47), (101, 124), (63, 107), (43, 79), (42, 81), (36, 37), (13, 75), (29, 117), (54, 61), (19, 91), (2, 26), (27, 35), (17, 112), (38, 86), (7, 22), (74, 109), (31, 80), (64, 89), (52, 72), (48, 53), (68, 114), (77, 98), (115, 116), (71, 122), (6, 120), (1, 8), (14, 100), (39, 123), (94, 99), (11, 28), (9, 95), (56, 57), (60, 106), (46, 92), (88, 104), (33, 49), (32, 108), (73, 97), (0, 119), (5, 78), (3, 84), (20, 45), (10, 16), (18, 51), (12, 105), (23, 50), (65, 83), (30, 34)}
Згенероване вершинне покриття (C): [0, 1, 2, 3, 5, 6, 7, 8, 9, 10, 11, 12, 13, 14, 16, 17, 18, 19, 20, 22, 23, 25, 26, 27, 28, 29, 30, 31, 32, 33, 34, 35, 36, 37, 38, 39, 40, 42, 43, 45, 46, 47, 48, 49, 50, 51, 52, 53, 54, 56, 57, 60, 61, 62, 63, 64, 65, 66, 68, 70, 71, 72, 73, 74, 75, 77, 78, 79, 80, 81, 83, 84, 86, 87, 88, 89, 91, 92, 94, 95, 96, 97, 98, 99, 100, 101, 104, 105, 106, 107, 108, 109, 110, 112, 114, 115, 116, 117, 118, 119, 120, 122, 123, 124]

--- Генерація вершинного покриття (зі списку суміжності) ---
Знайдене максимальне парування (M): {(64, 69), (37, 58), (61, 116), (40, 87), (32, 49), (68, 100), (16, 44), (73, 108), (90, 118), (2, 66), (36, 92), (78, 101), (106, 111), (59, 91), (46, 124), (117, 120), (71, 74), (1, 85), (76, 103), (19, 54), (29, 86), (20, 22), (55, 80), (41, 63), (39, 93), (104, 107), (3, 88), (11, 13), (27, 94), (95, 122), (48, 62), (4, 47), (52, 96), (23, 51), (102, 112), (12, 121), (10, 99), (28, 56), (14, 57), (25, 97), (81, 83), (7, 24), (38, 72), (35, 98), (43, 105), (6, 31), (34, 84), (65, 123), (42, 70), (9, 15), (18, 109), (79, 119), (21, 53), (26, 67), (45, 114), (0, 33)}
Згенероване вершинне покриття (C): [0, 1, 2, 3, 4, 6, 7, 9, 10, 11, 12, 13, 14, 15, 16, 18, 19, 20, 21, 22, 23, 24, 25, 26, 27, 28, 29, 31, 32, 33, 34, 35, 36, 37, 38, 39, 40, 41, 42, 43, 44, 45, 46, 47, 48, 49, 51, 52, 53, 54, 55, 56, 57, 58, 59, 61, 62, 63, 64, 65, 66, 67, 68, 69, 70, 71, 72, 73, 74, 76, 78, 79, 80, 81, 83, 84, 85, 86, 87, 88, 90, 91, 92, 93, 94, 95, 96, 97, 98, 99, 100, 101, 102, 103, 104, 105, 106, 107, 108, 109, 111, 112, 114, 116, 117, 118, 119, 120, 121, 122, 123, 124]

--- Генерація вершинного покриття (зі списку суміжності) ---
Знайдене максимальне парування (M): {(36, 117), (52, 107), (5, 120), (68, 103), (17, 119), (42, 118), (45, 74), (50, 64), (34, 83), (53, 90), (46, 112), (60, 80), (65, 70), (35, 121), (20, 47), (72, 115), (39, 54), (22, 41), (28, 91), (8, 88), (26, 84), (32, 94), (38, 77), (24, 99), (33, 105), (18, 92), (37, 69), (12, 21), (49, 98), (7, 43), (27, 82), (16, 61), (25, 73), (102, 106), (14, 57), (85, 108), (4, 62), (13, 40), (15, 31), (75, 110), (9, 113), (81, 95), (0, 116), (51, 124), (1, 111), (58, 78), (2, 55), (30, 71), (3, 87), (79, 122), (66, 67), (89, 93), (76, 86), (56, 114), (19, 101)}
Згенероване вершинне покриття (C): [0, 1, 2, 3, 4, 5, 7, 8, 9, 12, 13, 14, 15, 16, 17, 18, 19, 20, 21, 22, 24, 25, 26, 27, 28, 30, 31, 32, 33, 34, 35, 36, 37, 38, 39, 40, 41, 42, 43, 45, 46, 47, 49, 50, 51, 52, 53, 54, 55, 56, 57, 58, 60, 61, 62, 64, 65, 66, 67, 68, 69, 70, 71, 72, 73, 74, 75, 76, 77, 78, 79, 80, 81, 82, 83, 84, 85, 86, 87, 88, 89, 90, 91, 92, 93, 94, 95, 98, 99, 101, 102, 103, 105, 106, 107, 108, 110, 111, 112, 113, 114, 115, 116, 117, 118, 119, 120, 121, 122, 124]

--- Генерація вершинного покриття (зі списку суміжності) ---
Знайдене максимальне парування (M): {(70, 116), (47, 59), (39, 82), (35, 97), (34, 71), (76, 110), (44, 109), (11, 48), (3, 10), (50, 64), (86, 87), (1, 122), (90, 118), (36, 89), (2, 121), (0, 124), (46, 63), (20, 99), (5, 80), (18, 62), (29, 123), (30, 42), (27, 49), (102, 119), (17, 51), (45, 73), (14, 67), (41, 57), (72, 96), (22, 25), (4, 26), (40, 107), (15, 117), (54, 115), (60, 88), (28, 38), (61, 98), (6, 77), (16, 85), (13, 95), (66, 104), (56, 75), (21, 81), (33, 113), (84, 94), (32, 53), (65, 120), (31, 103), (100, 105), (52, 83), (8, 37), (91, 108), (24, 79), (78, 114), (43, 92)}
Згенероване вершинне покриття (C): [0, 1, 2, 3, 4, 5, 6, 8, 10, 11, 13, 14, 15, 16, 17, 18, 20, 21, 22, 24, 25, 26, 27, 28, 29, 30, 31, 32, 33, 34, 35, 36, 37, 38, 39, 40, 41, 42, 43, 44, 45, 46, 47, 48, 49, 50, 51, 52, 53, 54, 56, 57, 59, 60, 61, 62, 63, 64, 65, 66, 67, 70, 71, 72, 73, 75, 76, 77, 78, 79, 80, 81, 82, 83, 84, 85, 86, 87, 88, 89, 90, 91, 92, 94, 95, 96, 97, 98, 99, 100, 102, 103, 104, 105, 107, 108, 109, 110, 113, 114, 115, 116, 117, 118, 119, 120, 121, 122, 123, 124]

--- Генерація вершинного покриття (зі списку суміжності) ---
Знайдене максимальне парування (M): {(1, 74), (91, 120), (26, 27), (69, 77), (10, 64), (35, 57), (29, 108), (42, 72), (17, 85), (52, 82), (9, 20), (71, 123), (67, 104), (38, 62), (87, 107), (4, 54), (43, 88), (31, 68), (76, 86), (15, 23), (44, 99), (19, 103), (50, 118), (61, 63), (2, 47), (30, 66), (24, 56), (41, 124), (3, 94), (7, 116), (12, 106), (78, 100), (53, 113), (11, 83), (21, 121), (119, 122), (105, 114), (55, 73), (32, 117), (36, 75), (6, 40), (14, 102), (34, 84), (80, 81), (39, 49), (13, 58), (16, 51), (45, 93), (48, 70), (60, 90), (28, 37), (59, 98), (8, 25), (22, 115), (65, 89)}
Згенероване вершинне покриття (C): [1, 2, 3, 4, 6, 7, 8, 9, 10, 11, 12, 13, 14, 15, 16, 17, 19, 20, 21, 22, 23, 24, 25, 26, 27, 28, 29, 30, 31, 32, 34, 35, 36, 37, 38, 39, 40, 41, 42, 43, 44, 45, 47, 48, 49, 50, 51, 52, 53, 54, 55, 56, 57, 58, 59, 60, 61, 62, 63, 64, 65, 66, 67, 68, 69, 70, 71, 72, 73, 74, 75, 76, 77, 78, 80, 81, 82, 83, 84, 85, 86, 87, 88, 89, 90, 91, 93, 94, 98, 99, 100, 102, 103, 104, 105, 106, 107, 108, 113, 114, 115, 116, 117, 118, 119, 120, 121, 122, 123, 124]

--- Генерація вершинного покриття (зі списку суміжності) ---
Знайдене максимальне парування (M): {(68, 91), (3, 120), (56, 62), (12, 83), (22, 87), (4, 85), (18, 41), (38, 53), (104, 114), (67, 101), (103, 118), (44, 72), (57, 66), (51, 89), (27, 34), (17, 42), (59, 109), (71, 74), (77, 123), (37, 60), (26, 90), (19, 54), (5, 61), (23, 76), (55, 80), (39, 105), (79, 117), (47, 94), (31, 43), (97, 107), (10, 81), (84, 119), (7, 9), (58, 106), (102, 112), (50, 111), (73, 82), (96, 108), (46, 95), (36, 124), (35, 98), (11, 110), (0, 116), (69, 75), (21, 29), (20, 24), (16, 45), (64, 88), (121, 122), (25, 115), (14, 99), (30, 86), (52, 92), (63, 65), (70, 113), (8, 40)}
Згенероване вершинне покриття (C): [0, 3, 4, 5, 7, 8, 9, 10, 11, 12, 14, 16, 17, 18, 19, 20, 21, 22, 23, 24, 25, 26, 27, 29, 30, 31, 34, 35, 36, 37, 38, 39, 40, 41, 42, 43, 44, 45, 46, 47, 50, 51, 52, 53, 54, 55, 56, 57, 58, 59, 60, 61, 62, 63, 64, 65, 66, 67, 68, 69, 70, 71, 72, 73, 74, 75, 76, 77, 79, 80, 81, 82, 83, 84, 85, 86, 87, 88, 89, 90, 91, 92, 94, 95, 96, 97, 98, 99, 101, 102, 103, 104, 105, 106, 107, 108, 109, 110, 111, 112, 113, 114, 115, 116, 117, 118, 119, 120, 121, 122, 123, 124]

--- Генерація вершинного покриття (зі списку суміжності) ---
Знайдене максимальне парування (M): {(21, 71), (92, 116), (27, 105), (85, 107), (60, 65), (29, 90), (49, 99), (2, 48), (14, 80), (10, 55), (46, 54), (44, 57), (12, 31), (58, 89), (113, 123), (68, 72), (18, 53), (34, 104), (28, 33), (43, 82), (91, 101), (100, 110), (38, 77), (59, 118), (52, 109), (19, 112), (24, 102), (7, 37), (73, 95), (0, 117), (32, 63), (17, 78), (79, 114), (45, 94), (26, 50), (69, 88), (56, 106), (5, 103), (67, 115), (41, 96), (76, 81), (15, 16), (8, 93), (87, 124), (3, 23), (70, 83), (13, 61), (22, 39), (20, 51), (6, 122), (4, 98), (62, 66), (47, 111), (30, 40)}
Згенероване вершинне покриття (C): [0, 2, 3, 4, 5, 6, 7, 8, 10, 12, 13, 14, 15, 16, 17, 18, 19, 20, 21, 22, 23, 24, 26, 27, 28, 29, 30, 31, 32, 33, 34, 37, 38, 39, 40, 41, 43, 44, 45, 46, 47, 48, 49, 50, 51, 52, 53, 54, 55, 56, 57, 58, 59, 60, 61, 62, 63, 65, 66, 67, 68, 69, 70, 71, 72, 73, 76, 77, 78, 79, 80, 81, 82, 83, 85, 87, 88, 89, 90, 91, 92, 93, 94, 95, 96, 98, 99, 100, 101, 102, 103, 104, 105, 106, 107, 109, 110, 111, 112, 113, 114, 115, 116, 117, 118, 122, 123, 124]

--- Генерація вершинного покриття (зі списку суміжності) ---
Знайдене максимальне парування (M): {(20, 75), (9, 109), (93, 117), (63, 77), (12, 16), (65, 107), (74, 119), (88, 118), (7, 96), (35, 112), (82, 111), (62, 102), (22, 38), (78, 110), (3, 98), (6, 60), (14, 43), (45, 116), (85, 103), (11, 99), (2, 84), (47, 122), (41, 51), (67, 73), (49, 101), (59, 69), (13, 114), (23, 94), (31, 95), (39, 108), (10, 66), (34, 106), (40, 61), (0, 19), (68, 71), (5, 97), (27, 36), (54, 121), (24, 83), (56, 57), (48, 80), (87, 124), (17, 50), (18, 79), (72, 86), (33, 113), (21, 26), (53, 91), (44, 55), (29, 42), (46, 58), (30, 92), (1, 120), (4, 89), (8, 28), (70, 104)}
Згенероване вершинне покриття (C): [0, 1, 2, 3, 4, 5, 6, 7, 8, 9, 10, 11, 12, 13, 14, 16, 17, 18, 19, 20, 21, 22, 23, 24, 26, 27, 28, 29, 30, 31, 33, 34, 35, 36, 38, 39, 40, 41, 42, 43, 44, 45, 46, 47, 48, 49, 50, 51, 53, 54, 55, 56, 57, 58, 59, 60, 61, 62, 63, 65, 66, 67, 68, 69, 70, 71, 72, 73, 74, 75, 77, 78, 79, 80, 82, 83, 84, 85, 86, 87, 88, 89, 91, 92, 93, 94, 95, 96, 97, 98, 99, 101, 102, 103, 104, 106, 107, 108, 109, 110, 111, 112, 113, 114, 116, 117, 118, 119, 120, 121, 122, 124]

--- Генерація вершинного покриття (зі списку суміжності) ---
Знайдене максимальне парування (M): {(70, 110), (7, 72), (102, 117), (24, 33), (47, 59), (42, 109), (10, 52), (25, 50), (11, 60), (51, 74), (79, 112), (8, 15), (0, 14), (9, 81), (22, 53), (19, 94), (45, 46), (63, 64), (61, 100), (20, 65), (16, 28), (1, 106), (32, 48), (69, 73), (35, 111), (31, 40), (18, 107), (12, 91), (71, 122), (83, 90), (76, 78), (34, 54), (4, 105), (38, 85), (68, 92), (43, 44), (56, 75), (29, 30), (98, 108), (26, 101), (93, 121), (67, 84), (96, 120), (23, 87), (2, 116), (6, 104), (55, 88), (99, 119), (86, 103), (39, 113), (41, 80), (115, 118), (37, 89), (95, 124)}
Згенероване вершинне покриття (C): [0, 1, 2, 4, 6, 7, 8, 9, 10, 11, 12, 14, 15, 16, 18, 19, 20, 22, 23, 24, 25, 26, 28, 29, 30, 31, 32, 33, 34, 35, 37, 38, 39, 40, 41, 42, 43, 44, 45, 46, 47, 48, 50, 51, 52, 53, 54, 55, 56, 59, 60, 61, 63, 64, 65, 67, 68, 69, 70, 71, 72, 73, 74, 75, 76, 78, 79, 80, 81, 83, 84, 85, 86, 87, 88, 89, 90, 91, 92, 93, 94, 95, 96, 98, 99, 100, 101, 102, 103, 104, 105, 106, 107, 108, 109, 110, 111, 112, 113, 115, 116, 117, 118, 119, 120, 121, 122, 124]

--- Генерація вершинного покриття (зі списку суміжності) ---
Знайдене максимальне парування (M): {(70, 122), (93, 111), (11, 106), (27, 68), (58, 71), (63, 95), (29, 99), (22, 87), (21, 89), (7, 96), (14, 83), (73, 102), (20, 84), (44, 121), (8, 9), (82, 114), (34, 101), (39, 48), (18, 59), (78, 104), (4, 100), (5, 37), (3, 98), (46, 72), (30, 91), (45, 110), (32, 33), (10, 36), (6, 81), (64, 80), (2, 41), (28, 60), (15, 38), (23, 24), (25, 49), (53, 112), (16, 116), (51, 85), (67, 109), (31, 61), (74, 90), (47, 115), (54, 69), (52, 105), (19, 50), (75, 113), (17, 65), (26, 107), (35, 119), (1, 62), (55, 97), (40, 57), (13, 76), (56, 120)}
Згенероване вершинне покриття (C): [1, 2, 3, 4, 5, 6, 7, 8, 9, 10, 11, 13, 14, 15, 16, 17, 18, 19, 20, 21, 22, 23, 24, 25, 26, 27, 28, 29, 30, 31, 32, 33, 34, 35, 36, 37, 38, 39, 40, 41, 44, 45, 46, 47, 48, 49, 50, 51, 52, 53, 54, 55, 56, 57, 58, 59, 60, 61, 62, 63, 64, 65, 67, 68, 69, 70, 71, 72, 73, 74, 75, 76, 78, 80, 81, 82, 83, 84, 85, 87, 89, 90, 91, 93, 95, 96, 97, 98, 99, 100, 101, 102, 104, 105, 106, 107, 109, 110, 111, 112, 113, 114, 115, 116, 119, 120, 121, 122]

--- Генерація вершинного покриття (зі списку суміжності) ---
Знайдене максимальне парування (M): {(58, 120), (63, 65), (57, 106), (64, 81), (19, 119), (17, 67), (71, 105), (44, 66), (68, 124), (10, 70), (77, 96), (54, 104), (56, 95), (28, 30), (29, 50), (13, 23), (1, 79), (111, 122), (94, 115), (22, 74), (15, 108), (26, 47), (0, 117), (73, 101), (14, 85), (88, 123), (46, 59), (12, 91), (87, 100), (20, 52), (84, 116), (4, 41), (53, 55), (24, 25), (93, 103), (2, 83), (49, 82), (3, 118), (78, 121), (11, 43), (69, 72), (38, 42), (5, 75), (62, 97), (8, 34), (48, 113), (31, 36), (35, 61), (6, 110), (7, 51), (76, 86), (27, 102), (60, 99), (45, 114), (92, 107)}
Згенероване вершинне покриття (C): [0, 1, 2, 3, 4, 5, 6, 7, 8, 10, 11, 12, 13, 14, 15, 17, 19, 20, 22, 23, 24, 25, 26, 27, 28, 29, 30, 31, 34, 35, 36, 38, 41, 42, 43, 44, 45, 46, 47, 48, 49, 50, 51, 52, 53, 54, 55, 56, 57, 58, 59, 60, 61, 62, 63, 64, 65, 66, 67, 68, 69, 70, 71, 72, 73, 74, 75, 76, 77, 78, 79, 81, 82, 83, 84, 85, 86, 87, 88, 91, 92, 93, 94, 95, 96, 97, 99, 100, 101, 102, 103, 104, 105, 106, 107, 108, 110, 111, 113, 114, 115, 116, 117, 118, 119, 120, 121, 122, 123, 124]

--- Генерація вершинного покриття (зі списку суміжності) ---
Знайдене максимальне парування (M): {(37, 61), (80, 123), (22, 75), (116, 122), (3, 16), (36, 77), (44, 121), (30, 67), (62, 108), (25, 56), (49, 120), (10, 18), (65, 79), (17, 33), (72, 124), (74, 94), (9, 38), (50, 51), (27, 107), (19, 45), (53, 71), (32, 42), (8, 48), (11, 47), (90, 99), (105, 112), (29, 95), (55, 83), (35, 117), (58, 91), (28, 87), (40, 52), (92, 96), (12, 100), (21, 103), (97, 119), (59, 102), (63, 66), (39, 68), (76, 93), (34, 60), (5, 54), (24, 101), (7, 88), (31, 85), (46, 110), (26, 98), (13, 113), (104, 115), (57, 64), (106, 109), (0, 15), (41, 86), (6, 70), (23, 114)}
Згенероване вершинне покриття (C): [0, 3, 5, 6, 7, 8, 9, 10, 11, 12, 13, 15, 16, 17, 18, 19, 21, 22, 23, 24, 25, 26, 27, 28, 29, 30, 31, 32, 33, 34, 35, 36, 37, 38, 39, 40, 41, 42, 44, 45, 46, 47, 48, 49, 50, 51, 52, 53, 54, 55, 56, 57, 58, 59, 60, 61, 62, 63, 64, 65, 66, 67, 68, 70, 71, 72, 74, 75, 76, 77, 79, 80, 83, 85, 86, 87, 88, 90, 91, 92, 93, 94, 95, 96, 97, 98, 99, 100, 101, 102, 103, 104, 105, 106, 107, 108, 109, 110, 112, 113, 114, 115, 116, 117, 119, 120, 121, 122, 123, 124]

--- Генерація вершинного покриття (зі списку суміжності) ---
Знайдене максимальне парування (M): {(55, 57), (13, 33), (2, 97), (41, 107), (58, 65), (35, 45), (27, 62), (74, 122), (20, 29), (113, 117), (32, 64), (3, 92), (84, 111), (0, 75), (37, 106), (71, 80), (12, 119), (44, 99), (1, 39), (15, 90), (28, 115), (49, 95), (24, 105), (16, 43), (5, 18), (51, 70), (30, 124), (66, 68), (69, 103), (38, 67), (87, 112), (76, 81), (8, 93), (34, 118), (42, 104), (21, 78), (19, 50), (83, 114), (10, 47), (11, 46), (73, 94), (25, 48), (52, 123), (88, 116), (26, 98), (7, 100), (4, 22), (77, 91), (82, 109), (72, 110), (61, 89), (85, 86), (59, 101), (60, 96), (6, 9), (23, 53)}
Згенероване вершинне покриття (C): [0, 1, 2, 3, 4, 5, 6, 7, 8, 9, 10, 11, 12, 13, 15, 16, 18, 19, 20, 21, 22, 23, 24, 25, 26, 27, 28, 29, 30, 32, 33, 34, 35, 37, 38, 39, 41, 42, 43, 44, 45, 46, 47, 48, 49, 50, 51, 52, 53, 55, 57, 58, 59, 60, 61, 62, 64, 65, 66, 67, 68, 69, 70, 71, 72, 73, 74, 75, 76, 77, 78, 80, 81, 82, 83, 84, 85, 86, 87, 88, 89, 90, 91, 92, 93, 94, 95, 96, 97, 98, 99, 100, 101, 103, 104, 105, 106, 107, 109, 110, 111, 112, 113, 114, 115, 116, 117, 118, 119, 122, 123, 124]

--- Генерація вершинного покриття (зі списку суміжності) ---
Знайдене максимальне парування (M): {(37, 61), (75, 106), (60, 117), (14, 59), (36, 65), (81, 94), (118, 119), (46, 100), (71, 99), (23, 77), (57, 115), (53, 96), (28, 70), (48, 51), (123, 124), (22, 93), (83, 88), (19, 91), (38, 80), (4, 112), (47, 58), (73, 74), (24, 44), (32, 45), (2, 111), (16, 43), (13, 114), (68, 120), (10, 69), (34, 39), (55, 104), (26, 62), (76, 84), (29, 64), (5, 103), (11, 86), (40, 82), (18, 21), (9, 101), (33, 107), (108, 116), (6, 31), (3, 78), (1, 50), (42, 122), (17, 49), (56, 87), (15, 52), (67, 90), (25, 66), (113, 121), (54, 105), (41, 92), (20, 63), (0, 27), (85, 95)}
Згенероване вершинне покриття (C): [0, 1, 2, 3, 4, 5, 6, 9, 10, 11, 13, 14, 15, 16, 17, 18, 19, 20, 21, 22, 23, 24, 25, 26, 27, 28, 29, 31, 32, 33, 34, 36, 37, 38, 39, 40, 41, 42, 43, 44, 45, 46, 47, 48, 49, 50, 51, 52, 53, 54, 55, 56, 57, 58, 59, 60, 61, 62, 63, 64, 65, 66, 67, 68, 69, 70, 71, 73, 74, 75, 76, 77, 78, 80, 81, 82, 83, 84, 85, 86, 87, 88, 90, 91, 92, 93, 94, 95, 96, 99, 100, 101, 103, 104, 105, 106, 107, 108, 111, 112, 113, 114, 115, 116, 117, 118, 119, 120, 121, 122, 123, 124]

--- Генерація вершинного покриття (зі списку суміжності) ---
Знайдене максимальне парування (M): {(13, 94), (69, 114), (2, 97), (23, 50), (15, 100), (8, 18), (1, 70), (48, 63), (16, 62), (40, 56), (9, 81), (86, 117), (27, 43), (111, 122), (33, 79), (49, 89), (7, 22), (76, 112), (55, 77), (0, 53), (61, 124), (45, 85), (10, 57), (113, 116), (26, 123), (39, 59), (102, 103), (19, 84), (41, 96), (58, 106), (11, 25), (28, 44), (54, 66), (80, 109), (88, 98), (30, 38), (107, 108), (91, 121), (68, 110), (4, 74), (20, 24), (35, 46), (34, 87), (72, 101), (5, 78), (12, 93), (115, 118), (31, 51), (32, 71), (83, 92), (17, 95), (29, 60), (6, 64), (36, 47)}
Згенероване вершинне покриття (C): [0, 1, 2, 4, 5, 6, 7, 8, 9, 10, 11, 12, 13, 15, 16, 17, 18, 19, 20, 22, 23, 24, 25, 26, 27, 28, 29, 30, 31, 32, 33, 34, 35, 36, 38, 39, 40, 41, 43, 44, 45, 46, 47, 48, 49, 50, 51, 53, 54, 55, 56, 57, 58, 59, 60, 61, 62, 63, 64, 66, 68, 69, 70, 71, 72, 74, 76, 77, 78, 79, 80, 81, 83, 84, 85, 86, 87, 88, 89, 91, 92, 93, 94, 95, 96, 97, 98, 100, 101, 102, 103, 106, 107, 108, 109, 110, 111, 112, 113, 114, 115, 116, 117, 118, 121, 122, 123, 124]

--- Генерація вершинного покриття (зі списку суміжності) ---
Знайдене максимальне парування (M): {(49, 81), (59, 116), (98, 101), (1, 95), (13, 97), (8, 119), (88, 112), (35, 118), (11, 63), (70, 94), (27, 38), (60, 89), (56, 110), (50, 91), (7, 68), (47, 52), (30, 42), (28, 103), (71, 80), (102, 122), (72, 84), (37, 75), (73, 92), (6, 29), (16, 104), (26, 41), (39, 99), (74, 121), (22, 86), (10, 66), (21, 45), (17, 20), (106, 113), (83, 90), (5, 33), (65, 87), (0, 31), (55, 61), (93, 124), (19, 53), (15, 34), (48, 107), (2, 58), (12, 32), (40, 115), (54, 114), (67, 105), (77, 109), (4, 46), (24, 79)}
Згенероване вершинне покриття (C): [0, 1, 2, 4, 5, 6, 7, 8, 10, 11, 12, 13, 15, 16, 17, 19, 20, 21, 22, 24, 26, 27, 28, 29, 30, 31, 32, 33, 34, 35, 37, 38, 39, 40, 41, 42, 45, 46, 47, 48, 49, 50, 52, 53, 54, 55, 56, 58, 59, 60, 61, 63, 65, 66, 67, 68, 70, 71, 72, 73, 74, 75, 77, 79, 80, 81, 83, 84, 86, 87, 88, 89, 90, 91, 92, 93, 94, 95, 97, 98, 99, 101, 102, 103, 104, 105, 106, 107, 109, 110, 112, 113, 114, 115, 116, 118, 119, 121, 122, 124]

--- Генерація вершинного покриття (зі списку суміжності) ---
Знайдене максимальне парування (M): {(91, 117), (3, 53), (56, 62), (6, 76), (14, 65), (24, 109), (51, 68), (103, 106), (38, 50), (0, 60), (46, 63), (7, 47), (34, 95), (75, 78), (115, 120), (90, 118), (9, 26), (10, 94), (77, 114), (1, 85), (35, 96), (18, 92), (12, 21), (8, 121), (32, 112), (29, 107), (64, 110), (5, 33), (25, 70), (27, 97), (59, 105), (74, 93), (55, 122), (36, 54), (87, 124), (31, 67), (57, 86), (16, 82), (19, 102), (81, 98), (99, 113), (37, 80), (39, 101), (30, 71), (88, 119), (73, 100), (13, 58), (61, 83), (20, 48), (89, 108), (22, 45), (2, 15), (40, 66), (17, 43)}
Згенероване вершинне покриття (C): [0, 1, 2, 3, 5, 6, 7, 8, 9, 10, 12, 13, 14, 15, 16, 17, 18, 19, 20, 21, 22, 24, 25, 26, 27, 29, 30, 31, 32, 33, 34, 35, 36, 37, 38, 39, 40, 43, 45, 46, 47, 48, 50, 51, 53, 54, 55, 56, 57, 58, 59, 60, 61, 62, 63, 64, 65, 66, 67, 68, 70, 71, 73, 74, 75, 76, 77, 78, 80, 81, 82, 83, 85, 86, 87, 88, 89, 90, 91, 92, 93, 94, 95, 96, 97, 98, 99, 100, 101, 102, 103, 105, 106, 107, 108, 109, 110, 112, 113, 114, 115, 117, 118, 119, 120, 121, 122, 124]

--- Генерація вершинного покриття (зі списку суміжності) ---
Знайдене максимальне парування (M): {(19, 104), (57, 94), (59, 73), (49, 102), (28, 82), (6, 109), (80, 92), (13, 69), (14, 40), (67, 98), (100, 107), (60, 101), (71, 74), (12, 122), (32, 42), (27, 116), (79, 99), (93, 96), (39, 87), (25, 75), (8, 11), (78, 91), (88, 123), (10, 124), (53, 110), (9, 83), (43, 84), (34, 51), (77, 119), (36, 48), (47, 54), (18, 70), (17, 50), (41, 108), (35, 37), (29, 85), (20, 76), (5, 121), (44, 46), (63, 90), (118, 120), (0, 61), (30, 68), (24, 52), (72, 95), (31, 33), (15, 58), (55, 103), (64, 115), (45, 105), (56, 111), (89, 117)}
Згенероване вершинне покриття (C): [0, 5, 6, 8, 9, 10, 11, 12, 13, 14, 15, 17, 18, 19, 20, 24, 25, 27, 28, 29, 30, 31, 32, 33, 34, 35, 36, 37, 39, 40, 41, 42, 43, 44, 45, 46, 47, 48, 49, 50, 51, 52, 53, 54, 55, 56, 57, 58, 59, 60, 61, 63, 64, 67, 68, 69, 70, 71, 72, 73, 74, 75, 76, 77, 78, 79, 80, 82, 83, 84, 85, 87, 88, 89, 90, 91, 92, 93, 94, 95, 96, 98, 99, 100, 101, 102, 103, 104, 105, 107, 108, 109, 110, 111, 115, 116, 117, 118, 119, 120, 121, 122, 123, 124]

--- Генерація вершинного покриття (зі списку суміжності) ---
Знайдене максимальне парування (M): {(34, 123), (28, 113), (54, 71), (11, 106), (44, 45), (12, 19), (84, 90), (31, 32), (5, 65), (55, 87), (16, 59), (50, 85), (3, 101), (25, 74), (17, 36), (70, 109), (15, 78), (47, 107), (9, 41), (8, 100), (46, 96), (2, 93), (99, 102), (108, 111), (40, 86), (10, 48), (43, 112), (35, 53), (23, 94), (115, 116), (75, 80), (60, 91), (49, 58), (26, 62), (20, 52), (69, 97), (0, 77), (1, 14), (120, 124), (13, 83), (24, 89), (67, 118), (29, 79), (30, 56), (7, 88), (22, 76), (68, 104), (98, 117), (39, 95), (18, 42), (38, 103), (27, 81), (114, 122), (72, 119), (73, 121), (6, 64)}
Згенероване вершинне покриття (C): [0, 1, 2, 3, 5, 6, 7, 8, 9, 10, 11, 12, 13, 14, 15, 16, 17, 18, 19, 20, 22, 23, 24, 25, 26, 27, 28, 29, 30, 31, 32, 34, 35, 36, 38, 39, 40, 41, 42, 43, 44, 45, 46, 47, 48, 49, 50, 52, 53, 54, 55, 56, 58, 59, 60, 62, 64, 65, 67, 68, 69, 70, 71, 72, 73, 74, 75, 76, 77, 78, 79, 80, 81, 83, 84, 85, 86, 87, 88, 89, 90, 91, 93, 94, 95, 96, 97, 98, 99, 100, 101, 102, 103, 104, 106, 107, 108, 109, 111, 112, 113, 114, 115, 116, 117, 118, 119, 120, 121, 122, 123, 124]

--- Генерація вершинного покриття (зі списку суміжності) ---
Знайдене максимальне парування (M): {(70, 110), (11, 36), (98, 104), (0, 54), (32, 52), (7, 38), (41, 67), (77, 90), (78, 95), (2, 69), (33, 72), (15, 66), (23, 113), (8, 27), (85, 94), (42, 102), (4, 124), (105, 118), (55, 80), (16, 49), (50, 75), (35, 120), (44, 68), (20, 40), (83, 84), (14, 88), (47, 79), (89, 97), (112, 123), (5, 24), (82, 119), (9, 28), (30, 96), (37, 56), (92, 111), (31, 60), (43, 53), (107, 117), (71, 106), (73, 103), (22, 91), (29, 39), (46, 122), (58, 81), (12, 93), (26, 116), (64, 109), (34, 108), (86, 115), (1, 74), (57, 76), (19, 101), (45, 59)}
Згенероване вершинне покриття (C): [0, 1, 2, 4, 5, 7, 8, 9, 11, 12, 14, 15, 16, 19, 20, 22, 23, 24, 26, 27, 28, 29, 30, 31, 32, 33, 34, 35, 36, 37, 38, 39, 40, 41, 42, 43, 44, 45, 46, 47, 49, 50, 52, 53, 54, 55, 56, 57, 58, 59, 60, 64, 66, 67, 68, 69, 70, 71, 72, 73, 74, 75, 76, 77, 78, 79, 80, 81, 82, 83, 84, 85, 86, 88, 89, 90, 91, 92, 93, 94, 95, 96, 97, 98, 101, 102, 103, 104, 105, 106, 107, 108, 109, 110, 111, 112, 113, 115, 116, 117, 118, 119, 120, 122, 123, 124]

--- Генерація вершинного покриття (зі списку суміжності) ---
Знайдене максимальне парування (M): {(9, 103), (74, 107), (57, 100), (1, 113), (64, 96), (20, 44), (80, 89), (59, 88), (47, 86), (8, 85), (4, 106), (31, 114), (7, 68), (72, 75), (24, 32), (29, 83), (19, 118), (17, 66), (67, 76), (61, 78), (99, 123), (16, 116), (26, 50), (3, 94), (23, 36), (37, 90), (48, 111), (54, 109), (14, 39), (43, 87), (71, 73), (5, 45), (58, 115), (6, 10), (52, 102), (25, 33), (79, 92), (2, 95), (13, 98), (51, 60), (0, 46), (63, 84), (27, 124), (22, 91), (121, 122), (35, 110), (12, 93), (15, 119), (56, 108), (69, 105), (28, 40), (11, 82), (42, 97), (21, 120)}
Згенероване вершинне покриття (C): [0, 1, 2, 3, 4, 5, 6, 7, 8, 9, 10, 11, 12, 13, 14, 15, 16, 17, 19, 20, 21, 22, 23, 24, 25, 26, 27, 28, 29, 31, 32, 33, 35, 36, 37, 39, 40, 42, 43, 44, 45, 46, 47, 48, 50, 51, 52, 54, 56, 57, 58, 59, 60, 61, 63, 64, 66, 67, 68, 69, 71, 72, 73, 74, 75, 76, 78, 79, 80, 82, 83, 84, 85, 86, 87, 88, 89, 90, 91, 92, 93, 94, 95, 96, 97, 98, 99, 100, 102, 103, 105, 106, 107, 108, 109, 110, 111, 113, 114, 115, 116, 118, 119, 120, 121, 122, 123, 124]

--- Генерація вершинного покриття (зі списку суміжності) ---
Знайдене максимальне парування (M): {(2, 94), (7, 17), (34, 68), (11, 45), (99, 106), (13, 124), (63, 116), (23, 104), (9, 81), (66, 78), (20, 120), (109, 122), (16, 83), (59, 118), (42, 111), (5, 21), (58, 85), (24, 62), (60, 91), (12, 39), (0, 80), (48, 65), (22, 49), (86, 119), (33, 89), (74, 90), (25, 79), (55, 112), (29, 73), (69, 115), (8, 47), (96, 102), (105, 117), (57, 95), (56, 75), (76, 108), (18, 30), (43, 53), (51, 54), (26, 31), (101, 110), (4, 71), (50, 77), (84, 100), (36, 87), (64, 97), (82, 121), (15, 70), (19, 28), (37, 107), (32, 92)}
Згенероване вершинне покриття (C): [0, 2, 4, 5, 7, 8, 9, 11, 12, 13, 15, 16, 17, 18, 19, 20, 21, 22, 23, 24, 25, 26, 28, 29, 30, 31, 32, 33, 34, 36, 37, 39, 42, 43, 45, 47, 48, 49, 50, 51, 53, 54, 55, 56, 57, 58, 59, 60, 62, 63, 64, 65, 66, 68, 69, 70, 71, 73, 74, 75, 76, 77, 78, 79, 80, 81, 82, 83, 84, 85, 86, 87, 89, 90, 91, 92, 94, 95, 96, 97, 99, 100, 101, 102, 104, 105, 106, 107, 108, 109, 110, 111, 112, 115, 116, 117, 118, 119, 120, 121, 122, 124]

--- Генерація вершинного покриття (зі списку суміжності) ---
Знайдене максимальне парування (M): {(33, 42), (18, 26), (85, 113), (8, 110), (53, 84), (13, 106), (66, 115), (86, 93), (16, 47), (21, 92), (65, 67), (50, 76), (55, 96), (20, 41), (4, 30), (12, 52), (34, 61), (37, 118), (17, 54), (79, 105), (23, 70), (22, 80), (9, 117), (40, 95), (2, 120), (10, 60), (5, 15), (0, 1), (83, 90), (46, 71), (89, 109), (27, 36), (78, 112), (74, 108), (11, 43), (82, 88), (56, 75), (98, 102), (25, 100), (19, 59), (51, 124), (63, 99), (73, 97), (35, 58), (44, 119), (14, 81), (103, 104), (68, 122), (114, 116), (3, 32), (94, 101), (31, 121)}
Згенероване вершинне покриття (C): [0, 1, 2, 3, 4, 5, 8, 9, 10, 11, 12, 13, 14, 15, 16, 17, 18, 19, 20, 21, 22, 23, 25, 26, 27, 30, 31, 32, 33, 34, 35, 36, 37, 40, 41, 42, 43, 44, 46, 47, 50, 51, 52, 53, 54, 55, 56, 58, 59, 60, 61, 63, 65, 66, 67, 68, 70, 71, 73, 74, 75, 76, 78, 79, 80, 81, 82, 83, 84, 85, 86, 88, 89, 90, 92, 93, 94, 95, 96, 97, 98, 99, 100, 101, 102, 103, 104, 105, 106, 108, 109, 110, 112, 113, 114, 115, 116, 117, 118, 119, 120, 121, 122, 124]

--- Генерація вершинного покриття (зі списку суміжності) ---
Знайдене максимальне парування (M): {(82, 87), (63, 77), (75, 115), (58, 123), (6, 30), (55, 84), (5, 65), (48, 100), (98, 116), (92, 94), (78, 101), (12, 49), (86, 117), (37, 54), (74, 103), (4, 60), (50, 112), (91, 122), (79, 93), (15, 41), (14, 85), (21, 39), (16, 61), (8, 26), (72, 120), (57, 71), (59, 108), (36, 45), (7, 9), (62, 67), (13, 28), (24, 31), (11, 104), (90, 95), (2, 43), (17, 68), (73, 88), (33, 110), (23, 81), (76, 114), (40, 42), (66, 119), (25, 121), (20, 106), (34, 44), (18, 51), (19, 83), (27, 29), (69, 99), (97, 118), (47, 105), (1, 22)}
Згенероване вершинне покриття (C): [1, 2, 4, 5, 6, 7, 8, 9, 11, 12, 13, 14, 15, 16, 17, 18, 19, 20, 21, 22, 23, 24, 25, 26, 27, 28, 29, 30, 31, 33, 34, 36, 37, 39, 40, 41, 42, 43, 44, 45, 47, 48, 49, 50, 51, 54, 55, 57, 58, 59, 60, 61, 62, 63, 65, 66, 67, 68, 69, 71, 72, 73, 74, 75, 76, 77, 78, 79, 81, 82, 83, 84, 85, 86, 87, 88, 90, 91, 92, 93, 94, 95, 97, 98, 99, 100, 101, 103, 104, 105, 106, 108, 110, 112, 114, 115, 116, 117, 118, 119, 120, 121, 122, 123]

--- Генерація вершинного покриття (зі списку суміжності) ---
Знайдене максимальне парування (M): {(15, 30), (27, 59), (37, 70), (73, 93), (103, 106), (46, 112), (104, 117), (31, 105), (76, 79), (0, 11), (80, 101), (92, 100), (62, 123), (33, 90), (22, 68), (13, 32), (48, 96), (19, 63), (26, 44), (118, 124), (5, 67), (38, 43), (81, 102), (53, 98), (41, 66), (12, 94), (3, 24), (17, 23), (21, 97), (1, 121), (55, 86), (95, 107), (64, 110), (54, 109), (40, 119), (4, 47), (89, 115), (35, 83), (71, 85), (65, 99), (72, 122), (50, 114), (2, 34), (36, 60), (10, 56), (74, 120), (9, 58), (45, 84), (57, 116), (77, 88), (20, 51), (6, 61), (8, 28), (16, 75), (14, 111), (49, 78)}
Згенероване вершинне покриття (C): [0, 1, 2, 3, 4, 5, 6, 8, 9, 10, 11, 12, 13, 14, 15, 16, 17, 19, 20, 21, 22, 23, 24, 26, 27, 28, 30, 31, 32, 33, 34, 35, 36, 37, 38, 40, 41, 43, 44, 45, 46, 47, 48, 49, 50, 51, 53, 54, 55, 56, 57, 58, 59, 60, 61, 62, 63, 64, 65, 66, 67, 68, 70, 71, 72, 73, 74, 75, 76, 77, 78, 79, 80, 81, 83, 84, 85, 86, 88, 89, 90, 92, 93, 94, 95, 96, 97, 98, 99, 100, 101, 102, 103, 104, 105, 106, 107, 109, 110, 111, 112, 114, 115, 116, 117, 118, 119, 120, 121, 122, 123, 124]

--- Генерація вершинного покриття (зі списку суміжності) ---
Знайдене максимальне парування (M): {(17, 107), (10, 95), (52, 110), (72, 76), (6, 30), (47, 77), (41, 119), (12, 28), (103, 112), (55, 96), (66, 69), (53, 102), (11, 78), (64, 117), (31, 65), (120, 122), (94, 100), (24, 26), (88, 90), (27, 104), (4, 60), (7, 83), (43, 115), (0, 114), (57, 111), (21, 97), (9, 16), (98, 121), (79, 82), (42, 80), (22, 49), (29, 58), (46, 74), (8, 35), (39, 68), (44, 86), (40, 67), (20, 70), (33, 101), (14, 63), (62, 91), (25, 45), (116, 123), (5, 124), (38, 51), (54, 108), (15, 61), (37, 89), (84, 118), (23, 50), (93, 99), (19, 34)}
Згенероване вершинне покриття (C): [0, 4, 5, 6, 7, 8, 9, 10, 11, 12, 14, 15, 16, 17, 19, 20, 21, 22, 23, 24, 25, 26, 27, 28, 29, 30, 31, 33, 34, 35, 37, 38, 39, 40, 41, 42, 43, 44, 45, 46, 47, 49, 50, 51, 52, 53, 54, 55, 57, 58, 60, 61, 62, 63, 64, 65, 66, 67, 68, 69, 70, 72, 74, 76, 77, 78, 79, 80, 82, 83, 84, 86, 88, 89, 90, 91, 93, 94, 95, 96, 97, 98, 99, 100, 101, 102, 103, 104, 107, 108, 110, 111, 112, 114, 115, 116, 117, 118, 119, 120, 121, 122, 123, 124]

--- Генерація вершинного покриття (зі списку суміжності) ---
Знайдене максимальне парування (M): {(9, 42), (99, 100), (12, 80), (22, 26), (55, 90), (31, 102), (78, 95), (83, 85), (27, 28), (110, 114), (50, 106), (4, 112), (53, 68), (15, 23), (67, 119), (56, 64), (14, 61), (32, 97), (21, 79), (84, 92), (35, 105), (54, 88), (29, 101), (11, 117), (65, 115), (37, 81), (30, 69), (36, 82), (46, 59), (58, 91), (7, 116), (41, 87), (18, 60), (6, 123), (8, 44), (10, 38), (45, 124), (39, 86), (16, 33), (5, 57), (94, 120), (0, 113), (2, 104), (43, 108), (70, 107), (25, 48), (34, 96), (63, 111), (13, 122), (49, 66), (51, 93), (24, 76), (20, 121), (1, 89)}
Згенероване вершинне покриття (C): [0, 1, 2, 4, 5, 6, 7, 8, 9, 10, 11, 12, 13, 14, 15, 16, 18, 20, 21, 22, 23, 24, 25, 26, 27, 28, 29, 30, 31, 32, 33, 34, 35, 36, 37, 38, 39, 41, 42, 43, 44, 45, 46, 48, 49, 50, 51, 53, 54, 55, 56, 57, 58, 59, 60, 61, 63, 64, 65, 66, 67, 68, 69, 70, 76, 78, 79, 80, 81, 82, 83, 84, 85, 86, 87, 88, 89, 90, 91, 92, 93, 94, 95, 96, 97, 99, 100, 101, 102, 104, 105, 106, 107, 108, 110, 111, 112, 113, 114, 115, 116, 117, 119, 120, 121, 122, 123, 124]

--- Генерація вершинного покриття (зі списку суміжності) ---
Знайдене максимальне парування (M): {(33, 97), (71, 81), (75, 100), (3, 117), (90, 94), (19, 113), (32, 43), (42, 118), (27, 123), (1, 110), (11, 112), (96, 119), (0, 57), (29, 47), (84, 108), (8, 76), (39, 109), (18, 120), (15, 124), (58, 104), (9, 93), (65, 91), (56, 116), (63, 70), (40, 74), (41, 106), (12, 122), (83, 115), (28, 54), (30, 48), (35, 99), (7, 92), (51, 61), (86, 98), (25, 55), (64, 95), (2, 59), (60, 82), (4, 23), (31, 46), (69, 103), (68, 80), (13, 22), (6, 77), (24, 37), (88, 101), (14, 66), (73, 85), (72, 107), (20, 36), (26, 52), (21, 111), (45, 105), (5, 44), (16, 78), (53, 121), (17, 49)}
Згенероване вершинне покриття (C): [0, 1, 2, 3, 4, 5, 6, 7, 8, 9, 11, 12, 13, 14, 15, 16, 17, 18, 19, 20, 21, 22, 23, 24, 25, 26, 27, 28, 29, 30, 31, 32, 33, 35, 36, 37, 39, 40, 41, 42, 43, 44, 45, 46, 47, 48, 49, 51, 52, 53, 54, 55, 56, 57, 58, 59, 60, 61, 63, 64, 65, 66, 68, 69, 70, 71, 72, 73, 74, 75, 76, 77, 78, 80, 81, 82, 83, 84, 85, 86, 88, 90, 91, 92, 93, 94, 95, 96, 97, 98, 99, 100, 101, 103, 104, 105, 106, 107, 108, 109, 110, 111, 112, 113, 115, 116, 117, 118, 119, 120, 121, 122, 123, 124]

--- Генерація вершинного покриття (зі списку суміжності) ---
Знайдене максимальне парування (M): {(36, 120), (30, 107), (50, 61), (31, 81), (37, 76), (12, 22), (89, 98), (0, 24), (21, 49), (62, 123), (46, 87), (20, 71), (48, 96), (58, 70), (88, 105), (51, 116), (44, 117), (63, 100), (57, 114), (92, 104), (32, 124), (8, 23), (27, 91), (34, 106), (16, 122), (2, 74), (9, 25), (33, 83), (3, 103), (75, 95), (54, 66), (94, 108), (15, 73), (18, 85), (69, 121), (19, 56), (4, 13), (6, 101), (43, 59), (80, 84), (14, 17), (42, 67), (26, 52), (10, 68), (1, 65), (11, 119), (72, 113), (47, 99), (64, 112), (55, 109), (97, 118), (5, 102), (45, 53)}
Згенероване вершинне покриття (C): [0, 1, 2, 3, 4, 5, 6, 8, 9, 10, 11, 12, 13, 14, 15, 16, 17, 18, 19, 20, 21, 22, 23, 24, 25, 26, 27, 30, 31, 32, 33, 34, 36, 37, 42, 43, 44, 45, 46, 47, 48, 49, 50, 51, 52, 53, 54, 55, 56, 57, 58, 59, 61, 62, 63, 64, 65, 66, 67, 68, 69, 70, 71, 72, 73, 74, 75, 76, 80, 81, 83, 84, 85, 87, 88, 89, 91, 92, 94, 95, 96, 97, 98, 99, 100, 101, 102, 103, 104, 105, 106, 107, 108, 109, 112, 113, 114, 116, 117, 118, 119, 120, 121, 122, 123, 124]

--- Генерація вершинного покриття (зі списку суміжності) ---
Знайдене максимальне парування (M): {(13, 94), (62, 72), (4, 9), (22, 75), (39, 91), (1, 46), (60, 123), (41, 122), (70, 73), (14, 19), (18, 47), (38, 50), (61, 79), (56, 101), (27, 28), (67, 104), (85, 88), (26, 78), (92, 110), (35, 84), (80, 116), (48, 87), (82, 89), (83, 109), (99, 102), (58, 64), (65, 112), (40, 86), (24, 108), (33, 114), (0, 59), (7, 98), (2, 53), (30, 124), (21, 42), (77, 107), (97, 113), (23, 54), (11, 34), (32, 44), (93, 115), (36, 69), (43, 117), (12, 90), (57, 119), (6, 52), (20, 51), (31, 45), (71, 121), (55, 100), (5, 96), (10, 25), (63, 68), (8, 37), (3, 105), (17, 49)}
Згенероване вершинне покриття (C): [0, 1, 2, 3, 4, 5, 6, 7, 8, 9, 10, 11, 12, 13, 14, 17, 18, 19, 20, 21, 22, 23, 24, 25, 26, 27, 28, 30, 31, 32, 33, 34, 35, 36, 37, 38, 39, 40, 41, 42, 43, 44, 45, 46, 47, 48, 49, 50, 51, 52, 53, 54, 55, 56, 57, 58, 59, 60, 61, 62, 63, 64, 65, 67, 68, 69, 70, 71, 72, 73, 75, 77, 78, 79, 80, 82, 83, 84, 85, 86, 87, 88, 89, 90, 91, 92, 93, 94, 96, 97, 98, 99, 100, 101, 102, 104, 105, 107, 108, 109, 110, 112, 113, 114, 115, 116, 117, 119, 121, 122, 123, 124]

--- Генерація вершинного покриття (зі списку суміжності) ---
Знайдене максимальне парування (M): {(55, 69), (12, 13), (101, 112), (52, 119), (53, 90), (20, 35), (64, 96), (78, 83), (123, 124), (86, 105), (62, 111), (84, 114), (27, 37), (40, 117), (33, 87), (28, 42), (120, 122), (30, 91), (47, 107), (15, 75), (60, 95), (68, 81), (11, 32), (44, 102), (63, 85), (76, 106), (73, 89), (45, 103), (79, 98), (16, 94), (3, 66), (19, 56), (21, 23), (1, 99), (4, 10), (34, 72), (6, 31), (59, 71), (24, 113), (61, 65), (2, 110), (49, 109), (29, 100), (38, 57), (41, 80), (77, 97), (104, 118), (36, 93), (7, 8), (9, 88), (26, 67), (22, 115), (39, 70), (17, 43)}
Згенероване вершинне покриття (C): [1, 2, 3, 4, 6, 7, 8, 9, 10, 11, 12, 13, 15, 16, 17, 19, 20, 21, 22, 23, 24, 26, 27, 28, 29, 30, 31, 32, 33, 34, 35, 36, 37, 38, 39, 40, 41, 42, 43, 44, 45, 47, 49, 52, 53, 55, 56, 57, 59, 60, 61, 62, 63, 64, 65, 66, 67, 68, 69, 70, 71, 72, 73, 75, 76, 77, 78, 79, 80, 81, 83, 84, 85, 86, 87, 88, 89, 90, 91, 93, 94, 95, 96, 97, 98, 99, 100, 101, 102, 103, 104, 105, 106, 107, 109, 110, 111, 112, 113, 114, 115, 117, 118, 119, 120, 122, 123, 124]

--- Генерація вершинного покриття (зі списку суміжності) ---
Знайдене максимальне парування (M): {(14, 117), (54, 74), (33, 103), (42, 112), (95, 96), (4, 21), (20, 93), (34, 92), (0, 63), (44, 72), (59, 91), (29, 120), (41, 88), (38, 80), (78, 122), (102, 119), (35, 90), (48, 87), (83, 115), (5, 116), (51, 107), (28, 66), (65, 109), (47, 73), (45, 82), (23, 79), (53, 86), (57, 68), (31, 46), (18, 64), (49, 67), (2, 77), (30, 99), (1, 26), (9, 101), (70, 123), (19, 56), (25, 39), (37, 71), (16, 36), (11, 52), (13, 104), (10, 105), (24, 113), (6, 40), (12, 84), (7, 124), (55, 94), (15, 110), (22, 97), (50, 89), (75, 85), (62, 121), (58, 108)}
Згенероване вершинне покриття (C): [0, 1, 2, 4, 5, 6, 7, 9, 10, 11, 12, 13, 14, 15, 16, 18, 19, 20, 21, 22, 23, 24, 25, 26, 28, 29, 30, 31, 33, 34, 35, 36, 37, 38, 39, 40, 41, 42, 44, 45, 46, 47, 48, 49, 50, 51, 52, 53, 54, 55, 56, 57, 58, 59, 62, 63, 64, 65, 66, 67, 68, 70, 71, 72, 73, 74, 75, 77, 78, 79, 80, 82, 83, 84, 85, 86, 87, 88, 89, 90, 91, 92, 93, 94, 95, 96, 97, 99, 101, 102, 103, 104, 105, 107, 108, 109, 110, 112, 113, 115, 116, 117, 119, 120, 121, 122, 123, 124]

--- Генерація вершинного покриття (зі списку суміжності) ---
Знайдене максимальне парування (M): {(36, 123), (61, 116), (105, 122), (14, 65), (67, 80), (101, 112), (11, 66), (50, 76), (38, 44), (23, 49), (21, 110), (62, 120), (59, 100), (54, 55), (13, 17), (2, 72), (85, 97), (83, 115), (41, 118), (26, 99), (84, 92), (64, 89), (39, 70), (19, 69), (43, 121), (114, 117), (22, 95), (20, 98), (91, 94), (4, 102), (34, 109), (46, 74), (7, 9), (0, 28), (45, 57), (10, 35), (33, 37), (24, 86), (93, 106), (47, 63), (25, 42), (31, 79), (29, 88), (90, 104), (68, 107), (27, 81), (6, 52), (5, 32), (16, 60), (48, 119), (87, 111), (53, 124), (15, 18)}
Згенероване вершинне покриття (C): [0, 2, 4, 5, 6, 7, 9, 10, 11, 13, 14, 15, 16, 17, 18, 19, 20, 21, 22, 23, 24, 25, 26, 27, 28, 29, 31, 32, 33, 34, 35, 36, 37, 38, 39, 41, 42, 43, 44, 45, 46, 47, 48, 49, 50, 52, 53, 54, 55, 57, 59, 60, 61, 62, 63, 64, 65, 66, 67, 68, 69, 70, 72, 74, 76, 79, 80, 81, 83, 84, 85, 86, 87, 88, 89, 90, 91, 92, 93, 94, 95, 97, 98, 99, 100, 101, 102, 104, 105, 106, 107, 109, 110, 111, 112, 114, 115, 116, 117, 118, 119, 120, 121, 122, 123, 124]

Середній час виконання: 0.0000827932 секунд
