
--- Генерація вершинного покриття (зі списку суміжності) ---
Знайдене максимальне парування (M): {(12, 27), (19, 24), (0, 26), (17, 20), (2, 7), (1, 5), (4, 28), (6, 14), (8, 9), (10, 29), (13, 22), (15, 25), (16, 18), (21, 23), (3, 11)}
Згенероване вершинне покриття (C): [0, 1, 2, 3, 4, 5, 6, 7, 8, 9, 10, 11, 12, 13, 14, 15, 16, 17, 18, 19, 20, 21, 22, 23, 24, 25, 26, 27, 28, 29]

--- Генерація вершинного покриття (зі списку суміжності) ---
Знайдене максимальне парування (M): {(0, 10), (5, 8), (2, 26), (19, 20), (21, 22), (6, 27), (4, 25), (3, 16), (13, 29), (1, 23), (14, 18), (15, 28), (7, 24), (11, 17)}
Згенероване вершинне покриття (C): [0, 1, 2, 3, 4, 5, 6, 7, 8, 10, 11, 13, 14, 15, 16, 17, 18, 19, 20, 21, 22, 23, 24, 25, 26, 27, 28, 29]

--- Генерація вершинного покриття (зі списку суміжності) ---
Знайдене максимальне парування (M): {(8, 27), (6, 21), (13, 23), (18, 20), (4, 9), (0, 26), (10, 17), (12, 29), (11, 22), (3, 16), (7, 25), (14, 28), (1, 19), (2, 24)}
Згенероване вершинне покриття (C): [0, 1, 2, 3, 4, 6, 7, 8, 9, 10, 11, 12, 13, 14, 16, 17, 18, 19, 20, 21, 22, 23, 24, 25, 26, 27, 28, 29]

--- Генерація вершинного покриття (зі списку суміжності) ---
Знайдене максимальне парування (M): {(10, 11), (8, 27), (0, 26), (16, 19), (9, 28), (17, 29), (1, 14), (6, 20), (7, 13), (4, 5), (23, 25), (3, 22), (2, 18), (12, 24)}
Згенероване вершинне покриття (C): [0, 1, 2, 3, 4, 5, 6, 7, 8, 9, 10, 11, 12, 13, 14, 16, 17, 18, 19, 20, 22, 23, 24, 25, 26, 27, 28, 29]

--- Генерація вершинного покриття (зі списку суміжності) ---
Знайдене максимальне парування (M): {(8, 27), (12, 26), (22, 24), (19, 20), (5, 17), (21, 28), (1, 23), (0, 25), (9, 14), (6, 16), (11, 18), (3, 15), (4, 7)}
Згенероване вершинне покриття (C): [0, 1, 3, 4, 5, 6, 7, 8, 9, 11, 12, 14, 15, 16, 17, 18, 19, 20, 21, 22, 23, 24, 25, 26, 27, 28]

--- Генерація вершинного покриття (зі списку суміжності) ---
Знайдене максимальне парування (M): {(17, 23), (4, 9), (1, 11), (8, 26), (2, 13), (14, 16), (15, 20), (12, 22), (19, 25), (0, 5), (3, 28), (27, 29), (21, 24)}
Згенероване вершинне покриття (C): [0, 1, 2, 3, 4, 5, 8, 9, 11, 12, 13, 14, 15, 16, 17, 19, 20, 21, 22, 23, 24, 25, 26, 27, 28, 29]

--- Генерація вершинного покриття (зі списку суміжності) ---
Знайдене максимальне парування (M): {(0, 23), (18, 27), (8, 14), (12, 15), (21, 22), (13, 29), (3, 16), (1, 17), (5, 26), (2, 28), (4, 24), (20, 25), (10, 19), (6, 9)}
Згенероване вершинне покриття (C): [0, 1, 2, 3, 4, 5, 6, 8, 9, 10, 12, 13, 14, 15, 16, 17, 18, 19, 20, 21, 22, 23, 24, 25, 26, 27, 28, 29]

--- Генерація вершинного покриття (зі списку суміжності) ---
Знайдене максимальне парування (M): {(12, 17), (20, 24), (11, 16), (15, 27), (2, 26), (9, 28), (1, 8), (18, 29), (5, 23), (13, 19), (0, 21), (3, 22), (10, 25), (4, 7)}
Згенероване вершинне покриття (C): [0, 1, 2, 3, 4, 5, 7, 8, 9, 10, 11, 12, 13, 15, 16, 17, 18, 19, 20, 21, 22, 23, 24, 25, 26, 27, 28, 29]

--- Генерація вершинного покриття (зі списку суміжності) ---
Знайдене максимальне парування (M): {(21, 26), (3, 4), (18, 20), (5, 14), (2, 10), (17, 19), (22, 29), (7, 24), (23, 28), (6, 13), (11, 25), (12, 15), (0, 8), (16, 27), (1, 9)}
Згенероване вершинне покриття (C): [0, 1, 2, 3, 4, 5, 6, 7, 8, 9, 10, 11, 12, 13, 14, 15, 16, 17, 18, 19, 20, 21, 22, 23, 24, 25, 26, 27, 28, 29]

--- Генерація вершинного покриття (зі списку суміжності) ---
Знайдене максимальне парування (M): {(2, 14), (3, 8), (15, 24), (7, 20), (11, 19), (23, 29), (27, 28), (9, 25), (10, 26), (6, 13), (0, 21), (4, 17), (5, 12), (1, 22)}
Згенероване вершинне покриття (C): [0, 1, 2, 3, 4, 5, 6, 7, 8, 9, 10, 11, 12, 13, 14, 15, 17, 19, 20, 21, 22, 23, 24, 25, 26, 27, 28, 29]

--- Генерація вершинного покриття (зі списку суміжності) ---
Знайдене максимальне парування (M): {(10, 11), (3, 14), (2, 23), (24, 26), (9, 25), (5, 20), (12, 22), (8, 19), (4, 18), (16, 21), (6, 29), (13, 15), (27, 28), (0, 17)}
Згенероване вершинне покриття (C): [0, 2, 3, 4, 5, 6, 8, 9, 10, 11, 12, 13, 14, 15, 16, 17, 18, 19, 20, 21, 22, 23, 24, 25, 26, 27, 28, 29]

--- Генерація вершинного покриття (зі списку суміжності) ---
Знайдене максимальне парування (M): {(13, 14), (4, 17), (0, 20), (2, 8), (9, 27), (24, 26), (12, 21), (7, 28), (11, 15), (3, 19), (6, 29), (5, 22), (1, 25), (10, 18), (16, 23)}
Згенероване вершинне покриття (C): [0, 1, 2, 3, 4, 5, 6, 7, 8, 9, 10, 11, 12, 13, 14, 15, 16, 17, 18, 19, 20, 21, 22, 23, 24, 25, 26, 27, 28, 29]

--- Генерація вершинного покриття (зі списку суміжності) ---
Знайдене максимальне парування (M): {(2, 27), (10, 24), (17, 26), (16, 19), (20, 23), (4, 28), (15, 29), (13, 22), (7, 12), (0, 18), (5, 9), (6, 25), (14, 21), (8, 11)}
Згенероване вершинне покриття (C): [0, 2, 4, 5, 6, 7, 8, 9, 10, 11, 12, 13, 14, 15, 16, 17, 18, 19, 20, 21, 22, 23, 24, 25, 26, 27, 28, 29]

--- Генерація вершинного покриття (зі списку суміжності) ---
Знайдене максимальне парування (M): {(17, 26), (8, 23), (6, 20), (3, 10), (13, 19), (4, 21), (12, 28), (27, 29), (1, 16), (7, 15), (0, 24), (22, 25), (9, 14), (2, 11), (5, 18)}
Згенероване вершинне покриття (C): [0, 1, 2, 3, 4, 5, 6, 7, 8, 9, 10, 11, 12, 13, 14, 15, 16, 17, 18, 19, 20, 21, 22, 23, 24, 25, 26, 27, 28, 29]

--- Генерація вершинного покриття (зі списку суміжності) ---
Знайдене максимальне парування (M): {(9, 10), (0, 7), (21, 26), (1, 12), (19, 23), (5, 14), (13, 20), (6, 8), (4, 28), (3, 17), (18, 22), (11, 15), (2, 25), (16, 27)}
Згенероване вершинне покриття (C): [0, 1, 2, 3, 4, 5, 6, 7, 8, 9, 10, 11, 12, 13, 14, 15, 16, 17, 18, 19, 20, 21, 22, 23, 25, 26, 27, 28]

--- Генерація вершинного покриття (зі списку суміжності) ---
Знайдене максимальне парування (M): {(16, 20), (0, 29), (2, 26), (4, 28), (13, 18), (1, 8), (5, 7), (9, 15), (10, 17), (19, 25), (14, 22), (3, 6), (12, 24), (11, 27), (21, 23)}
Згенероване вершинне покриття (C): [0, 1, 2, 3, 4, 5, 6, 7, 8, 9, 10, 11, 12, 13, 14, 15, 16, 17, 18, 19, 20, 21, 22, 23, 24, 25, 26, 27, 28, 29]

--- Генерація вершинного покриття (зі списку суміжності) ---
Знайдене максимальне парування (M): {(18, 27), (1, 12), (3, 14), (11, 26), (5, 24), (4, 9), (19, 20), (7, 29), (2, 13), (10, 16), (0, 21), (8, 28), (15, 22), (6, 25)}
Згенероване вершинне покриття (C): [0, 1, 2, 3, 4, 5, 6, 7, 8, 9, 10, 11, 12, 13, 14, 15, 16, 18, 19, 20, 21, 22, 24, 25, 26, 27, 28, 29]

--- Генерація вершинного покриття (зі списку суміжності) ---
Знайдене максимальне парування (M): {(9, 10), (6, 21), (2, 26), (1, 8), (15, 20), (19, 29), (5, 13), (16, 23), (24, 28), (12, 25), (4, 14), (3, 18), (7, 11), (0, 17)}
Згенероване вершинне покриття (C): [0, 1, 2, 3, 4, 5, 6, 7, 8, 9, 10, 11, 12, 13, 14, 15, 16, 17, 18, 19, 20, 21, 23, 24, 25, 26, 28, 29]

--- Генерація вершинного покриття (зі списку суміжності) ---
Знайдене максимальне парування (M): {(19, 24), (6, 12), (5, 21), (0, 16), (4, 9), (8, 20), (2, 13), (10, 26), (14, 29), (23, 28), (3, 22), (7, 15), (17, 18), (1, 25)}
Згенероване вершинне покриття (C): [0, 1, 2, 3, 4, 5, 6, 7, 8, 9, 10, 12, 13, 14, 15, 16, 17, 18, 19, 20, 21, 22, 23, 24, 25, 26, 28, 29]

--- Генерація вершинного покриття (зі списку суміжності) ---
Знайдене максимальне парування (M): {(2, 14), (10, 11), (0, 4), (7, 15), (12, 26), (22, 24), (19, 20), (21, 28), (13, 29), (3, 16), (1, 23), (25, 27), (8, 18), (6, 9)}
Згенероване вершинне покриття (C): [0, 1, 2, 3, 4, 6, 7, 8, 9, 10, 11, 12, 13, 14, 15, 16, 18, 19, 20, 21, 22, 23, 24, 25, 26, 27, 28, 29]

--- Генерація вершинного покриття (зі списку суміжності) ---
Знайдене максимальне парування (M): {(0, 7), (2, 17), (13, 20), (11, 27), (4, 28), (15, 23), (12, 22), (3, 19), (9, 24), (1, 26), (5, 29), (14, 21), (6, 16), (10, 18)}
Згенероване вершинне покриття (C): [0, 1, 2, 3, 4, 5, 6, 7, 9, 10, 11, 12, 13, 14, 15, 16, 17, 18, 19, 20, 21, 22, 23, 24, 26, 27, 28, 29]

--- Генерація вершинного покриття (зі списку суміжності) ---
Знайдене максимальне парування (M): {(23, 24), (6, 9), (27, 28), (20, 26), (19, 29), (4, 7), (3, 22), (13, 18), (12, 21), (8, 15), (1, 25), (2, 11), (0, 17)}
Згенероване вершинне покриття (C): [0, 1, 2, 3, 4, 6, 7, 8, 9, 11, 12, 13, 15, 17, 18, 19, 20, 21, 22, 23, 24, 25, 26, 27, 28, 29]

--- Генерація вершинного покриття (зі списку суміжності) ---
Знайдене максимальне парування (M): {(8, 24), (16, 26), (7, 17), (9, 19), (4, 23), (5, 18), (1, 27), (3, 13), (11, 15), (10, 29), (2, 25), (12, 21), (20, 28), (6, 22)}
Згенероване вершинне покриття (C): [1, 2, 3, 4, 5, 6, 7, 8, 9, 10, 11, 12, 13, 15, 16, 17, 18, 19, 20, 21, 22, 23, 24, 25, 26, 27, 28, 29]

--- Генерація вершинного покриття (зі списку суміжності) ---
Знайдене максимальне парування (M): {(14, 24), (9, 23), (16, 26), (6, 21), (15, 27), (18, 29), (1, 20), (7, 19), (17, 28), (11, 25), (0, 5), (4, 8), (3, 12), (10, 22)}
Згенероване вершинне покриття (C): [0, 1, 3, 4, 5, 6, 7, 8, 9, 10, 11, 12, 14, 15, 16, 17, 18, 19, 20, 21, 22, 23, 24, 25, 26, 27, 28, 29]

--- Генерація вершинного покриття (зі списку суміжності) ---
Знайдене максимальне парування (M): {(10, 21), (7, 23), (17, 26), (15, 27), (6, 24), (0, 19), (12, 29), (8, 16), (4, 25), (5, 20), (13, 22), (3, 9), (2, 18), (14, 28)}
Згенероване вершинне покриття (C): [0, 2, 3, 4, 5, 6, 7, 8, 9, 10, 12, 13, 14, 15, 16, 17, 18, 19, 20, 21, 22, 23, 24, 25, 26, 27, 28, 29]

--- Генерація вершинного покриття (зі списку суміжності) ---
Знайдене максимальне парування (M): {(15, 21), (9, 13), (5, 11), (10, 24), (14, 27), (0, 3), (4, 12), (1, 17), (26, 29), (23, 25), (19, 28), (16, 18), (6, 22), (7, 8)}
Згенероване вершинне покриття (C): [0, 1, 3, 4, 5, 6, 7, 8, 9, 10, 11, 12, 13, 14, 15, 16, 17, 18, 19, 21, 22, 23, 24, 25, 26, 27, 28, 29]

--- Генерація вершинного покриття (зі списку суміжності) ---
Знайдене максимальне парування (M): {(6, 18), (11, 16), (1, 21), (5, 14), (13, 20), (2, 10), (23, 29), (15, 27), (3, 7), (4, 25), (12, 28), (19, 22), (0, 8), (17, 24), (9, 26)}
Згенероване вершинне покриття (C): [0, 1, 2, 3, 4, 5, 6, 7, 8, 9, 10, 11, 12, 13, 14, 15, 16, 17, 18, 19, 20, 21, 22, 23, 24, 25, 26, 27, 28, 29]

--- Генерація вершинного покриття (зі списку суміжності) ---
Знайдене максимальне парування (M): {(8, 14), (10, 11), (13, 23), (0, 16), (26, 27), (18, 19), (17, 22), (21, 25), (1, 7), (15, 29), (3, 9), (4, 24), (2, 5), (6, 28)}
Згенероване вершинне покриття (C): [0, 1, 2, 3, 4, 5, 6, 7, 8, 9, 10, 11, 13, 14, 15, 16, 17, 18, 19, 21, 22, 23, 24, 25, 26, 27, 28, 29]

--- Генерація вершинного покриття (зі списку суміжності) ---
Знайдене максимальне парування (M): {(4, 23), (11, 20), (10, 24), (18, 26), (15, 22), (7, 16), (17, 19), (6, 27), (5, 13), (21, 25), (3, 12), (1, 29), (0, 14), (2, 8)}
Згенероване вершинне покриття (C): [0, 1, 2, 3, 4, 5, 6, 7, 8, 10, 11, 12, 13, 14, 15, 16, 17, 18, 19, 20, 21, 22, 23, 24, 25, 26, 27, 29]

--- Генерація вершинного покриття (зі списку суміжності) ---
Знайдене максимальне парування (M): {(9, 29), (19, 27), (6, 11), (3, 17), (23, 26), (2, 16), (14, 20), (12, 22), (4, 5), (13, 28), (18, 25), (21, 24), (7, 15), (1, 10), (0, 8)}
Згенероване вершинне покриття (C): [0, 1, 2, 3, 4, 5, 6, 7, 8, 9, 10, 11, 12, 13, 14, 15, 16, 17, 18, 19, 20, 21, 22, 23, 24, 25, 26, 27, 28, 29]

--- Генерація вершинного покриття (зі списку суміжності) ---
Знайдене максимальне парування (M): {(5, 15), (12, 17), (2, 7), (6, 11), (4, 9), (10, 20), (14, 29), (3, 13), (19, 25), (22, 26), (0, 21), (1, 16), (23, 24), (27, 28)}
Згенероване вершинне покриття (C): [0, 1, 2, 3, 4, 5, 6, 7, 9, 10, 11, 12, 13, 14, 15, 16, 17, 19, 20, 21, 22, 23, 24, 25, 26, 27, 28, 29]

--- Генерація вершинного покриття (зі списку суміжності) ---
Знайдене максимальне парування (M): {(24, 27), (7, 23), (12, 20), (2, 10), (0, 3), (8, 29), (17, 22), (4, 21), (11, 25), (6, 26), (13, 28), (9, 14), (1, 16), (15, 19), (5, 18)}
Згенероване вершинне покриття (C): [0, 1, 2, 3, 4, 5, 6, 7, 8, 9, 10, 11, 12, 13, 14, 15, 16, 17, 18, 19, 20, 21, 22, 23, 24, 25, 26, 27, 28, 29]

--- Генерація вершинного покриття (зі списку суміжності) ---
Знайдене максимальне парування (M): {(9, 10), (0, 20), (14, 27), (2, 26), (1, 8), (13, 16), (4, 12), (6, 23), (24, 25), (3, 19), (22, 29), (7, 21), (17, 18), (5, 28)}
Згенероване вершинне покриття (C): [0, 1, 2, 3, 4, 5, 6, 7, 8, 9, 10, 12, 13, 14, 16, 17, 18, 19, 20, 21, 22, 23, 24, 25, 26, 27, 28, 29]

--- Генерація вершинного покриття (зі списку суміжності) ---
Знайдене максимальне парування (M): {(23, 27), (5, 11), (17, 20), (15, 24), (16, 19), (2, 10), (14, 25), (7, 12), (8, 28), (13, 18), (6, 29), (3, 21), (1, 22)}
Згенероване вершинне покриття (C): [1, 2, 3, 5, 6, 7, 8, 10, 11, 12, 13, 14, 15, 16, 17, 18, 19, 20, 21, 22, 23, 24, 25, 27, 28, 29]

--- Генерація вершинного покриття (зі списку суміжності) ---
Знайдене максимальне парування (M): {(20, 23), (10, 17), (1, 14), (9, 21), (3, 13), (0, 18), (6, 26), (15, 19), (12, 25), (4, 8), (16, 24), (27, 29), (2, 5), (22, 28)}
Згенероване вершинне покриття (C): [0, 1, 2, 3, 4, 5, 6, 8, 9, 10, 12, 13, 14, 15, 16, 17, 18, 19, 20, 21, 22, 23, 24, 25, 26, 27, 28, 29]

--- Генерація вершинного покриття (зі списку суміжності) ---
Знайдене максимальне парування (M): {(18, 27), (5, 15), (8, 14), (20, 23), (2, 16), (11, 28), (7, 9), (26, 29), (10, 12), (3, 6), (13, 25), (0, 24), (4, 17), (19, 21), (1, 22)}
Згенероване вершинне покриття (C): [0, 1, 2, 3, 4, 5, 6, 7, 8, 9, 10, 11, 12, 13, 14, 15, 16, 17, 18, 19, 20, 21, 22, 23, 24, 25, 26, 27, 28, 29]

--- Генерація вершинного покриття (зі списку суміжності) ---
Знайдене максимальне парування (M): {(9, 23), (1, 2), (15, 24), (12, 20), (21, 29), (4, 22), (8, 26), (5, 17), (3, 13), (10, 16), (25, 27), (14, 28), (6, 19), (7, 18), (0, 11)}
Згенероване вершинне покриття (C): [0, 1, 2, 3, 4, 5, 6, 7, 8, 9, 10, 11, 12, 13, 14, 15, 16, 17, 18, 19, 20, 21, 22, 23, 24, 25, 26, 27, 28, 29]

--- Генерація вершинного покриття (зі списку суміжності) ---
Знайдене максимальне парування (M): {(8, 27), (3, 4), (11, 16), (21, 23), (15, 20), (7, 9), (1, 17), (0, 2), (26, 29), (6, 10), (19, 22), (5, 25), (12, 14), (13, 24)}
Згенероване вершинне покриття (C): [0, 1, 2, 3, 4, 5, 6, 7, 8, 9, 10, 11, 12, 13, 14, 15, 16, 17, 19, 20, 21, 22, 23, 24, 25, 26, 27, 29]

--- Генерація вершинного покриття (зі списку суміжності) ---
Знайдене максимальне парування (M): {(0, 20), (27, 28), (15, 23), (8, 26), (2, 10), (19, 29), (4, 21), (3, 25), (1, 13), (14, 22), (11, 24), (7, 18), (5, 12), (16, 17)}
Згенероване вершинне покриття (C): [0, 1, 2, 3, 4, 5, 7, 8, 10, 11, 12, 13, 14, 15, 16, 17, 18, 19, 20, 21, 22, 23, 24, 25, 26, 27, 28, 29]

--- Генерація вершинного покриття (зі списку суміжності) ---
Знайдене максимальне парування (M): {(10, 11), (3, 18), (0, 9), (8, 16), (15, 20), (14, 29), (6, 13), (1, 26), (2, 12), (5, 25), (7, 21), (23, 24), (22, 28), (17, 27)}
Згенероване вершинне покриття (C): [0, 1, 2, 3, 5, 6, 7, 8, 9, 10, 11, 12, 13, 14, 15, 16, 17, 18, 20, 21, 22, 23, 24, 25, 26, 27, 28, 29]

--- Генерація вершинного покриття (зі списку суміжності) ---
Знайдене максимальне парування (M): {(7, 23), (5, 11), (28, 29), (10, 17), (6, 27), (1, 4), (3, 16), (0, 12), (8, 19), (9, 24), (14, 22), (13, 25), (2, 15), (20, 21)}
Згенероване вершинне покриття (C): [0, 1, 2, 3, 4, 5, 6, 7, 8, 9, 10, 11, 12, 13, 14, 15, 16, 17, 19, 20, 21, 22, 23, 24, 25, 27, 28, 29]

--- Генерація вершинного покриття (зі списку суміжності) ---
Знайдене максимальне парування (M): {(19, 24), (5, 15), (9, 13), (2, 8), (3, 18), (7, 16), (23, 29), (1, 22), (20, 26), (0, 6), (11, 28), (17, 21), (4, 27), (12, 14), (10, 25)}
Згенероване вершинне покриття (C): [0, 1, 2, 3, 4, 5, 6, 7, 8, 9, 10, 11, 12, 13, 14, 15, 16, 17, 18, 19, 20, 21, 22, 23, 24, 25, 26, 27, 28, 29]

--- Генерація вершинного покриття (зі списку суміжності) ---
Знайдене максимальне парування (M): {(9, 20), (0, 19), (15, 23), (5, 18), (2, 13), (3, 16), (17, 28), (11, 25), (26, 29), (4, 14), (1, 10), (8, 12), (21, 27), (7, 24), (6, 22)}
Згенероване вершинне покриття (C): [0, 1, 2, 3, 4, 5, 6, 7, 8, 9, 10, 11, 12, 13, 14, 15, 16, 17, 18, 19, 20, 21, 22, 23, 24, 25, 26, 27, 28, 29]

--- Генерація вершинного покриття (зі списку суміжності) ---
Знайдене максимальне парування (M): {(12, 17), (16, 26), (11, 19), (6, 23), (4, 21), (1, 13), (2, 28), (3, 9), (0, 15), (20, 25), (27, 29), (14, 18), (10, 22), (7, 8)}
Згенероване вершинне покриття (C): [0, 1, 2, 3, 4, 6, 7, 8, 9, 10, 11, 12, 13, 14, 15, 16, 17, 18, 19, 20, 21, 22, 23, 25, 26, 27, 28, 29]

--- Генерація вершинного покриття (зі списку суміжності) ---
Знайдене максимальне парування (M): {(5, 15), (8, 27), (11, 16), (0, 29), (10, 20), (4, 7), (3, 13), (19, 25), (23, 28), (17, 22), (1, 6), (2, 21), (18, 24), (12, 14)}
Згенероване вершинне покриття (C): [0, 1, 2, 3, 4, 5, 6, 7, 8, 10, 11, 12, 13, 14, 15, 16, 17, 18, 19, 20, 21, 22, 23, 24, 25, 27, 28, 29]

--- Генерація вершинного покриття (зі списку суміжності) ---
Знайдене максимальне парування (M): {(15, 21), (14, 27), (2, 26), (1, 8), (12, 13), (16, 24), (11, 18), (4, 20), (7, 22), (23, 28), (3, 9), (5, 25), (6, 29), (0, 17)}
Згенероване вершинне покриття (C): [0, 1, 2, 3, 4, 5, 6, 7, 8, 9, 11, 12, 13, 14, 15, 16, 17, 18, 20, 21, 22, 23, 24, 25, 26, 27, 28, 29]

--- Генерація вершинного покриття (зі списку суміжності) ---
Знайдене максимальне парування (M): {(12, 24), (20, 27), (25, 28), (18, 29), (0, 22), (10, 13), (1, 26), (4, 11), (6, 19), (2, 5), (3, 15), (14, 21), (16, 23)}
Згенероване вершинне покриття (C): [0, 1, 2, 3, 4, 5, 6, 10, 11, 12, 13, 14, 15, 16, 18, 19, 20, 21, 22, 23, 24, 25, 26, 27, 28, 29]

--- Генерація вершинного покриття (зі списку суміжності) ---
Знайдене максимальне парування (M): {(9, 16), (3, 4), (18, 20), (8, 23), (6, 14), (21, 22), (7, 29), (19, 26), (11, 12), (0, 15), (1, 10), (13, 25), (17, 27)}
Згенероване вершинне покриття (C): [0, 1, 3, 4, 6, 7, 8, 9, 10, 11, 12, 13, 14, 15, 16, 17, 18, 19, 20, 21, 22, 23, 25, 26, 27, 29]

--- Генерація вершинного покриття (зі списку суміжності) ---
Знайдене максимальне парування (M): {(2, 14), (9, 23), (0, 26), (1, 11), (18, 29), (4, 12), (6, 27), (10, 20), (16, 28), (3, 13), (19, 25), (7, 22), (17, 24), (8, 15)}
Згенероване вершинне покриття (C): [0, 1, 2, 3, 4, 6, 7, 8, 9, 10, 11, 12, 13, 14, 15, 16, 17, 18, 19, 20, 22, 23, 24, 25, 26, 27, 28, 29]

--- Генерація вершинного покриття (зі списку суміжності) ---
Знайдене максимальне парування (M): {(19, 24), (4, 26), (11, 23), (20, 27), (1, 5), (25, 28), (2, 10), (13, 16), (6, 17), (9, 21), (7, 22), (3, 18), (0, 8)}
Згенероване вершинне покриття (C): [0, 1, 2, 3, 4, 5, 6, 7, 8, 9, 10, 11, 13, 16, 17, 18, 19, 20, 21, 22, 23, 24, 25, 26, 27, 28]

Середній час виконання: 0.0000402737 секунд
