
--- Генерація вершинного покриття (зі списку суміжності) ---
Знайдене максимальне парування (M): {(17, 107), (72, 76), (33, 45), (60, 62), (46, 51), (58, 74), (101, 115), (65, 122), (37, 79), (30, 73), (9, 14), (31, 38), (40, 105), (70, 88), (22, 99), (26, 57), (18, 114), (69, 98), (59, 97), (117, 123), (16, 80), (2, 84), (66, 93), (92, 118), (27, 52), (85, 109), (13, 44), (4, 63), (21, 24), (43, 48), (7, 95), (11, 53), (61, 75), (89, 103), (0, 77), (39, 68), (47, 54), (110, 116), (41, 102), (111, 121), (6, 19), (28, 120), (71, 94), (12, 87), (3, 78), (90, 113), (15, 49), (112, 119), (29, 106), (56, 96), (5, 8), (36, 81), (23, 32), (20, 42), (104, 124), (50, 86), (55, 100), (67, 83), (35, 82), (1, 25)}
Згенероване вершинне покриття (C): [0, 1, 2, 3, 4, 5, 6, 7, 8, 9, 11, 12, 13, 14, 15, 16, 17, 18, 19, 20, 21, 22, 23, 24, 25, 26, 27, 28, 29, 30, 31, 32, 33, 35, 36, 37, 38, 39, 40, 41, 42, 43, 44, 45, 46, 47, 48, 49, 50, 51, 52, 53, 54, 55, 56, 57, 58, 59, 60, 61, 62, 63, 65, 66, 67, 68, 69, 70, 71, 72, 73, 74, 75, 76, 77, 78, 79, 80, 81, 82, 83, 84, 85, 86, 87, 88, 89, 90, 92, 93, 94, 95, 96, 97, 98, 99, 100, 101, 102, 103, 104, 105, 106, 107, 109, 110, 111, 112, 113, 114, 115, 116, 117, 118, 119, 120, 121, 122, 123, 124]

--- Генерація вершинного покриття (зі списку суміжності) ---
Знайдене максимальне парування (M): {(80, 114), (98, 101), (44, 100), (69, 123), (67, 71), (93, 120), (0, 112), (36, 74), (22, 87), (40, 99), (6, 106), (65, 70), (79, 121), (24, 124), (3, 34), (56, 104), (9, 23), (46, 72), (77, 117), (52, 97), (10, 39), (48, 81), (5, 116), (51, 113), (14, 122), (20, 86), (19, 60), (16, 43), (89, 91), (4, 29), (41, 78), (49, 61), (53, 107), (28, 35), (92, 105), (30, 38), (33, 37), (25, 88), (26, 83), (55, 119), (17, 59), (57, 95), (58, 66), (84, 85), (18, 94), (1, 47), (32, 50), (2, 110), (31, 103), (21, 102), (42, 76), (115, 118), (11, 15), (64, 109), (68, 73), (27, 90), (45, 111), (13, 82), (12, 108), (7, 63), (54, 62)}
Згенероване вершинне покриття (C): [0, 1, 2, 3, 4, 5, 6, 7, 9, 10, 11, 12, 13, 14, 15, 16, 17, 18, 19, 20, 21, 22, 23, 24, 25, 26, 27, 28, 29, 30, 31, 32, 33, 34, 35, 36, 37, 38, 39, 40, 41, 42, 43, 44, 45, 46, 47, 48, 49, 50, 51, 52, 53, 54, 55, 56, 57, 58, 59, 60, 61, 62, 63, 64, 65, 66, 67, 68, 69, 70, 71, 72, 73, 74, 76, 77, 78, 79, 80, 81, 82, 83, 84, 85, 86, 87, 88, 89, 90, 91, 92, 93, 94, 95, 97, 98, 99, 100, 101, 102, 103, 104, 105, 106, 107, 108, 109, 110, 111, 112, 113, 114, 115, 116, 117, 118, 119, 120, 121, 122, 123, 124]

--- Генерація вершинного покриття (зі списку суміжності) ---
Знайдене максимальне парування (M): {(60, 114), (50, 61), (49, 102), (32, 122), (16, 105), (101, 109), (56, 86), (68, 118), (20, 38), (70, 82), (41, 76), (112, 121), (80, 110), (1, 79), (6, 8), (65, 88), (85, 97), (35, 96), (55, 62), (10, 103), (46, 99), (3, 9), (24, 44), (4, 69), (7, 89), (95, 98), (59, 78), (52, 66), (81, 108), (15, 120), (26, 53), (12, 100), (27, 94), (22, 43), (83, 93), (91, 106), (77, 119), (28, 111), (21, 75), (2, 31), (0, 34), (37, 123), (33, 104), (5, 54), (47, 72), (25, 39), (42, 116), (11, 107), (19, 117), (51, 124), (87, 90), (36, 84), (57, 113), (14, 23), (18, 45), (13, 67), (48, 64), (30, 92), (17, 40), (63, 71)}
Згенероване вершинне покриття (C): [0, 1, 2, 3, 4, 5, 6, 7, 8, 9, 10, 11, 12, 13, 14, 15, 16, 17, 18, 19, 20, 21, 22, 23, 24, 25, 26, 27, 28, 30, 31, 32, 33, 34, 35, 36, 37, 38, 39, 40, 41, 42, 43, 44, 45, 46, 47, 48, 49, 50, 51, 52, 53, 54, 55, 56, 57, 59, 60, 61, 62, 63, 64, 65, 66, 67, 68, 69, 70, 71, 72, 75, 76, 77, 78, 79, 80, 81, 82, 83, 84, 85, 86, 87, 88, 89, 90, 91, 92, 93, 94, 95, 96, 97, 98, 99, 100, 101, 102, 103, 104, 105, 106, 107, 108, 109, 110, 111, 112, 113, 114, 116, 117, 118, 119, 120, 121, 122, 123, 124]

--- Генерація вершинного покриття (зі списку суміжності) ---
Знайдене максимальне парування (M): {(30, 98), (79, 88), (13, 91), (57, 97), (46, 103), (51, 59), (6, 39), (55, 81), (113, 117), (69, 86), (44, 124), (23, 34), (89, 95), (18, 62), (37, 106), (40, 123), (47, 107), (8, 42), (20, 74), (90, 93), (24, 108), (31, 92), (5, 12), (99, 120), (36, 76), (32, 60), (9, 68), (65, 66), (63, 109), (17, 87), (27, 85), (4, 84), (52, 75), (73, 116), (35, 77), (38, 64), (61, 96), (21, 121), (100, 115), (1, 26), (14, 112), (19, 41), (28, 56), (105, 111), (22, 70), (0, 43), (101, 104), (29, 33), (10, 114), (53, 94), (11, 122), (49, 54), (72, 110), (7, 48), (71, 118), (15, 119), (3, 102), (2, 82), (45, 50), (16, 78)}
Згенероване вершинне покриття (C): [0, 1, 2, 3, 4, 5, 6, 7, 8, 9, 10, 11, 12, 13, 14, 15, 16, 17, 18, 19, 20, 21, 22, 23, 24, 26, 27, 28, 29, 30, 31, 32, 33, 34, 35, 36, 37, 38, 39, 40, 41, 42, 43, 44, 45, 46, 47, 48, 49, 50, 51, 52, 53, 54, 55, 56, 57, 59, 60, 61, 62, 63, 64, 65, 66, 68, 69, 70, 71, 72, 73, 74, 75, 76, 77, 78, 79, 81, 82, 84, 85, 86, 87, 88, 89, 90, 91, 92, 93, 94, 95, 96, 97, 98, 99, 100, 101, 102, 103, 104, 105, 106, 107, 108, 109, 110, 111, 112, 113, 114, 115, 116, 117, 118, 119, 120, 121, 122, 123, 124]

--- Генерація вершинного покриття (зі списку суміжності) ---
Знайдене максимальне парування (M): {(45, 65), (36, 123), (26, 33), (96, 107), (46, 103), (27, 62), (105, 119), (87, 92), (57, 63), (38, 114), (2, 66), (40, 50), (7, 108), (51, 80), (15, 121), (18, 120), (53, 117), (42, 90), (49, 71), (10, 24), (34, 110), (75, 93), (47, 113), (41, 91), (56, 122), (25, 28), (59, 124), (82, 95), (67, 76), (11, 68), (37, 99), (5, 39), (102, 112), (55, 58), (23, 115), (64, 70), (12, 60), (43, 44), (13, 101), (29, 30), (77, 79), (3, 14), (6, 31), (84, 88), (0, 61), (48, 104), (4, 19), (69, 81), (74, 98), (20, 100), (17, 22), (52, 83), (72, 116), (106, 118), (35, 73), (86, 109), (78, 111), (9, 97), (1, 89)}
Згенероване вершинне покриття (C): [0, 1, 2, 3, 4, 5, 6, 7, 9, 10, 11, 12, 13, 14, 15, 17, 18, 19, 20, 22, 23, 24, 25, 26, 27, 28, 29, 30, 31, 33, 34, 35, 36, 37, 38, 39, 40, 41, 42, 43, 44, 45, 46, 47, 48, 49, 50, 51, 52, 53, 55, 56, 57, 58, 59, 60, 61, 62, 63, 64, 65, 66, 67, 68, 69, 70, 71, 72, 73, 74, 75, 76, 77, 78, 79, 80, 81, 82, 83, 84, 86, 87, 88, 89, 90, 91, 92, 93, 95, 96, 97, 98, 99, 100, 101, 102, 103, 104, 105, 106, 107, 108, 109, 110, 111, 112, 113, 114, 115, 116, 117, 118, 119, 120, 121, 122, 123, 124]

--- Генерація вершинного покриття (зі списку суміжності) ---
Знайдене максимальне парування (M): {(37, 55), (22, 60), (71, 96), (15, 42), (101, 112), (32, 116), (1, 52), (90, 115), (26, 57), (40, 114), (17, 88), (92, 103), (24, 78), (8, 33), (21, 119), (14, 113), (61, 106), (54, 58), (73, 77), (11, 38), (48, 87), (39, 84), (25, 34), (63, 85), (59, 66), (99, 105), (23, 82), (5, 70), (43, 118), (2, 56), (27, 67), (0, 62), (30, 69), (10, 75), (31, 49), (97, 110), (16, 64), (36, 45), (47, 51), (7, 9), (89, 124), (41, 44), (83, 108), (6, 74), (50, 111), (53, 79), (35, 95), (80, 121), (4, 120), (29, 94), (28, 65), (98, 117), (68, 107), (12, 81), (76, 123), (72, 104), (91, 93), (86, 100), (20, 109), (13, 18), (3, 102)}
Згенероване вершинне покриття (C): [0, 1, 2, 3, 4, 5, 6, 7, 8, 9, 10, 11, 12, 13, 14, 15, 16, 17, 18, 20, 21, 22, 23, 24, 25, 26, 27, 28, 29, 30, 31, 32, 33, 34, 35, 36, 37, 38, 39, 40, 41, 42, 43, 44, 45, 47, 48, 49, 50, 51, 52, 53, 54, 55, 56, 57, 58, 59, 60, 61, 62, 63, 64, 65, 66, 67, 68, 69, 70, 71, 72, 73, 74, 75, 76, 77, 78, 79, 80, 81, 82, 83, 84, 85, 86, 87, 88, 89, 90, 91, 92, 93, 94, 95, 96, 97, 98, 99, 100, 101, 102, 103, 104, 105, 106, 107, 108, 109, 110, 111, 112, 113, 114, 115, 116, 117, 118, 119, 120, 121, 123, 124]

--- Генерація вершинного покриття (зі списку суміжності) ---
Знайдене максимальне парування (M): {(43, 98), (69, 117), (7, 87), (80, 123), (29, 81), (54, 74), (44, 109), (33, 45), (48, 97), (14, 16), (61, 64), (22, 26), (72, 103), (52, 67), (5, 19), (39, 112), (6, 51), (20, 102), (12, 31), (21, 107), (17, 100), (42, 99), (49, 83), (18, 28), (36, 70), (34, 73), (0, 50), (9, 59), (88, 111), (84, 95), (47, 79), (57, 120), (38, 110), (8, 78), (53, 104), (92, 96), (55, 122), (23, 66), (13, 25), (2, 101), (94, 114), (76, 108), (27, 121), (32, 56), (63, 93), (86, 91), (41, 62), (113, 115), (77, 85), (24, 116), (65, 68), (1, 4), (3, 90), (75, 82), (35, 119), (89, 105), (11, 15), (106, 118), (71, 124), (40, 60), (37, 46)}
Згенероване вершинне покриття (C): [0, 1, 2, 3, 4, 5, 6, 7, 8, 9, 11, 12, 13, 14, 15, 16, 17, 18, 19, 20, 21, 22, 23, 24, 25, 26, 27, 28, 29, 31, 32, 33, 34, 35, 36, 37, 38, 39, 40, 41, 42, 43, 44, 45, 46, 47, 48, 49, 50, 51, 52, 53, 54, 55, 56, 57, 59, 60, 61, 62, 63, 64, 65, 66, 67, 68, 69, 70, 71, 72, 73, 74, 75, 76, 77, 78, 79, 80, 81, 82, 83, 84, 85, 86, 87, 88, 89, 90, 91, 92, 93, 94, 95, 96, 97, 98, 99, 100, 101, 102, 103, 104, 105, 106, 107, 108, 109, 110, 111, 112, 113, 114, 115, 116, 117, 118, 119, 120, 121, 122, 123, 124]

--- Генерація вершинного покриття (зі списку суміжності) ---
Знайдене максимальне парування (M): {(28, 107), (81, 82), (93, 114), (55, 66), (36, 123), (75, 115), (67, 71), (52, 58), (40, 84), (96, 119), (43, 113), (44, 106), (61, 76), (38, 56), (32, 70), (97, 105), (33, 124), (25, 62), (11, 23), (46, 87), (5, 102), (15, 26), (47, 64), (17, 121), (8, 51), (21, 24), (7, 89), (20, 92), (72, 108), (1, 60), (22, 95), (12, 45), (6, 120), (35, 74), (14, 39), (91, 100), (86, 122), (37, 111), (3, 112), (4, 59), (54, 69), (16, 27), (30, 50), (49, 88), (79, 101), (34, 78), (98, 117), (53, 94), (29, 42), (77, 85), (48, 110), (10, 68), (0, 9), (104, 118), (103, 116), (13, 73), (2, 18), (80, 99), (41, 83), (31, 57), (63, 65)}
Згенероване вершинне покриття (C): [0, 1, 2, 3, 4, 5, 6, 7, 8, 9, 10, 11, 12, 13, 14, 15, 16, 17, 18, 20, 21, 22, 23, 24, 25, 26, 27, 28, 29, 30, 31, 32, 33, 34, 35, 36, 37, 38, 39, 40, 41, 42, 43, 44, 45, 46, 47, 48, 49, 50, 51, 52, 53, 54, 55, 56, 57, 58, 59, 60, 61, 62, 63, 64, 65, 66, 67, 68, 69, 70, 71, 72, 73, 74, 75, 76, 77, 78, 79, 80, 81, 82, 83, 84, 85, 86, 87, 88, 89, 91, 92, 93, 94, 95, 96, 97, 98, 99, 100, 101, 102, 103, 104, 105, 106, 107, 108, 110, 111, 112, 113, 114, 115, 116, 117, 118, 119, 120, 121, 122, 123, 124]

--- Генерація вершинного покриття (зі списку суміжності) ---
Знайдене максимальне парування (M): {(53, 72), (54, 65), (41, 49), (24, 97), (4, 6), (23, 80), (46, 100), (66, 112), (63, 101), (5, 10), (18, 44), (86, 96), (68, 118), (99, 121), (9, 20), (39, 60), (56, 98), (50, 88), (62, 123), (12, 116), (45, 110), (37, 57), (3, 55), (31, 77), (14, 64), (2, 38), (26, 93), (47, 67), (32, 109), (17, 75), (69, 76), (19, 124), (59, 87), (84, 104), (79, 120), (7, 113), (82, 122), (34, 36), (16, 58), (61, 90), (28, 35), (33, 83), (48, 71), (92, 108), (21, 115), (29, 73), (27, 51), (8, 102), (22, 70), (85, 117), (25, 106), (107, 111), (1, 105), (43, 114), (78, 81), (40, 103), (13, 119), (0, 15), (30, 89), (42, 94), (52, 95)}
Згенероване вершинне покриття (C): [0, 1, 2, 3, 4, 5, 6, 7, 8, 9, 10, 12, 13, 14, 15, 16, 17, 18, 19, 20, 21, 22, 23, 24, 25, 26, 27, 28, 29, 30, 31, 32, 33, 34, 35, 36, 37, 38, 39, 40, 41, 42, 43, 44, 45, 46, 47, 48, 49, 50, 51, 52, 53, 54, 55, 56, 57, 58, 59, 60, 61, 62, 63, 64, 65, 66, 67, 68, 69, 70, 71, 72, 73, 75, 76, 77, 78, 79, 80, 81, 82, 83, 84, 85, 86, 87, 88, 89, 90, 92, 93, 94, 95, 96, 97, 98, 99, 100, 101, 102, 103, 104, 105, 106, 107, 108, 109, 110, 111, 112, 113, 114, 115, 116, 117, 118, 119, 120, 121, 122, 123, 124]

--- Генерація вершинного покриття (зі списку суміжності) ---
Знайдене максимальне парування (M): {(22, 121), (39, 76), (92, 122), (25, 99), (37, 58), (31, 72), (65, 104), (17, 64), (24, 51), (62, 96), (18, 32), (1, 52), (70, 79), (46, 63), (9, 11), (2, 60), (12, 49), (26, 124), (50, 97), (100, 113), (4, 48), (14, 107), (68, 84), (77, 117), (44, 93), (15, 81), (20, 71), (13, 35), (36, 116), (66, 102), (30, 112), (43, 109), (55, 74), (59, 69), (80, 82), (40, 98), (67, 88), (8, 75), (91, 94), (33, 89), (95, 119), (87, 118), (56, 57), (5, 45), (85, 108), (105, 111), (0, 101), (7, 27), (41, 120), (10, 114), (3, 23), (103, 110), (42, 73), (78, 90), (38, 54), (29, 106), (16, 115), (61, 86), (19, 28), (21, 123), (34, 53)}
Згенероване вершинне покриття (C): [0, 1, 2, 3, 4, 5, 7, 8, 9, 10, 11, 12, 13, 14, 15, 16, 17, 18, 19, 20, 21, 22, 23, 24, 25, 26, 27, 28, 29, 30, 31, 32, 33, 34, 35, 36, 37, 38, 39, 40, 41, 42, 43, 44, 45, 46, 48, 49, 50, 51, 52, 53, 54, 55, 56, 57, 58, 59, 60, 61, 62, 63, 64, 65, 66, 67, 68, 69, 70, 71, 72, 73, 74, 75, 76, 77, 78, 79, 80, 81, 82, 84, 85, 86, 87, 88, 89, 90, 91, 92, 93, 94, 95, 96, 97, 98, 99, 100, 101, 102, 103, 104, 105, 106, 107, 108, 109, 110, 111, 112, 113, 114, 115, 116, 117, 118, 119, 120, 121, 122, 123, 124]

--- Генерація вершинного покриття (зі списку суміжності) ---
Знайдене максимальне парування (M): {(26, 94), (37, 73), (76, 107), (21, 28), (44, 118), (42, 60), (99, 121), (5, 83), (8, 82), (31, 105), (61, 88), (75, 87), (77, 102), (39, 63), (16, 74), (12, 114), (98, 100), (69, 116), (45, 70), (91, 122), (36, 64), (10, 115), (48, 93), (72, 90), (55, 86), (18, 40), (71, 113), (4, 35), (46, 62), (6, 111), (106, 119), (25, 67), (80, 103), (0, 22), (14, 51), (11, 92), (23, 57), (47, 112), (17, 59), (52, 117), (50, 123), (1, 41), (101, 104), (33, 110), (43, 56), (20, 79), (85, 120), (58, 84), (53, 97), (95, 109), (29, 54), (9, 24), (49, 66), (27, 96), (3, 108), (13, 15), (7, 124), (65, 89), (38, 78)}
Згенероване вершинне покриття (C): [0, 1, 3, 4, 5, 6, 7, 8, 9, 10, 11, 12, 13, 14, 15, 16, 17, 18, 20, 21, 22, 23, 24, 25, 26, 27, 28, 29, 31, 33, 35, 36, 37, 38, 39, 40, 41, 42, 43, 44, 45, 46, 47, 48, 49, 50, 51, 52, 53, 54, 55, 56, 57, 58, 59, 60, 61, 62, 63, 64, 65, 66, 67, 69, 70, 71, 72, 73, 74, 75, 76, 77, 78, 79, 80, 82, 83, 84, 85, 86, 87, 88, 89, 90, 91, 92, 93, 94, 95, 96, 97, 98, 99, 100, 101, 102, 103, 104, 105, 106, 107, 108, 109, 110, 111, 112, 113, 114, 115, 116, 117, 118, 119, 120, 121, 122, 123, 124]

--- Генерація вершинного покриття (зі списку суміжності) ---
Знайдене максимальне парування (M): {(18, 78), (75, 106), (36, 123), (10, 43), (82, 90), (11, 109), (8, 46), (20, 23), (65, 107), (77, 87), (40, 108), (0, 69), (56, 95), (7, 44), (114, 115), (27, 28), (81, 124), (17, 33), (29, 117), (47, 104), (59, 103), (30, 91), (49, 83), (73, 74), (13, 35), (21, 70), (22, 68), (64, 86), (63, 88), (52, 57), (24, 105), (3, 76), (26, 41), (53, 92), (32, 60), (48, 111), (1, 66), (16, 58), (25, 79), (51, 100), (54, 121), (5, 45), (55, 67), (38, 85), (6, 80), (96, 102), (15, 34), (62, 94), (12, 84), (2, 61), (113, 118), (112, 116), (31, 42), (4, 89), (39, 122), (37, 98), (50, 101), (93, 99), (71, 72)}
Згенероване вершинне покриття (C): [0, 1, 2, 3, 4, 5, 6, 7, 8, 10, 11, 12, 13, 15, 16, 17, 18, 20, 21, 22, 23, 24, 25, 26, 27, 28, 29, 30, 31, 32, 33, 34, 35, 36, 37, 38, 39, 40, 41, 42, 43, 44, 45, 46, 47, 48, 49, 50, 51, 52, 53, 54, 55, 56, 57, 58, 59, 60, 61, 62, 63, 64, 65, 66, 67, 68, 69, 70, 71, 72, 73, 74, 75, 76, 77, 78, 79, 80, 81, 82, 83, 84, 85, 86, 87, 88, 89, 90, 91, 92, 93, 94, 95, 96, 98, 99, 100, 101, 102, 103, 104, 105, 106, 107, 108, 109, 111, 112, 113, 114, 115, 116, 117, 118, 121, 122, 123, 124]

--- Генерація вершинного покриття (зі списку суміжності) ---
Знайдене максимальне парування (M): {(17, 107), (62, 84), (45, 77), (90, 103), (1, 16), (85, 116), (11, 112), (53, 87), (2, 48), (42, 66), (30, 73), (7, 44), (5, 83), (4, 33), (20, 108), (57, 72), (26, 60), (10, 24), (47, 49), (97, 123), (37, 118), (40, 89), (59, 104), (92, 124), (36, 67), (70, 75), (52, 63), (18, 101), (39, 105), (13, 120), (29, 43), (34, 94), (54, 106), (51, 82), (27, 88), (8, 35), (80, 109), (19, 41), (55, 64), (98, 99), (25, 91), (31, 76), (74, 111), (69, 121), (96, 117), (65, 102), (6, 22), (12, 23), (46, 110), (9, 122), (58, 78), (61, 71), (81, 113), (114, 119), (14, 93), (0, 21), (3, 38), (68, 79), (50, 95), (32, 86)}
Згенероване вершинне покриття (C): [0, 1, 2, 3, 4, 5, 6, 7, 8, 9, 10, 11, 12, 13, 14, 16, 17, 18, 19, 20, 21, 22, 23, 24, 25, 26, 27, 29, 30, 31, 32, 33, 34, 35, 36, 37, 38, 39, 40, 41, 42, 43, 44, 45, 46, 47, 48, 49, 50, 51, 52, 53, 54, 55, 57, 58, 59, 60, 61, 62, 63, 64, 65, 66, 67, 68, 69, 70, 71, 72, 73, 74, 75, 76, 77, 78, 79, 80, 81, 82, 83, 84, 85, 86, 87, 88, 89, 90, 91, 92, 93, 94, 95, 96, 97, 98, 99, 101, 102, 103, 104, 105, 106, 107, 108, 109, 110, 111, 112, 113, 114, 116, 117, 118, 119, 120, 121, 122, 123, 124]

--- Генерація вершинного покриття (зі списку суміжності) ---
Знайдене максимальне парування (M): {(63, 80), (111, 123), (7, 87), (24, 42), (11, 48), (15, 97), (78, 89), (103, 106), (18, 108), (44, 60), (58, 95), (22, 117), (23, 116), (70, 115), (4, 118), (93, 113), (0, 102), (2, 38), (12, 82), (64, 83), (49, 104), (25, 52), (14, 21), (67, 91), (1, 112), (62, 98), (8, 75), (27, 76), (47, 88), (32, 69), (53, 110), (17, 29), (26, 68), (41, 81), (39, 65), (59, 99), (74, 96), (40, 73), (109, 121), (16, 85), (9, 107), (30, 105), (45, 124), (61, 120), (6, 92), (43, 56), (3, 72), (13, 46), (31, 94), (10, 114), (33, 119), (37, 77), (28, 71), (84, 100), (79, 122), (5, 35), (20, 54), (50, 101), (51, 90), (19, 34)}
Згенероване вершинне покриття (C): [0, 1, 2, 3, 4, 5, 6, 7, 8, 9, 10, 11, 12, 13, 14, 15, 16, 17, 18, 19, 20, 21, 22, 23, 24, 25, 26, 27, 28, 29, 30, 31, 32, 33, 34, 35, 37, 38, 39, 40, 41, 42, 43, 44, 45, 46, 47, 48, 49, 50, 51, 52, 53, 54, 56, 58, 59, 60, 61, 62, 63, 64, 65, 67, 68, 69, 70, 71, 72, 73, 74, 75, 76, 77, 78, 79, 80, 81, 82, 83, 84, 85, 87, 88, 89, 90, 91, 92, 93, 94, 95, 96, 97, 98, 99, 100, 101, 102, 103, 104, 105, 106, 107, 108, 109, 110, 111, 112, 113, 114, 115, 116, 117, 118, 119, 120, 121, 122, 123, 124]

--- Генерація вершинного покриття (зі списку суміжності) ---
Знайдене максимальне парування (M): {(4, 55), (70, 122), (79, 88), (17, 110), (25, 32), (0, 45), (24, 91), (33, 103), (57, 106), (22, 23), (5, 65), (16, 41), (11, 60), (31, 108), (27, 37), (38, 83), (18, 80), (58, 116), (2, 93), (30, 115), (47, 64), (1, 36), (51, 107), (98, 112), (49, 95), (44, 56), (85, 124), (50, 72), (19, 75), (89, 94), (13, 76), (46, 117), (8, 78), (35, 120), (3, 39), (6, 123), (12, 48), (53, 61), (28, 102), (26, 77), (74, 111), (54, 87), (52, 59), (7, 97), (71, 100), (21, 114), (81, 104), (90, 113), (66, 119), (42, 73), (10, 62), (40, 109), (34, 99), (14, 96), (9, 82), (69, 105), (92, 101), (15, 67), (63, 68), (86, 118), (20, 121)}
Згенероване вершинне покриття (C): [0, 1, 2, 3, 4, 5, 6, 7, 8, 9, 10, 11, 12, 13, 14, 15, 16, 17, 18, 19, 20, 21, 22, 23, 24, 25, 26, 27, 28, 30, 31, 32, 33, 34, 35, 36, 37, 38, 39, 40, 41, 42, 44, 45, 46, 47, 48, 49, 50, 51, 52, 53, 54, 55, 56, 57, 58, 59, 60, 61, 62, 63, 64, 65, 66, 67, 68, 69, 70, 71, 72, 73, 74, 75, 76, 77, 78, 79, 80, 81, 82, 83, 85, 86, 87, 88, 89, 90, 91, 92, 93, 94, 95, 96, 97, 98, 99, 100, 101, 102, 103, 104, 105, 106, 107, 108, 109, 110, 111, 112, 113, 114, 115, 116, 117, 118, 119, 120, 121, 122, 123, 124]

--- Генерація вершинного покриття (зі списку суміжності) ---
Знайдене максимальне парування (M): {(42, 100), (15, 39), (5, 123), (20, 81), (40, 93), (28, 73), (84, 99), (33, 121), (86, 96), (112, 115), (80, 83), (18, 53), (26, 60), (34, 49), (17, 97), (23, 52), (78, 113), (54, 55), (11, 29), (21, 122), (31, 74), (3, 64), (45, 59), (14, 70), (30, 118), (44, 50), (37, 75), (41, 63), (4, 110), (1, 48), (62, 69), (61, 72), (22, 92), (6, 105), (0, 16), (94, 104), (103, 114), (117, 119), (36, 106), (7, 9), (12, 51), (76, 90), (25, 27), (82, 91), (13, 95), (71, 88), (43, 108), (32, 47), (46, 101), (66, 107), (67, 124), (56, 87), (35, 58), (98, 120), (38, 109), (2, 116), (65, 68), (19, 77), (8, 89), (57, 85)}
Згенероване вершинне покриття (C): [0, 1, 2, 3, 4, 5, 6, 7, 8, 9, 11, 12, 13, 14, 15, 16, 17, 18, 19, 20, 21, 22, 23, 25, 26, 27, 28, 29, 30, 31, 32, 33, 34, 35, 36, 37, 38, 39, 40, 41, 42, 43, 44, 45, 46, 47, 48, 49, 50, 51, 52, 53, 54, 55, 56, 57, 58, 59, 60, 61, 62, 63, 64, 65, 66, 67, 68, 69, 70, 71, 72, 73, 74, 75, 76, 77, 78, 80, 81, 82, 83, 84, 85, 86, 87, 88, 89, 90, 91, 92, 93, 94, 95, 96, 97, 98, 99, 100, 101, 103, 104, 105, 106, 107, 108, 109, 110, 112, 113, 114, 115, 116, 117, 118, 119, 120, 121, 122, 123, 124]

--- Генерація вершинного покриття (зі списку суміжності) ---
Знайдене максимальне парування (M): {(93, 114), (56, 62), (61, 107), (105, 113), (9, 48), (42, 103), (8, 104), (47, 68), (23, 65), (22, 78), (85, 119), (50, 73), (88, 121), (34, 92), (13, 115), (40, 111), (66, 81), (31, 117), (7, 10), (55, 120), (24, 29), (76, 83), (19, 57), (5, 70), (12, 15), (11, 108), (20, 37), (25, 64), (45, 97), (14, 33), (82, 116), (89, 100), (1, 69), (30, 96), (36, 106), (4, 44), (28, 38), (26, 77), (109, 112), (102, 118), (16, 27), (46, 95), (49, 94), (90, 101), (84, 91), (67, 75), (43, 53), (17, 123), (79, 110), (35, 58), (51, 72), (3, 87), (0, 6), (21, 41), (59, 86), (39, 52), (2, 122), (18, 54), (71, 124), (60, 99), (74, 98)}
Згенероване вершинне покриття (C): [0, 1, 2, 3, 4, 5, 6, 7, 8, 9, 10, 11, 12, 13, 14, 15, 16, 17, 18, 19, 20, 21, 22, 23, 24, 25, 26, 27, 28, 29, 30, 31, 33, 34, 35, 36, 37, 38, 39, 40, 41, 42, 43, 44, 45, 46, 47, 48, 49, 50, 51, 52, 53, 54, 55, 56, 57, 58, 59, 60, 61, 62, 64, 65, 66, 67, 68, 69, 70, 71, 72, 73, 74, 75, 76, 77, 78, 79, 81, 82, 83, 84, 85, 86, 87, 88, 89, 90, 91, 92, 93, 94, 95, 96, 97, 98, 99, 100, 101, 102, 103, 104, 105, 106, 107, 108, 109, 110, 111, 112, 113, 114, 115, 116, 117, 118, 119, 120, 121, 122, 123, 124]

--- Генерація вершинного покриття (зі списку суміжності) ---
Знайдене максимальне парування (M): {(47, 56), (32, 40), (96, 110), (61, 64), (43, 52), (46, 106), (37, 76), (0, 2), (7, 102), (77, 93), (10, 67), (26, 118), (29, 50), (27, 89), (79, 121), (48, 63), (87, 107), (44, 78), (59, 97), (4, 109), (30, 91), (86, 123), (41, 103), (23, 58), (62, 74), (36, 119), (28, 51), (98, 112), (53, 83), (17, 124), (81, 99), (65, 115), (14, 18), (73, 92), (80, 82), (6, 108), (22, 31), (101, 120), (84, 104), (3, 94), (13, 68), (1, 66), (12, 39), (16, 122), (8, 38), (19, 111), (24, 34), (15, 95), (35, 49), (57, 113), (60, 69), (20, 33), (100, 105), (5, 90), (42, 85), (72, 116), (21, 114), (71, 75), (54, 117)}
Згенероване вершинне покриття (C): [0, 1, 2, 3, 4, 5, 6, 7, 8, 10, 12, 13, 14, 15, 16, 17, 18, 19, 20, 21, 22, 23, 24, 26, 27, 28, 29, 30, 31, 32, 33, 34, 35, 36, 37, 38, 39, 40, 41, 42, 43, 44, 46, 47, 48, 49, 50, 51, 52, 53, 54, 56, 57, 58, 59, 60, 61, 62, 63, 64, 65, 66, 67, 68, 69, 71, 72, 73, 74, 75, 76, 77, 78, 79, 80, 81, 82, 83, 84, 85, 86, 87, 89, 90, 91, 92, 93, 94, 95, 96, 97, 98, 99, 100, 101, 102, 103, 104, 105, 106, 107, 108, 109, 110, 111, 112, 113, 114, 115, 116, 117, 118, 119, 120, 121, 122, 123, 124]

--- Генерація вершинного покриття (зі списку суміжності) ---
Знайдене максимальне парування (M): {(61, 113), (50, 52), (49, 84), (23, 74), (42, 57), (105, 119), (7, 93), (2, 48), (18, 38), (90, 115), (65, 122), (25, 117), (87, 98), (17, 24), (14, 37), (45, 101), (33, 81), (70, 106), (76, 86), (31, 68), (73, 80), (0, 41), (94, 118), (21, 79), (51, 58), (9, 59), (27, 82), (1, 121), (71, 110), (46, 62), (104, 116), (36, 91), (56, 100), (69, 103), (34, 109), (63, 66), (15, 77), (72, 123), (22, 55), (47, 54), (28, 111), (10, 99), (11, 40), (32, 44), (13, 95), (26, 92), (29, 30), (4, 16), (88, 107), (53, 85), (96, 114), (3, 78), (12, 20), (6, 43), (8, 83), (19, 89), (39, 67), (64, 124), (102, 108), (75, 97)}
Згенероване вершинне покриття (C): [0, 1, 2, 3, 4, 6, 7, 8, 9, 10, 11, 12, 13, 14, 15, 16, 17, 18, 19, 20, 21, 22, 23, 24, 25, 26, 27, 28, 29, 30, 31, 32, 33, 34, 36, 37, 38, 39, 40, 41, 42, 43, 44, 45, 46, 47, 48, 49, 50, 51, 52, 53, 54, 55, 56, 57, 58, 59, 61, 62, 63, 64, 65, 66, 67, 68, 69, 70, 71, 72, 73, 74, 75, 76, 77, 78, 79, 80, 81, 82, 83, 84, 85, 86, 87, 88, 89, 90, 91, 92, 93, 94, 95, 96, 97, 98, 99, 100, 101, 102, 103, 104, 105, 106, 107, 108, 109, 110, 111, 113, 114, 115, 116, 117, 118, 119, 121, 122, 123, 124]

--- Генерація вершинного покриття (зі списку суміжності) ---
Знайдене максимальне парування (M): {(44, 91), (27, 111), (29, 78), (88, 103), (25, 99), (18, 87), (10, 104), (36, 123), (71, 93), (41, 116), (49, 96), (52, 70), (39, 106), (8, 76), (46, 60), (2, 24), (38, 68), (57, 69), (75, 84), (37, 45), (30, 33), (21, 61), (16, 74), (40, 65), (35, 90), (11, 47), (3, 9), (105, 124), (6, 26), (12, 82), (13, 59), (58, 85), (101, 114), (1, 89), (62, 113), (95, 122), (72, 120), (54, 112), (51, 100), (28, 102), (22, 64), (15, 92), (98, 117), (4, 19), (79, 107), (14, 20), (17, 80), (63, 108), (7, 109), (81, 119), (31, 42), (73, 115), (43, 77), (5, 32), (55, 97), (83, 86), (23, 50), (48, 67), (34, 56), (110, 121), (66, 94)}
Згенероване вершинне покриття (C): [1, 2, 3, 4, 5, 6, 7, 8, 9, 10, 11, 12, 13, 14, 15, 16, 17, 18, 19, 20, 21, 22, 23, 24, 25, 26, 27, 28, 29, 30, 31, 32, 33, 34, 35, 36, 37, 38, 39, 40, 41, 42, 43, 44, 45, 46, 47, 48, 49, 50, 51, 52, 54, 55, 56, 57, 58, 59, 60, 61, 62, 63, 64, 65, 66, 67, 68, 69, 70, 71, 72, 73, 74, 75, 76, 77, 78, 79, 80, 81, 82, 83, 84, 85, 86, 87, 88, 89, 90, 91, 92, 93, 94, 95, 96, 97, 98, 99, 100, 101, 102, 103, 104, 105, 106, 107, 108, 109, 110, 111, 112, 113, 114, 115, 116, 117, 119, 120, 121, 122, 123, 124]

--- Генерація вершинного покриття (зі списку суміжності) ---
Знайдене максимальне парування (M): {(6, 18), (29, 72), (15, 79), (60, 111), (59, 110), (31, 124), (46, 91), (66, 100), (25, 96), (47, 123), (94, 122), (67, 71), (44, 103), (30, 119), (36, 53), (56, 83), (50, 73), (5, 16), (8, 9), (90, 118), (65, 70), (24, 121), (45, 98), (40, 120), (12, 113), (14, 49), (17, 39), (26, 87), (13, 99), (19, 54), (51, 52), (4, 11), (69, 82), (81, 108), (64, 101), (35, 62), (84, 107), (75, 80), (21, 109), (7, 61), (20, 58), (33, 86), (0, 92), (27, 106), (34, 63), (42, 43), (32, 38), (76, 102), (85, 117), (41, 114), (23, 78), (48, 104), (37, 77), (2, 116), (55, 88), (1, 68), (74, 95), (97, 115), (10, 89), (93, 105), (22, 57)}
Згенероване вершинне покриття (C): [0, 1, 2, 4, 5, 6, 7, 8, 9, 10, 11, 12, 13, 14, 15, 16, 17, 18, 19, 20, 21, 22, 23, 24, 25, 26, 27, 29, 30, 31, 32, 33, 34, 35, 36, 37, 38, 39, 40, 41, 42, 43, 44, 45, 46, 47, 48, 49, 50, 51, 52, 53, 54, 55, 56, 57, 58, 59, 60, 61, 62, 63, 64, 65, 66, 67, 68, 69, 70, 71, 72, 73, 74, 75, 76, 77, 78, 79, 80, 81, 82, 83, 84, 85, 86, 87, 88, 89, 90, 91, 92, 93, 94, 95, 96, 97, 98, 99, 100, 101, 102, 103, 104, 105, 106, 107, 108, 109, 110, 111, 113, 114, 115, 116, 117, 118, 119, 120, 121, 122, 123, 124]

--- Генерація вершинного покриття (зі списку суміжності) ---
Знайдене максимальне парування (M): {(100, 120), (72, 79), (58, 59), (9, 48), (53, 78), (18, 32), (3, 108), (2, 51), (65, 67), (88, 121), (21, 34), (33, 75), (20, 47), (84, 111), (27, 38), (22, 102), (52, 76), (60, 98), (5, 101), (77, 117), (91, 107), (86, 123), (36, 122), (74, 109), (55, 71), (17, 115), (37, 69), (26, 29), (103, 105), (15, 41), (6, 44), (7, 104), (90, 114), (40, 43), (4, 35), (61, 87), (0, 13), (12, 45), (97, 116), (8, 99), (89, 112), (16, 24), (64, 73), (63, 81), (19, 56), (25, 106), (28, 68), (62, 94), (11, 110), (54, 93), (113, 118), (70, 92), (30, 80), (49, 66), (10, 83), (31, 57), (46, 82), (119, 124), (14, 50), (85, 95)}
Згенероване вершинне покриття (C): [0, 2, 3, 4, 5, 6, 7, 8, 9, 10, 11, 12, 13, 14, 15, 16, 17, 18, 19, 20, 21, 22, 24, 25, 26, 27, 28, 29, 30, 31, 32, 33, 34, 35, 36, 37, 38, 40, 41, 43, 44, 45, 46, 47, 48, 49, 50, 51, 52, 53, 54, 55, 56, 57, 58, 59, 60, 61, 62, 63, 64, 65, 66, 67, 68, 69, 70, 71, 72, 73, 74, 75, 76, 77, 78, 79, 80, 81, 82, 83, 84, 85, 86, 87, 88, 89, 90, 91, 92, 93, 94, 95, 97, 98, 99, 100, 101, 102, 103, 104, 105, 106, 107, 108, 109, 110, 111, 112, 113, 114, 115, 116, 117, 118, 119, 120, 121, 122, 123, 124]

--- Генерація вершинного покриття (зі списку суміжності) ---
Знайдене максимальне парування (M): {(12, 117), (31, 75), (8, 107), (30, 113), (105, 116), (93, 120), (9, 57), (4, 6), (59, 67), (84, 90), (85, 119), (0, 121), (48, 51), (104, 111), (70, 91), (34, 98), (32, 82), (66, 81), (54, 64), (27, 110), (17, 109), (16, 92), (42, 50), (15, 96), (55, 71), (2, 102), (19, 118), (18, 37), (69, 73), (77, 80), (58, 79), (33, 114), (36, 76), (26, 38), (52, 124), (63, 100), (44, 68), (65, 115), (13, 123), (49, 61), (47, 97), (28, 35), (106, 122), (74, 87), (20, 46), (24, 83), (45, 60), (39, 86), (72, 89), (29, 94), (43, 56), (40, 103), (21, 99), (10, 62), (1, 53), (22, 88), (25, 78), (3, 108), (7, 11), (41, 101)}
Згенероване вершинне покриття (C): [0, 1, 2, 3, 4, 6, 7, 8, 9, 10, 11, 12, 13, 15, 16, 17, 18, 19, 20, 21, 22, 24, 25, 26, 27, 28, 29, 30, 31, 32, 33, 34, 35, 36, 37, 38, 39, 40, 41, 42, 43, 44, 45, 46, 47, 48, 49, 50, 51, 52, 53, 54, 55, 56, 57, 58, 59, 60, 61, 62, 63, 64, 65, 66, 67, 68, 69, 70, 71, 72, 73, 74, 75, 76, 77, 78, 79, 80, 81, 82, 83, 84, 85, 86, 87, 88, 89, 90, 91, 92, 93, 94, 96, 97, 98, 99, 100, 101, 102, 103, 104, 105, 106, 107, 108, 109, 110, 111, 113, 114, 115, 116, 117, 118, 119, 120, 121, 122, 123, 124]

--- Генерація вершинного покриття (зі списку суміжності) ---
Знайдене максимальне парування (M): {(49, 81), (52, 110), (64, 69), (32, 46), (47, 123), (31, 87), (9, 121), (19, 119), (15, 45), (79, 118), (53, 99), (40, 105), (28, 85), (70, 94), (58, 98), (37, 91), (10, 25), (5, 92), (13, 14), (80, 104), (67, 113), (17, 106), (12, 61), (18, 77), (0, 41), (22, 74), (90, 102), (39, 96), (38, 101), (29, 43), (1, 57), (72, 108), (4, 35), (2, 7), (24, 62), (114, 120), (100, 103), (16, 122), (30, 84), (56, 109), (23, 48), (21, 51), (42, 95), (34, 112), (26, 89), (73, 82), (3, 8), (65, 111), (50, 71), (60, 75), (54, 93), (86, 97), (115, 124), (6, 55), (36, 44), (63, 68), (76, 83), (59, 107), (11, 33), (20, 66)}
Згенероване вершинне покриття (C): [0, 1, 2, 3, 4, 5, 6, 7, 8, 9, 10, 11, 12, 13, 14, 15, 16, 17, 18, 19, 20, 21, 22, 23, 24, 25, 26, 28, 29, 30, 31, 32, 33, 34, 35, 36, 37, 38, 39, 40, 41, 42, 43, 44, 45, 46, 47, 48, 49, 50, 51, 52, 53, 54, 55, 56, 57, 58, 59, 60, 61, 62, 63, 64, 65, 66, 67, 68, 69, 70, 71, 72, 73, 74, 75, 76, 77, 79, 80, 81, 82, 83, 84, 85, 86, 87, 89, 90, 91, 92, 93, 94, 95, 96, 97, 98, 99, 100, 101, 102, 103, 104, 105, 106, 107, 108, 109, 110, 111, 112, 113, 114, 115, 118, 119, 120, 121, 122, 123, 124]

--- Генерація вершинного покриття (зі списку суміжності) ---
Знайдене максимальне парування (M): {(32, 95), (43, 101), (39, 76), (2, 91), (11, 45), (64, 78), (93, 120), (65, 110), (46, 106), (22, 26), (123, 124), (17, 24), (49, 117), (10, 82), (19, 30), (23, 113), (48, 75), (3, 107), (12, 55), (34, 61), (41, 103), (53, 118), (47, 116), (72, 81), (96, 97), (8, 100), (15, 84), (35, 99), (50, 66), (1, 51), (58, 79), (98, 109), (74, 121), (29, 40), (71, 104), (0, 4), (69, 88), (25, 122), (36, 42), (9, 92), (44, 77), (52, 90), (57, 80), (87, 112), (7, 67), (37, 108), (102, 115), (16, 33), (18, 27), (114, 119), (83, 89), (85, 86), (68, 70), (13, 73), (28, 31), (62, 63), (21, 59), (5, 38), (60, 105), (14, 56)}
Згенероване вершинне покриття (C): [0, 1, 2, 3, 4, 5, 7, 8, 9, 10, 11, 12, 13, 14, 15, 16, 17, 18, 19, 21, 22, 23, 24, 25, 26, 27, 28, 29, 30, 31, 32, 33, 34, 35, 36, 37, 38, 39, 40, 41, 42, 43, 44, 45, 46, 47, 48, 49, 50, 51, 52, 53, 55, 56, 57, 58, 59, 60, 61, 62, 63, 64, 65, 66, 67, 68, 69, 70, 71, 72, 73, 74, 75, 76, 77, 78, 79, 80, 81, 82, 83, 84, 85, 86, 87, 88, 89, 90, 91, 92, 93, 95, 96, 97, 98, 99, 100, 101, 102, 103, 104, 105, 106, 107, 108, 109, 110, 112, 113, 114, 115, 116, 117, 118, 119, 120, 121, 122, 123, 124]

--- Генерація вершинного покриття (зі списку суміжності) ---
Знайдене максимальне парування (M): {(68, 91), (23, 123), (0, 97), (3, 114), (35, 94), (9, 48), (49, 99), (10, 122), (22, 87), (5, 16), (15, 45), (43, 119), (79, 112), (1, 55), (113, 120), (28, 85), (64, 102), (14, 31), (69, 98), (74, 82), (65, 73), (58, 92), (78, 110), (12, 46), (47, 104), (6, 66), (93, 95), (70, 103), (13, 20), (76, 88), (41, 106), (11, 96), (26, 32), (29, 77), (75, 111), (18, 86), (52, 118), (40, 101), (8, 124), (33, 62), (42, 80), (4, 105), (36, 51), (37, 50), (24, 89), (100, 121), (83, 117), (107, 108), (17, 53), (19, 56), (21, 81), (67, 72), (2, 116), (38, 54), (71, 115), (60, 84), (7, 109), (34, 44), (27, 90), (39, 61)}
Згенероване вершинне покриття (C): [0, 1, 2, 3, 4, 5, 6, 7, 8, 9, 10, 11, 12, 13, 14, 15, 16, 17, 18, 19, 20, 21, 22, 23, 24, 26, 27, 28, 29, 31, 32, 33, 34, 35, 36, 37, 38, 39, 40, 41, 42, 43, 44, 45, 46, 47, 48, 49, 50, 51, 52, 53, 54, 55, 56, 58, 60, 61, 62, 64, 65, 66, 67, 68, 69, 70, 71, 72, 73, 74, 75, 76, 77, 78, 79, 80, 81, 82, 83, 84, 85, 86, 87, 88, 89, 90, 91, 92, 93, 94, 95, 96, 97, 98, 99, 100, 101, 102, 103, 104, 105, 106, 107, 108, 109, 110, 111, 112, 113, 114, 115, 116, 117, 118, 119, 120, 121, 122, 123, 124]

--- Генерація вершинного покриття (зі списку суміжності) ---
Знайдене максимальне парування (M): {(74, 101), (60, 108), (70, 110), (66, 97), (57, 94), (42, 109), (18, 87), (15, 91), (35, 39), (12, 22), (99, 124), (6, 45), (115, 117), (29, 105), (59, 88), (95, 111), (81, 118), (16, 68), (10, 82), (27, 104), (50, 106), (30, 100), (11, 32), (58, 116), (24, 96), (19, 103), (44, 102), (69, 119), (25, 40), (8, 48), (52, 112), (20, 37), (51, 64), (49, 113), (1, 2), (9, 13), (5, 85), (75, 83), (62, 122), (0, 77), (72, 114), (7, 61), (33, 86), (17, 41), (38, 76), (36, 54), (31, 67), (14, 63), (4, 71), (26, 34), (78, 84), (79, 107), (98, 120), (43, 123), (23, 93), (3, 90), (28, 92), (21, 53), (73, 121), (65, 89)}
Згенероване вершинне покриття (C): [0, 1, 2, 3, 4, 5, 6, 7, 8, 9, 10, 11, 12, 13, 14, 15, 16, 17, 18, 19, 20, 21, 22, 23, 24, 25, 26, 27, 28, 29, 30, 31, 32, 33, 34, 35, 36, 37, 38, 39, 40, 41, 42, 43, 44, 45, 48, 49, 50, 51, 52, 53, 54, 57, 58, 59, 60, 61, 62, 63, 64, 65, 66, 67, 68, 69, 70, 71, 72, 73, 74, 75, 76, 77, 78, 79, 81, 82, 83, 84, 85, 86, 87, 88, 89, 90, 91, 92, 93, 94, 95, 96, 97, 98, 99, 100, 101, 102, 103, 104, 105, 106, 107, 108, 109, 110, 111, 112, 113, 114, 115, 116, 117, 118, 119, 120, 121, 122, 123, 124]

--- Генерація вершинного покриття (зі списку суміжності) ---
Знайдене максимальне парування (M): {(78, 123), (5, 53), (65, 113), (13, 109), (74, 119), (8, 122), (60, 71), (31, 99), (112, 124), (66, 75), (14, 40), (32, 82), (0, 81), (29, 59), (2, 17), (9, 23), (91, 104), (19, 34), (3, 110), (47, 55), (48, 87), (18, 89), (44, 50), (1, 106), (10, 115), (16, 37), (7, 101), (27, 67), (52, 69), (33, 68), (63, 103), (38, 61), (12, 39), (70, 93), (6, 120), (21, 51), (54, 118), (4, 105), (57, 83), (15, 25), (85, 102), (62, 76), (42, 107), (24, 95), (49, 94), (41, 111), (72, 80), (11, 46), (77, 79), (116, 117), (56, 84), (20, 30), (26, 98), (43, 114), (86, 88), (58, 96), (22, 100), (45, 108), (35, 73), (64, 121)}
Згенероване вершинне покриття (C): [0, 1, 2, 3, 4, 5, 6, 7, 8, 9, 10, 11, 12, 13, 14, 15, 16, 17, 18, 19, 20, 21, 22, 23, 24, 25, 26, 27, 29, 30, 31, 32, 33, 34, 35, 37, 38, 39, 40, 41, 42, 43, 44, 45, 46, 47, 48, 49, 50, 51, 52, 53, 54, 55, 56, 57, 58, 59, 60, 61, 62, 63, 64, 65, 66, 67, 68, 69, 70, 71, 72, 73, 74, 75, 76, 77, 78, 79, 80, 81, 82, 83, 84, 85, 86, 87, 88, 89, 91, 93, 94, 95, 96, 98, 99, 100, 101, 102, 103, 104, 105, 106, 107, 108, 109, 110, 111, 112, 113, 114, 115, 116, 117, 118, 119, 120, 121, 122, 123, 124]

--- Генерація вершинного покриття (зі списку суміжності) ---
Знайдене максимальне парування (M): {(41, 104), (28, 110), (45, 71), (8, 52), (20, 29), (73, 99), (34, 37), (40, 111), (92, 113), (48, 63), (57, 124), (65, 79), (49, 123), (81, 121), (70, 91), (2, 78), (60, 101), (38, 74), (33, 35), (15, 17), (10, 97), (6, 72), (19, 39), (58, 61), (43, 100), (3, 64), (18, 25), (32, 115), (21, 82), (7, 95), (23, 88), (13, 120), (75, 77), (69, 85), (26, 117), (67, 106), (62, 122), (36, 103), (55, 107), (66, 89), (86, 116), (102, 112), (4, 53), (14, 118), (50, 114), (59, 68), (24, 98), (11, 46), (1, 108), (0, 119), (12, 84), (56, 90), (80, 87), (54, 96), (22, 42), (31, 109), (30, 83), (51, 93), (27, 44), (47, 105), (9, 94)}
Згенероване вершинне покриття (C): [0, 1, 2, 3, 4, 6, 7, 8, 9, 10, 11, 12, 13, 14, 15, 17, 18, 19, 20, 21, 22, 23, 24, 25, 26, 27, 28, 29, 30, 31, 32, 33, 34, 35, 36, 37, 38, 39, 40, 41, 42, 43, 44, 45, 46, 47, 48, 49, 50, 51, 52, 53, 54, 55, 56, 57, 58, 59, 60, 61, 62, 63, 64, 65, 66, 67, 68, 69, 70, 71, 72, 73, 74, 75, 77, 78, 79, 80, 81, 82, 83, 84, 85, 86, 87, 88, 89, 90, 91, 92, 93, 94, 95, 96, 97, 98, 99, 100, 101, 102, 103, 104, 105, 106, 107, 108, 109, 110, 111, 112, 113, 114, 115, 116, 117, 118, 119, 120, 121, 122, 123, 124]

--- Генерація вершинного покриття (зі списку суміжності) ---
Знайдене максимальне парування (M): {(42, 45), (92, 116), (105, 113), (57, 94), (18, 20), (88, 106), (83, 119), (27, 68), (33, 118), (32, 61), (41, 67), (79, 124), (0, 8), (11, 14), (89, 104), (36, 98), (29, 62), (17, 39), (1, 91), (16, 77), (54, 122), (13, 84), (5, 107), (46, 99), (53, 74), (51, 58), (101, 108), (23, 30), (15, 47), (63, 100), (26, 111), (37, 87), (22, 31), (60, 82), (19, 75), (112, 117), (86, 115), (81, 120), (35, 65), (69, 97), (66, 80), (38, 73), (10, 90), (102, 109), (7, 70), (56, 121), (4, 71), (2, 43), (50, 123), (52, 59), (21, 114), (24, 110), (44, 64), (34, 96), (6, 49), (3, 93), (9, 85), (25, 72), (28, 95), (48, 76)}
Згенероване вершинне покриття (C): [0, 1, 2, 3, 4, 5, 6, 7, 8, 9, 10, 11, 13, 14, 15, 16, 17, 18, 19, 20, 21, 22, 23, 24, 25, 26, 27, 28, 29, 30, 31, 32, 33, 34, 35, 36, 37, 38, 39, 41, 42, 43, 44, 45, 46, 47, 48, 49, 50, 51, 52, 53, 54, 56, 57, 58, 59, 60, 61, 62, 63, 64, 65, 66, 67, 68, 69, 70, 71, 72, 73, 74, 75, 76, 77, 79, 80, 81, 82, 83, 84, 85, 86, 87, 88, 89, 90, 91, 92, 93, 94, 95, 96, 97, 98, 99, 100, 101, 102, 104, 105, 106, 107, 108, 109, 110, 111, 112, 113, 114, 115, 116, 117, 118, 119, 120, 121, 122, 123, 124]

--- Генерація вершинного покриття (зі списку суміжності) ---
Знайдене максимальне парування (M): {(76, 98), (72, 73), (24, 94), (88, 97), (92, 122), (2, 27), (83, 116), (36, 68), (5, 123), (99, 109), (26, 42), (22, 23), (46, 51), (16, 102), (18, 93), (28, 82), (52, 67), (7, 105), (15, 48), (34, 40), (38, 117), (106, 114), (66, 84), (21, 119), (14, 107), (111, 113), (29, 80), (33, 44), (3, 64), (79, 108), (37, 78), (53, 86), (56, 85), (10, 118), (70, 81), (41, 69), (62, 104), (11, 71), (0, 74), (19, 87), (1, 75), (54, 121), (32, 90), (58, 115), (43, 96), (47, 112), (45, 63), (91, 124), (50, 120), (101, 110), (4, 13), (95, 103), (25, 57), (9, 12), (35, 61), (8, 65), (6, 49), (59, 77), (20, 39), (17, 31), (55, 60)}
Згенероване вершинне покриття (C): [0, 1, 2, 3, 4, 5, 6, 7, 8, 9, 10, 11, 12, 13, 14, 15, 16, 17, 18, 19, 20, 21, 22, 23, 24, 25, 26, 27, 28, 29, 31, 32, 33, 34, 35, 36, 37, 38, 39, 40, 41, 42, 43, 44, 45, 46, 47, 48, 49, 50, 51, 52, 53, 54, 55, 56, 57, 58, 59, 60, 61, 62, 63, 64, 65, 66, 67, 68, 69, 70, 71, 72, 73, 74, 75, 76, 77, 78, 79, 80, 81, 82, 83, 84, 85, 86, 87, 88, 90, 91, 92, 93, 94, 95, 96, 97, 98, 99, 101, 102, 103, 104, 105, 106, 107, 108, 109, 110, 111, 112, 113, 114, 115, 116, 117, 118, 119, 120, 121, 122, 123, 124]

--- Генерація вершинного покриття (зі списку суміжності) ---
Знайдене максимальне парування (M): {(51, 99), (111, 120), (11, 36), (67, 123), (5, 50), (4, 113), (16, 81), (10, 49), (54, 89), (42, 115), (72, 103), (1, 122), (23, 40), (25, 65), (56, 98), (114, 124), (24, 75), (27, 101), (53, 59), (74, 100), (94, 109), (79, 96), (85, 112), (18, 92), (41, 57), (69, 73), (63, 91), (21, 68), (34, 82), (62, 110), (77, 107), (2, 71), (29, 64), (13, 19), (9, 95), (28, 102), (30, 38), (22, 61), (33, 37), (93, 106), (83, 105), (3, 66), (20, 76), (58, 60), (7, 88), (35, 104), (43, 117), (12, 87), (14, 17), (44, 55), (47, 78), (45, 90), (31, 97), (46, 116), (6, 52), (26, 119), (0, 15), (84, 121), (80, 108), (39, 70), (32, 86)}
Згенероване вершинне покриття (C): [0, 1, 2, 3, 4, 5, 6, 7, 9, 10, 11, 12, 13, 14, 15, 16, 17, 18, 19, 20, 21, 22, 23, 24, 25, 26, 27, 28, 29, 30, 31, 32, 33, 34, 35, 36, 37, 38, 39, 40, 41, 42, 43, 44, 45, 46, 47, 49, 50, 51, 52, 53, 54, 55, 56, 57, 58, 59, 60, 61, 62, 63, 64, 65, 66, 67, 68, 69, 70, 71, 72, 73, 74, 75, 76, 77, 78, 79, 80, 81, 82, 83, 84, 85, 86, 87, 88, 89, 90, 91, 92, 93, 94, 95, 96, 97, 98, 99, 100, 101, 102, 103, 104, 105, 106, 107, 108, 109, 110, 111, 112, 113, 114, 115, 116, 117, 119, 120, 121, 122, 123, 124]

--- Генерація вершинного покриття (зі списку суміжності) ---
Знайдене максимальне парування (M): {(74, 110), (10, 98), (2, 39), (33, 54), (1, 49), (37, 70), (9, 121), (43, 116), (57, 112), (8, 67), (84, 102), (106, 108), (0, 24), (26, 109), (7, 114), (53, 105), (19, 30), (63, 119), (52, 91), (78, 113), (95, 123), (14, 107), (35, 81), (65, 94), (83, 115), (16, 31), (46, 93), (36, 73), (42, 62), (47, 82), (38, 55), (34, 45), (69, 100), (13, 80), (76, 87), (11, 92), (4, 111), (6, 71), (41, 96), (25, 88), (23, 60), (72, 77), (79, 89), (17, 120), (68, 101), (20, 21), (99, 122), (64, 97), (29, 51), (48, 58), (59, 86), (22, 103), (5, 32), (15, 61), (117, 118), (12, 50), (66, 85), (40, 124), (28, 104), (18, 75), (3, 56)}
Згенероване вершинне покриття (C): [0, 1, 2, 3, 4, 5, 6, 7, 8, 9, 10, 11, 12, 13, 14, 15, 16, 17, 18, 19, 20, 21, 22, 23, 24, 25, 26, 28, 29, 30, 31, 32, 33, 34, 35, 36, 37, 38, 39, 40, 41, 42, 43, 45, 46, 47, 48, 49, 50, 51, 52, 53, 54, 55, 56, 57, 58, 59, 60, 61, 62, 63, 64, 65, 66, 67, 68, 69, 70, 71, 72, 73, 74, 75, 76, 77, 78, 79, 80, 81, 82, 83, 84, 85, 86, 87, 88, 89, 91, 92, 93, 94, 95, 96, 97, 98, 99, 100, 101, 102, 103, 104, 105, 106, 107, 108, 109, 110, 111, 112, 113, 114, 115, 116, 117, 118, 119, 120, 121, 122, 123, 124]

--- Генерація вершинного покриття (зі списку суміжності) ---
Знайдене максимальне парування (M): {(6, 79), (33, 45), (14, 16), (0, 51), (27, 74), (67, 86), (38, 114), (34, 101), (57, 66), (11, 17), (31, 56), (23, 52), (120, 122), (54, 119), (61, 100), (19, 42), (102, 113), (32, 94), (80, 116), (68, 90), (50, 118), (39, 87), (98, 106), (83, 121), (30, 63), (65, 109), (72, 96), (25, 75), (10, 112), (73, 92), (44, 117), (12, 88), (36, 85), (29, 43), (62, 104), (35, 123), (4, 99), (26, 71), (60, 97), (9, 95), (28, 108), (41, 93), (8, 47), (3, 5), (64, 76), (84, 91), (21, 81), (77, 82), (48, 107), (1, 22), (20, 103), (24, 58), (89, 105), (2, 70), (13, 15), (55, 115), (37, 46), (49, 78), (69, 111)}
Згенероване вершинне покриття (C): [0, 1, 2, 3, 4, 5, 6, 8, 9, 10, 11, 12, 13, 14, 15, 16, 17, 19, 20, 21, 22, 23, 24, 25, 26, 27, 28, 29, 30, 31, 32, 33, 34, 35, 36, 37, 38, 39, 41, 42, 43, 44, 45, 46, 47, 48, 49, 50, 51, 52, 54, 55, 56, 57, 58, 60, 61, 62, 63, 64, 65, 66, 67, 68, 69, 70, 71, 72, 73, 74, 75, 76, 77, 78, 79, 80, 81, 82, 83, 84, 85, 86, 87, 88, 89, 90, 91, 92, 93, 94, 95, 96, 97, 98, 99, 100, 101, 102, 103, 104, 105, 106, 107, 108, 109, 111, 112, 113, 114, 115, 116, 117, 118, 119, 120, 121, 122, 123]

--- Генерація вершинного покриття (зі списку суміжності) ---
Знайдене максимальне парування (M): {(4, 49), (26, 91), (25, 32), (33, 106), (10, 43), (48, 94), (79, 97), (2, 39), (20, 96), (41, 70), (84, 93), (71, 105), (38, 50), (0, 72), (5, 86), (82, 117), (44, 78), (22, 53), (40, 62), (13, 17), (102, 104), (37, 109), (63, 73), (36, 52), (65, 88), (8, 100), (24, 90), (14, 58), (18, 28), (15, 35), (51, 119), (12, 76), (116, 124), (6, 99), (3, 21), (46, 56), (64, 95), (87, 103), (101, 120), (29, 55), (57, 80), (89, 115), (11, 92), (9, 98), (111, 118), (23, 66), (54, 75), (61, 114), (108, 113), (27, 121), (68, 110), (74, 123), (67, 81), (59, 83), (30, 77), (31, 45), (7, 112), (42, 85), (34, 47), (16, 69), (1, 19)}
Згенероване вершинне покриття (C): [0, 1, 2, 3, 4, 5, 6, 7, 8, 9, 10, 11, 12, 13, 14, 15, 16, 17, 18, 19, 20, 21, 22, 23, 24, 25, 26, 27, 28, 29, 30, 31, 32, 33, 34, 35, 36, 37, 38, 39, 40, 41, 42, 43, 44, 45, 46, 47, 48, 49, 50, 51, 52, 53, 54, 55, 56, 57, 58, 59, 61, 62, 63, 64, 65, 66, 67, 68, 69, 70, 71, 72, 73, 74, 75, 76, 77, 78, 79, 80, 81, 82, 83, 84, 85, 86, 87, 88, 89, 90, 91, 92, 93, 94, 95, 96, 97, 98, 99, 100, 101, 102, 103, 104, 105, 106, 108, 109, 110, 111, 112, 113, 114, 115, 116, 117, 118, 119, 120, 121, 123, 124]

--- Генерація вершинного покриття (зі списку суміжності) ---
Знайдене максимальне парування (M): {(32, 37), (46, 88), (93, 117), (54, 74), (35, 42), (72, 91), (6, 33), (25, 50), (19, 73), (44, 124), (3, 86), (10, 67), (38, 53), (26, 57), (16, 56), (39, 115), (30, 79), (8, 24), (69, 101), (22, 41), (47, 98), (12, 52), (45, 116), (80, 113), (34, 61), (55, 65), (21, 122), (77, 123), (51, 107), (109, 120), (0, 1), (48, 111), (14, 85), (28, 87), (70, 99), (9, 31), (18, 64), (59, 102), (17, 96), (2, 83), (105, 108), (23, 66), (89, 121), (75, 104), (62, 82), (63, 81), (40, 94), (4, 13), (71, 100), (15, 43), (11, 58), (95, 103), (27, 78), (90, 119), (20, 106), (7, 112), (5, 29), (84, 118), (68, 76), (92, 110)}
Згенероване вершинне покриття (C): [0, 1, 2, 3, 4, 5, 6, 7, 8, 9, 10, 11, 12, 13, 14, 15, 16, 17, 18, 19, 20, 21, 22, 23, 24, 25, 26, 27, 28, 29, 30, 31, 32, 33, 34, 35, 37, 38, 39, 40, 41, 42, 43, 44, 45, 46, 47, 48, 50, 51, 52, 53, 54, 55, 56, 57, 58, 59, 61, 62, 63, 64, 65, 66, 67, 68, 69, 70, 71, 72, 73, 74, 75, 76, 77, 78, 79, 80, 81, 82, 83, 84, 85, 86, 87, 88, 89, 90, 91, 92, 93, 94, 95, 96, 98, 99, 100, 101, 102, 103, 104, 105, 106, 107, 108, 109, 110, 111, 112, 113, 115, 116, 117, 118, 119, 120, 121, 122, 123, 124]

--- Генерація вершинного покриття (зі списку суміжності) ---
Знайдене максимальне парування (M): {(32, 95), (36, 62), (15, 39), (50, 58), (1, 110), (63, 101), (67, 83), (4, 79), (20, 29), (113, 114), (3, 22), (61, 76), (72, 112), (31, 102), (64, 99), (49, 117), (44, 78), (75, 87), (19, 24), (26, 69), (6, 66), (71, 77), (12, 52), (38, 74), (40, 65), (23, 119), (16, 25), (11, 47), (10, 45), (41, 109), (46, 93), (43, 115), (57, 108), (84, 98), (13, 53), (104, 107), (121, 123), (21, 100), (9, 80), (14, 27), (8, 17), (70, 81), (48, 68), (91, 103), (37, 105), (0, 34), (90, 92), (82, 88), (30, 120), (33, 55), (42, 122), (2, 116), (7, 124), (73, 106), (28, 89), (54, 111), (5, 96), (86, 118), (35, 85), (56, 59)}
Згенероване вершинне покриття (C): [0, 1, 2, 3, 4, 5, 6, 7, 8, 9, 10, 11, 12, 13, 14, 15, 16, 17, 19, 20, 21, 22, 23, 24, 25, 26, 27, 28, 29, 30, 31, 32, 33, 34, 35, 36, 37, 38, 39, 40, 41, 42, 43, 44, 45, 46, 47, 48, 49, 50, 52, 53, 54, 55, 56, 57, 58, 59, 61, 62, 63, 64, 65, 66, 67, 68, 69, 70, 71, 72, 73, 74, 75, 76, 77, 78, 79, 80, 81, 82, 83, 84, 85, 86, 87, 88, 89, 90, 91, 92, 93, 95, 96, 98, 99, 100, 101, 102, 103, 104, 105, 106, 107, 108, 109, 110, 111, 112, 113, 114, 115, 116, 117, 118, 119, 120, 121, 122, 123, 124]

--- Генерація вершинного покриття (зі списку суміжності) ---
Знайдене максимальне парування (M): {(58, 114), (67, 123), (82, 87), (90, 103), (2, 39), (43, 113), (32, 61), (71, 105), (48, 112), (8, 21), (56, 104), (92, 97), (64, 117), (46, 72), (55, 111), (6, 124), (51, 95), (53, 62), (24, 84), (49, 89), (40, 83), (98, 106), (1, 100), (26, 93), (50, 60), (81, 99), (13, 96), (59, 78), (85, 121), (5, 18), (16, 52), (63, 118), (45, 109), (19, 29), (57, 80), (27, 36), (31, 119), (17, 47), (102, 115), (34, 66), (10, 41), (25, 94), (20, 76), (15, 37), (12, 75), (28, 68), (74, 120), (14, 69), (44, 107), (22, 79), (42, 122), (23, 35), (33, 73), (7, 54), (0, 70), (65, 77), (3, 38), (9, 88), (91, 108), (30, 101), (4, 110)}
Згенероване вершинне покриття (C): [0, 1, 2, 3, 4, 5, 6, 7, 8, 9, 10, 12, 13, 14, 15, 16, 17, 18, 19, 20, 21, 22, 23, 24, 25, 26, 27, 28, 29, 30, 31, 32, 33, 34, 35, 36, 37, 38, 39, 40, 41, 42, 43, 44, 45, 46, 47, 48, 49, 50, 51, 52, 53, 54, 55, 56, 57, 58, 59, 60, 61, 62, 63, 64, 65, 66, 67, 68, 69, 70, 71, 72, 73, 74, 75, 76, 77, 78, 79, 80, 81, 82, 83, 84, 85, 87, 88, 89, 90, 91, 92, 93, 94, 95, 96, 97, 98, 99, 100, 101, 102, 103, 104, 105, 106, 107, 108, 109, 110, 111, 112, 113, 114, 115, 117, 118, 119, 120, 121, 122, 123, 124]

--- Генерація вершинного покриття (зі списку суміжності) ---
Знайдене максимальне парування (M): {(11, 91), (4, 61), (42, 103), (17, 116), (30, 52), (36, 77), (98, 119), (35, 54), (26, 45), (67, 86), (78, 92), (112, 124), (21, 101), (29, 59), (23, 49), (46, 75), (25, 80), (32, 76), (22, 117), (94, 100), (68, 87), (18, 74), (55, 123), (50, 66), (15, 44), (81, 105), (31, 95), (9, 16), (84, 110), (48, 65), (3, 97), (34, 106), (39, 114), (0, 28), (7, 122), (63, 69), (37, 108), (8, 102), (70, 120), (20, 73), (19, 47), (10, 41), (64, 85), (13, 107), (60, 72), (53, 88), (5, 14), (79, 113), (38, 109), (33, 58), (43, 62), (12, 99), (71, 118), (83, 89), (2, 6), (40, 57), (104, 121), (56, 111), (24, 82), (51, 90)}
Згенероване вершинне покриття (C): [0, 2, 3, 4, 5, 6, 7, 8, 9, 10, 11, 12, 13, 14, 15, 16, 17, 18, 19, 20, 21, 22, 23, 24, 25, 26, 28, 29, 30, 31, 32, 33, 34, 35, 36, 37, 38, 39, 40, 41, 42, 43, 44, 45, 46, 47, 48, 49, 50, 51, 52, 53, 54, 55, 56, 57, 58, 59, 60, 61, 62, 63, 64, 65, 66, 67, 68, 69, 70, 71, 72, 73, 74, 75, 76, 77, 78, 79, 80, 81, 82, 83, 84, 85, 86, 87, 88, 89, 90, 91, 92, 94, 95, 97, 98, 99, 100, 101, 102, 103, 104, 105, 106, 107, 108, 109, 110, 111, 112, 113, 114, 116, 117, 118, 119, 120, 121, 122, 123, 124]

--- Генерація вершинного покриття (зі списку суміжності) ---
Знайдене максимальне парування (M): {(76, 98), (7, 78), (61, 113), (80, 120), (15, 94), (60, 123), (67, 74), (20, 84), (35, 112), (86, 96), (26, 115), (13, 63), (40, 111), (21, 43), (106, 117), (95, 114), (46, 69), (5, 101), (19, 91), (73, 77), (75, 102), (24, 32), (22, 71), (48, 93), (1, 45), (64, 83), (81, 105), (49, 104), (54, 88), (6, 38), (41, 121), (10, 124), (17, 87), (82, 122), (23, 100), (4, 99), (53, 58), (27, 97), (18, 70), (33, 34), (3, 57), (59, 68), (9, 116), (0, 107), (56, 72), (2, 110), (25, 118), (30, 65), (31, 42), (16, 51), (29, 103), (62, 109), (36, 90), (39, 52), (8, 89), (50, 92), (11, 79), (12, 44), (14, 108), (66, 85)}
Згенероване вершинне покриття (C): [0, 1, 2, 3, 4, 5, 6, 7, 8, 9, 10, 11, 12, 13, 14, 15, 16, 17, 18, 19, 20, 21, 22, 23, 24, 25, 26, 27, 29, 30, 31, 32, 33, 34, 35, 36, 38, 39, 40, 41, 42, 43, 44, 45, 46, 48, 49, 50, 51, 52, 53, 54, 56, 57, 58, 59, 60, 61, 62, 63, 64, 65, 66, 67, 68, 69, 70, 71, 72, 73, 74, 75, 76, 77, 78, 79, 80, 81, 82, 83, 84, 85, 86, 87, 88, 89, 90, 91, 92, 93, 94, 95, 96, 97, 98, 99, 100, 101, 102, 103, 104, 105, 106, 107, 108, 109, 110, 111, 112, 113, 114, 115, 116, 117, 118, 120, 121, 122, 123, 124]

--- Генерація вершинного покриття (зі списку суміжності) ---
Знайдене максимальне парування (M): {(49, 87), (55, 69), (36, 68), (4, 70), (18, 99), (0, 57), (13, 54), (56, 89), (81, 109), (1, 119), (23, 101), (3, 40), (21, 110), (15, 66), (52, 88), (27, 34), (58, 104), (33, 44), (37, 115), (26, 96), (11, 50), (16, 63), (38, 98), (25, 46), (62, 95), (48, 108), (60, 79), (9, 10), (72, 102), (5, 24), (41, 84), (2, 7), (47, 94), (78, 100), (97, 113), (61, 93), (39, 123), (91, 106), (67, 112), (32, 90), (71, 76), (17, 114), (30, 111), (116, 120), (6, 86), (53, 85), (51, 124), (103, 107), (59, 80), (42, 73), (12, 29), (35, 122), (31, 45), (75, 82), (28, 92), (43, 74), (8, 83), (117, 118), (14, 105), (20, 121)}
Згенероване вершинне покриття (C): [0, 1, 2, 3, 4, 5, 6, 7, 8, 9, 10, 11, 12, 13, 14, 15, 16, 17, 18, 20, 21, 23, 24, 25, 26, 27, 28, 29, 30, 31, 32, 33, 34, 35, 36, 37, 38, 39, 40, 41, 42, 43, 44, 45, 46, 47, 48, 49, 50, 51, 52, 53, 54, 55, 56, 57, 58, 59, 60, 61, 62, 63, 66, 67, 68, 69, 70, 71, 72, 73, 74, 75, 76, 78, 79, 80, 81, 82, 83, 84, 85, 86, 87, 88, 89, 90, 91, 92, 93, 94, 95, 96, 97, 98, 99, 100, 101, 102, 103, 104, 105, 106, 107, 108, 109, 110, 111, 112, 113, 114, 115, 116, 117, 118, 119, 120, 121, 122, 123, 124]

--- Генерація вершинного покриття (зі списку суміжності) ---
Знайдене максимальне парування (M): {(93, 102), (2, 27), (33, 36), (83, 122), (10, 107), (30, 61), (65, 67), (9, 72), (77, 96), (18, 50), (38, 59), (22, 99), (39, 60), (62, 114), (6, 57), (84, 120), (34, 49), (3, 95), (32, 85), (111, 119), (29, 89), (8, 112), (88, 117), (58, 79), (98, 109), (7, 101), (31, 40), (12, 108), (35, 123), (44, 71), (80, 91), (69, 94), (17, 90), (19, 26), (106, 116), (55, 110), (47, 115), (64, 70), (23, 121), (68, 92), (15, 28), (5, 54), (11, 43), (42, 52), (45, 75), (14, 124), (0, 113), (76, 105), (56, 78), (20, 24), (16, 97), (4, 13), (81, 104), (25, 118), (53, 103), (21, 41), (66, 73), (86, 100), (51, 87), (1, 74), (46, 82)}
Згенероване вершинне покриття (C): [0, 1, 2, 3, 4, 5, 6, 7, 8, 9, 10, 11, 12, 13, 14, 15, 16, 17, 18, 19, 20, 21, 22, 23, 24, 25, 26, 27, 28, 29, 30, 31, 32, 33, 34, 35, 36, 38, 39, 40, 41, 42, 43, 44, 45, 46, 47, 49, 50, 51, 52, 53, 54, 55, 56, 57, 58, 59, 60, 61, 62, 64, 65, 66, 67, 68, 69, 70, 71, 72, 73, 74, 75, 76, 77, 78, 79, 80, 81, 82, 83, 84, 85, 86, 87, 88, 89, 90, 91, 92, 93, 94, 95, 96, 97, 98, 99, 100, 101, 102, 103, 104, 105, 106, 107, 108, 109, 110, 111, 112, 113, 114, 115, 116, 117, 118, 119, 120, 121, 122, 123, 124]

--- Генерація вершинного покриття (зі списку суміжності) ---
Знайдене максимальне парування (M): {(0, 91), (6, 18), (44, 97), (13, 27), (1, 31), (73, 84), (28, 113), (30, 116), (10, 110), (2, 118), (60, 80), (38, 53), (41, 88), (52, 94), (37, 103), (22, 117), (20, 68), (45, 119), (50, 115), (82, 89), (32, 51), (7, 34), (71, 104), (8, 66), (11, 62), (24, 59), (4, 87), (101, 123), (12, 100), (33, 74), (40, 122), (17, 35), (9, 86), (78, 114), (43, 75), (76, 81), (63, 124), (23, 57), (65, 90), (16, 79), (92, 120), (93, 109), (21, 72), (19, 111), (26, 95), (70, 77), (46, 49), (39, 98), (25, 112), (15, 58), (61, 83), (56, 99), (69, 96), (54, 105), (42, 85), (5, 29), (55, 106), (3, 102), (14, 108), (48, 67), (64, 121)}
Згенероване вершинне покриття (C): [0, 1, 2, 3, 4, 5, 6, 7, 8, 9, 10, 11, 12, 13, 14, 15, 16, 17, 18, 19, 20, 21, 22, 23, 24, 25, 26, 27, 28, 29, 30, 31, 32, 33, 34, 35, 37, 38, 39, 40, 41, 42, 43, 44, 45, 46, 48, 49, 50, 51, 52, 53, 54, 55, 56, 57, 58, 59, 60, 61, 62, 63, 64, 65, 66, 67, 68, 69, 70, 71, 72, 73, 74, 75, 76, 77, 78, 79, 80, 81, 82, 83, 84, 85, 86, 87, 88, 89, 90, 91, 92, 93, 94, 95, 96, 97, 98, 99, 100, 101, 102, 103, 104, 105, 106, 108, 109, 110, 111, 112, 113, 114, 115, 116, 117, 118, 119, 120, 121, 122, 123, 124]

--- Генерація вершинного покриття (зі списку суміжності) ---
Знайдене максимальне парування (M): {(90, 94), (26, 39), (13, 100), (65, 110), (38, 102), (16, 47), (33, 63), (95, 99), (9, 11), (43, 67), (44, 72), (82, 123), (69, 101), (62, 117), (109, 122), (12, 116), (93, 107), (55, 114), (1, 24), (36, 58), (28, 45), (59, 118), (0, 41), (37, 60), (4, 124), (10, 48), (17, 66), (98, 115), (50, 75), (3, 21), (22, 86), (7, 49), (25, 119), (6, 105), (34, 42), (8, 23), (46, 68), (53, 113), (29, 64), (89, 112), (20, 70), (27, 51), (76, 96), (79, 92), (80, 121), (30, 120), (31, 85), (71, 103), (56, 84), (40, 106), (15, 52), (57, 61), (19, 74), (87, 108), (5, 32), (14, 35), (54, 111), (2, 18), (88, 91), (83, 104)}
Згенероване вершинне покриття (C): [0, 1, 2, 3, 4, 5, 6, 7, 8, 9, 10, 11, 12, 13, 14, 15, 16, 17, 18, 19, 20, 21, 22, 23, 24, 25, 26, 27, 28, 29, 30, 31, 32, 33, 34, 35, 36, 37, 38, 39, 40, 41, 42, 43, 44, 45, 46, 47, 48, 49, 50, 51, 52, 53, 54, 55, 56, 57, 58, 59, 60, 61, 62, 63, 64, 65, 66, 67, 68, 69, 70, 71, 72, 74, 75, 76, 79, 80, 82, 83, 84, 85, 86, 87, 88, 89, 90, 91, 92, 93, 94, 95, 96, 98, 99, 100, 101, 102, 103, 104, 105, 106, 107, 108, 109, 110, 111, 112, 113, 114, 115, 116, 117, 118, 119, 120, 121, 122, 123, 124]

--- Генерація вершинного покриття (зі списку суміжності) ---
Знайдене максимальне парування (M): {(1, 28), (81, 91), (70, 119), (88, 100), (47, 62), (51, 56), (34, 74), (69, 71), (20, 26), (10, 122), (2, 118), (8, 73), (13, 121), (5, 83), (43, 67), (46, 66), (23, 95), (106, 123), (85, 94), (16, 80), (89, 116), (15, 72), (24, 84), (0, 38), (17, 54), (98, 103), (44, 50), (55, 60), (41, 124), (57, 114), (82, 107), (48, 117), (112, 120), (35, 59), (53, 101), (3, 30), (22, 104), (58, 97), (4, 102), (52, 86), (75, 92), (39, 68), (9, 40), (12, 115), (7, 21), (32, 105), (18, 27), (42, 64), (33, 61), (90, 113), (36, 87), (6, 49), (45, 99), (76, 77), (109, 111), (11, 79), (25, 78), (14, 108), (19, 37), (63, 65)}
Згенероване вершинне покриття (C): [0, 1, 2, 3, 4, 5, 6, 7, 8, 9, 10, 11, 12, 13, 14, 15, 16, 17, 18, 19, 20, 21, 22, 23, 24, 25, 26, 27, 28, 30, 32, 33, 34, 35, 36, 37, 38, 39, 40, 41, 42, 43, 44, 45, 46, 47, 48, 49, 50, 51, 52, 53, 54, 55, 56, 57, 58, 59, 60, 61, 62, 63, 64, 65, 66, 67, 68, 69, 70, 71, 72, 73, 74, 75, 76, 77, 78, 79, 80, 81, 82, 83, 84, 85, 86, 87, 88, 89, 90, 91, 92, 94, 95, 97, 98, 99, 100, 101, 102, 103, 104, 105, 106, 107, 108, 109, 111, 112, 113, 114, 115, 116, 117, 118, 119, 120, 121, 122, 123, 124]

--- Генерація вершинного покриття (зі списку суміжності) ---
Знайдене максимальне парування (M): {(4, 119), (60, 111), (52, 110), (19, 113), (15, 94), (99, 106), (37, 73), (53, 81), (13, 45), (9, 121), (95, 96), (34, 74), (3, 10), (38, 108), (41, 55), (43, 122), (103, 109), (80, 98), (11, 17), (8, 24), (39, 124), (104, 123), (0, 26), (62, 68), (33, 84), (69, 107), (14, 61), (32, 36), (85, 112), (29, 83), (6, 87), (28, 115), (22, 77), (30, 57), (56, 79), (20, 92), (78, 91), (42, 65), (1, 63), (86, 101), (46, 117), (82, 116), (2, 7), (48, 120), (50, 90), (59, 102), (49, 76), (27, 51), (16, 18), (47, 66), (71, 97), (12, 23), (21, 114), (5, 75), (44, 67), (89, 93), (35, 70), (40, 118), (31, 54), (25, 72), (58, 105)}
Згенероване вершинне покриття (C): [0, 1, 2, 3, 4, 5, 6, 7, 8, 9, 10, 11, 12, 13, 14, 15, 16, 17, 18, 19, 20, 21, 22, 23, 24, 25, 26, 27, 28, 29, 30, 31, 32, 33, 34, 35, 36, 37, 38, 39, 40, 41, 42, 43, 44, 45, 46, 47, 48, 49, 50, 51, 52, 53, 54, 55, 56, 57, 58, 59, 60, 61, 62, 63, 65, 66, 67, 68, 69, 70, 71, 72, 73, 74, 75, 76, 77, 78, 79, 80, 81, 82, 83, 84, 85, 86, 87, 89, 90, 91, 92, 93, 94, 95, 96, 97, 98, 99, 101, 102, 103, 104, 105, 106, 107, 108, 109, 110, 111, 112, 113, 114, 115, 116, 117, 118, 119, 120, 121, 122, 123, 124]

--- Генерація вершинного покриття (зі списку суміжності) ---
Знайдене максимальне парування (M): {(12, 117), (51, 102), (60, 120), (32, 61), (9, 69), (84, 108), (114, 115), (3, 92), (23, 40), (27, 83), (72, 109), (19, 88), (28, 39), (2, 26), (41, 91), (45, 55), (96, 100), (13, 99), (16, 31), (11, 33), (50, 63), (20, 80), (14, 73), (52, 121), (38, 43), (46, 56), (82, 107), (35, 59), (95, 104), (10, 124), (8, 75), (57, 123), (24, 68), (77, 101), (47, 97), (76, 78), (36, 106), (42, 89), (48, 74), (7, 70), (49, 79), (93, 112), (0, 37), (29, 85), (71, 94), (1, 44), (54, 81), (5, 66), (21, 87), (6, 34), (30, 65), (90, 119), (103, 116), (17, 25), (4, 98), (67, 105), (15, 18), (22, 118), (58, 111)}
Згенероване вершинне покриття (C): [0, 1, 2, 3, 4, 5, 6, 7, 8, 9, 10, 11, 12, 13, 14, 15, 16, 17, 18, 19, 20, 21, 22, 23, 24, 25, 26, 27, 28, 29, 30, 31, 32, 33, 34, 35, 36, 37, 38, 39, 40, 41, 42, 43, 44, 45, 46, 47, 48, 49, 50, 51, 52, 54, 55, 56, 57, 58, 59, 60, 61, 63, 65, 66, 67, 68, 69, 70, 71, 72, 73, 74, 75, 76, 77, 78, 79, 80, 81, 82, 83, 84, 85, 87, 88, 89, 90, 91, 92, 93, 94, 95, 96, 97, 98, 99, 100, 101, 102, 103, 104, 105, 106, 107, 108, 109, 111, 112, 114, 115, 116, 117, 118, 119, 120, 121, 123, 124]

--- Генерація вершинного покриття (зі списку суміжності) ---
Знайдене максимальне парування (M): {(26, 79), (32, 101), (13, 97), (5, 53), (76, 104), (44, 109), (47, 71), (72, 100), (1, 107), (87, 92), (0, 60), (35, 118), (103, 112), (12, 37), (14, 31), (24, 66), (40, 114), (33, 78), (23, 49), (8, 27), (65, 85), (64, 68), (73, 83), (58, 70), (38, 95), (3, 6), (98, 124), (52, 69), (16, 110), (75, 80), (106, 113), (28, 84), (30, 90), (41, 96), (74, 93), (11, 34), (67, 121), (15, 89), (7, 21), (4, 62), (39, 86), (17, 120), (10, 105), (25, 45), (29, 94), (43, 117), (55, 82), (108, 122), (63, 99), (42, 116), (50, 123), (57, 61), (46, 119), (20, 48), (18, 115), (22, 51), (54, 59), (88, 91), (36, 111)}
Згенероване вершинне покриття (C): [0, 1, 3, 4, 5, 6, 7, 8, 10, 11, 12, 13, 14, 15, 16, 17, 18, 20, 21, 22, 23, 24, 25, 26, 27, 28, 29, 30, 31, 32, 33, 34, 35, 36, 37, 38, 39, 40, 41, 42, 43, 44, 45, 46, 47, 48, 49, 50, 51, 52, 53, 54, 55, 57, 58, 59, 60, 61, 62, 63, 64, 65, 66, 67, 68, 69, 70, 71, 72, 73, 74, 75, 76, 78, 79, 80, 82, 83, 84, 85, 86, 87, 88, 89, 90, 91, 92, 93, 94, 95, 96, 97, 98, 99, 100, 101, 103, 104, 105, 106, 107, 108, 109, 110, 111, 112, 113, 114, 115, 116, 117, 118, 119, 120, 121, 122, 123, 124]

--- Генерація вершинного покриття (зі списку суміжності) ---
Знайдене максимальне парування (M): {(90, 94), (13, 60), (9, 112), (76, 110), (83, 122), (2, 103), (11, 118), (24, 109), (8, 64), (51, 123), (32, 61), (99, 124), (18, 96), (21, 37), (29, 111), (56, 101), (33, 75), (52, 82), (30, 79), (22, 44), (40, 120), (4, 100), (71, 117), (66, 85), (25, 80), (5, 104), (45, 116), (53, 68), (14, 70), (38, 89), (69, 73), (55, 98), (17, 81), (46, 62), (12, 39), (50, 84), (86, 107), (3, 106), (23, 63), (47, 54), (0, 95), (6, 77), (65, 108), (93, 121), (59, 74), (36, 72), (57, 58), (1, 114), (31, 97), (16, 48), (34, 35), (15, 119), (87, 105), (20, 115), (19, 28), (26, 67), (27, 102), (88, 91), (49, 78), (43, 92)}
Згенероване вершинне покриття (C): [0, 1, 2, 3, 4, 5, 6, 8, 9, 11, 12, 13, 14, 15, 16, 17, 18, 19, 20, 21, 22, 23, 24, 25, 26, 27, 28, 29, 30, 31, 32, 33, 34, 35, 36, 37, 38, 39, 40, 43, 44, 45, 46, 47, 48, 49, 50, 51, 52, 53, 54, 55, 56, 57, 58, 59, 60, 61, 62, 63, 64, 65, 66, 67, 68, 69, 70, 71, 72, 73, 74, 75, 76, 77, 78, 79, 80, 81, 82, 83, 84, 85, 86, 87, 88, 89, 90, 91, 92, 93, 94, 95, 96, 97, 98, 99, 100, 101, 102, 103, 104, 105, 106, 107, 108, 109, 110, 111, 112, 114, 115, 116, 117, 118, 119, 120, 121, 122, 123, 124]

--- Генерація вершинного покриття (зі списку суміжності) ---
Знайдене максимальне парування (M): {(17, 107), (16, 81), (37, 61), (68, 94), (71, 87), (18, 72), (30, 46), (99, 100), (41, 52), (63, 80), (49, 96), (66, 112), (2, 54), (82, 102), (44, 121), (23, 101), (33, 75), (32, 73), (115, 120), (48, 57), (14, 34), (64, 111), (36, 108), (53, 114), (83, 97), (8, 27), (3, 122), (10, 109), (50, 124), (12, 24), (39, 93), (0, 123), (25, 116), (5, 15), (58, 91), (84, 110), (9, 19), (7, 55), (117, 119), (6, 59), (51, 85), (47, 106), (79, 89), (35, 86), (45, 60), (20, 67), (11, 98), (13, 95), (88, 113), (4, 74), (28, 65), (40, 103), (21, 38), (78, 90), (42, 76), (43, 77), (62, 118), (26, 70), (56, 105), (92, 104), (29, 69), (1, 22)}
Згенероване вершинне покриття (C): [0, 1, 2, 3, 4, 5, 6, 7, 8, 9, 10, 11, 12, 13, 14, 15, 16, 17, 18, 19, 20, 21, 22, 23, 24, 25, 26, 27, 28, 29, 30, 32, 33, 34, 35, 36, 37, 38, 39, 40, 41, 42, 43, 44, 45, 46, 47, 48, 49, 50, 51, 52, 53, 54, 55, 56, 57, 58, 59, 60, 61, 62, 63, 64, 65, 66, 67, 68, 69, 70, 71, 72, 73, 74, 75, 76, 77, 78, 79, 80, 81, 82, 83, 84, 85, 86, 87, 88, 89, 90, 91, 92, 93, 94, 95, 96, 97, 98, 99, 100, 101, 102, 103, 104, 105, 106, 107, 108, 109, 110, 111, 112, 113, 114, 115, 116, 117, 118, 119, 120, 121, 122, 123, 124]

Середній час виконання: 0.0002818203 секунд
