
--- Генерація вершинного покриття (зі списку суміжності) ---
Знайдене максимальне парування (M): {(13, 30), (16, 20), (6, 21), (15, 33), (0, 2), (9, 14), (12, 37), (3, 34), (10, 24), (35, 38), (26, 47), (7, 49), (31, 40), (11, 19), (22, 43), (36, 42), (32, 44), (1, 25), (18, 39), (29, 45), (5, 23), (8, 28), (4, 46), (27, 41)}
Згенероване вершинне покриття (C): [0, 1, 2, 3, 4, 5, 6, 7, 8, 9, 10, 11, 12, 13, 14, 15, 16, 18, 19, 20, 21, 22, 23, 24, 25, 26, 27, 28, 29, 30, 31, 32, 33, 34, 35, 36, 37, 38, 39, 40, 41, 42, 43, 44, 45, 46, 47, 49]

--- Генерація вершинного покриття (зі списку суміжності) ---
Знайдене максимальне парування (M): {(15, 39), (7, 32), (21, 31), (3, 25), (19, 37), (4, 45), (20, 22), (6, 35), (2, 44), (23, 30), (18, 43), (14, 33), (11, 13), (0, 28), (9, 34), (17, 41), (42, 49), (24, 46), (29, 36), (8, 10), (40, 48), (5, 26), (12, 47), (1, 16), (27, 38)}
Згенероване вершинне покриття (C): [0, 1, 2, 3, 4, 5, 6, 7, 8, 9, 10, 11, 12, 13, 14, 15, 16, 17, 18, 19, 20, 21, 22, 23, 24, 25, 26, 27, 28, 29, 30, 31, 32, 33, 34, 35, 36, 37, 38, 39, 40, 41, 42, 43, 44, 45, 46, 47, 48, 49]

--- Генерація вершинного покриття (зі списку суміжності) ---
Знайдене максимальне парування (M): {(27, 47), (24, 33), (16, 35), (1, 49), (14, 25), (22, 38), (13, 23), (11, 29), (17, 39), (10, 42), (7, 28), (6, 44), (5, 21), (8, 32), (0, 31), (2, 43), (4, 19), (12, 20), (18, 45), (15, 46), (40, 48), (3, 41), (30, 37), (9, 36)}
Згенероване вершинне покриття (C): [0, 1, 2, 3, 4, 5, 6, 7, 8, 9, 10, 11, 12, 13, 14, 15, 16, 17, 18, 19, 20, 21, 22, 23, 24, 25, 27, 28, 29, 30, 31, 32, 33, 35, 36, 37, 38, 39, 40, 41, 42, 43, 44, 45, 46, 47, 48, 49]

--- Генерація вершинного покриття (зі списку суміжності) ---
Знайдене максимальне парування (M): {(24, 45), (12, 19), (31, 32), (23, 28), (11, 29), (25, 43), (20, 37), (8, 14), (5, 30), (0, 13), (3, 39), (17, 38), (9, 34), (41, 44), (7, 15), (33, 49), (18, 27), (21, 26), (16, 42), (35, 46), (6, 40), (1, 4), (22, 48), (36, 47)}
Згенероване вершинне покриття (C): [0, 1, 3, 4, 5, 6, 7, 8, 9, 11, 12, 13, 14, 15, 16, 17, 18, 19, 20, 21, 22, 23, 24, 25, 26, 27, 28, 29, 30, 31, 32, 33, 34, 35, 36, 37, 38, 39, 40, 41, 42, 43, 44, 45, 46, 47, 48, 49]

--- Генерація вершинного покриття (зі списку суміжності) ---
Знайдене максимальне парування (M): {(25, 44), (4, 18), (0, 5), (3, 37), (9, 23), (2, 17), (36, 46), (6, 8), (10, 33), (19, 48), (38, 49), (20, 40), (27, 30), (11, 22), (14, 39), (16, 21), (41, 47), (26, 28), (7, 24), (15, 34), (29, 42), (12, 32), (31, 45), (1, 13)}
Згенероване вершинне покриття (C): [0, 1, 2, 3, 4, 5, 6, 7, 8, 9, 10, 11, 12, 13, 14, 15, 16, 17, 18, 19, 20, 21, 22, 23, 24, 25, 26, 27, 28, 29, 30, 31, 32, 33, 34, 36, 37, 38, 39, 40, 41, 42, 44, 45, 46, 47, 48, 49]

--- Генерація вершинного покриття (зі списку суміжності) ---
Знайдене максимальне парування (M): {(17, 46), (42, 45), (41, 49), (11, 48), (25, 47), (18, 29), (3, 16), (8, 12), (5, 28), (9, 35), (24, 38), (21, 30), (2, 44), (0, 19), (14, 39), (10, 32), (33, 40), (4, 7), (26, 31), (6, 22), (15, 34), (20, 27), (1, 13), (37, 43)}
Згенероване вершинне покриття (C): [0, 1, 2, 3, 4, 5, 6, 7, 8, 9, 10, 11, 12, 13, 14, 15, 16, 17, 18, 19, 20, 21, 22, 24, 25, 26, 27, 28, 29, 30, 31, 32, 33, 34, 35, 37, 38, 39, 40, 41, 42, 43, 44, 45, 46, 47, 48, 49]

--- Генерація вершинного покриття (зі списку суміжності) ---
Знайдене максимальне парування (M): {(11, 42), (2, 36), (41, 46), (13, 45), (20, 35), (15, 48), (3, 22), (21, 40), (1, 9), (19, 33), (7, 10), (6, 8), (24, 47), (29, 34), (18, 49), (28, 32), (43, 44), (26, 31), (16, 39), (5, 14), (0, 12), (23, 38), (17, 25), (30, 37)}
Згенероване вершинне покриття (C): [0, 1, 2, 3, 5, 6, 7, 8, 9, 10, 11, 12, 13, 14, 15, 16, 17, 18, 19, 20, 21, 22, 23, 24, 25, 26, 28, 29, 30, 31, 32, 33, 34, 35, 36, 37, 38, 39, 40, 41, 42, 43, 44, 45, 46, 47, 48, 49]

--- Генерація вершинного покриття (зі списку суміжності) ---
Знайдене максимальне парування (M): {(0, 36), (19, 46), (44, 45), (6, 33), (12, 25), (2, 5), (14, 37), (31, 47), (11, 17), (16, 22), (1, 39), (13, 41), (4, 29), (34, 48), (15, 18), (32, 35), (7, 21), (42, 49), (24, 43), (20, 27), (23, 26), (3, 38), (10, 28), (9, 30), (8, 40)}
Згенероване вершинне покриття (C): [0, 1, 2, 3, 4, 5, 6, 7, 8, 9, 10, 11, 12, 13, 14, 15, 16, 17, 18, 19, 20, 21, 22, 23, 24, 25, 26, 27, 28, 29, 30, 31, 32, 33, 34, 35, 36, 37, 38, 39, 40, 41, 42, 43, 44, 45, 46, 47, 48, 49]

--- Генерація вершинного покриття (зі списку суміжності) ---
Знайдене максимальне парування (M): {(26, 42), (24, 48), (4, 21), (12, 28), (17, 18), (8, 33), (6, 20), (30, 45), (38, 43), (10, 14), (5, 27), (3, 39), (9, 31), (19, 44), (15, 25), (0, 40), (13, 37), (32, 47), (46, 49), (34, 35), (22, 36), (23, 41), (1, 16), (7, 11)}
Згенероване вершинне покриття (C): [0, 1, 3, 4, 5, 6, 7, 8, 9, 10, 11, 12, 13, 14, 15, 16, 17, 18, 19, 20, 21, 22, 23, 24, 25, 26, 27, 28, 30, 31, 32, 33, 34, 35, 36, 37, 38, 39, 40, 41, 42, 43, 44, 45, 46, 47, 48, 49]

--- Генерація вершинного покриття (зі списку суміжності) ---
Знайдене максимальне парування (M): {(4, 49), (19, 43), (13, 42), (26, 36), (2, 48), (12, 22), (11, 14), (1, 9), (0, 23), (8, 30), (16, 31), (20, 25), (29, 37), (6, 35), (38, 46), (5, 15), (34, 39), (10, 17), (3, 45), (28, 44), (24, 40), (7, 27), (18, 33), (21, 32)}
Згенероване вершинне покриття (C): [0, 1, 2, 3, 4, 5, 6, 7, 8, 9, 10, 11, 12, 13, 14, 15, 16, 17, 18, 19, 20, 21, 22, 23, 24, 25, 26, 27, 28, 29, 30, 31, 32, 33, 34, 35, 36, 37, 38, 39, 40, 42, 43, 44, 45, 46, 48, 49]

--- Генерація вершинного покриття (зі списку суміжності) ---
Знайдене максимальне парування (M): {(19, 43), (13, 33), (2, 39), (10, 46), (21, 22), (38, 41), (4, 18), (23, 31), (0, 11), (9, 20), (3, 40), (17, 27), (28, 36), (5, 34), (24, 26), (30, 45), (32, 42), (12, 15), (29, 37), (6, 44), (7, 49), (8, 35), (25, 48), (1, 16), (14, 47)}
Згенероване вершинне покриття (C): [0, 1, 2, 3, 4, 5, 6, 7, 8, 9, 10, 11, 12, 13, 14, 15, 16, 17, 18, 19, 20, 21, 22, 23, 24, 25, 26, 27, 28, 29, 30, 31, 32, 33, 34, 35, 36, 37, 38, 39, 40, 41, 42, 43, 44, 45, 46, 47, 48, 49]

--- Генерація вершинного покриття (зі списку суміжності) ---
Знайдене максимальне парування (M): {(17, 46), (6, 30), (13, 39), (3, 22), (29, 47), (10, 18), (14, 49), (41, 42), (11, 32), (2, 38), (21, 27), (23, 33), (31, 43), (12, 45), (8, 35), (7, 9), (19, 44), (25, 36), (24, 34), (26, 37), (16, 48), (1, 4), (0, 15)}
Згенероване вершинне покриття (C): [0, 1, 2, 3, 4, 6, 7, 8, 9, 10, 11, 12, 13, 14, 15, 16, 17, 18, 19, 21, 22, 23, 24, 25, 26, 27, 29, 30, 31, 32, 33, 34, 35, 36, 37, 38, 39, 41, 42, 43, 44, 45, 46, 47, 48, 49]

--- Генерація вершинного покриття (зі списку суміжності) ---
Знайдене максимальне парування (M): {(0, 30), (20, 23), (2, 39), (7, 35), (6, 42), (17, 24), (5, 34), (47, 49), (8, 36), (32, 33), (25, 40), (3, 18), (16, 37), (29, 46), (14, 45), (28, 44), (19, 41), (10, 38), (12, 26), (9, 15), (1, 13), (11, 21), (4, 43)}
Згенероване вершинне покриття (C): [0, 1, 2, 3, 4, 5, 6, 7, 8, 9, 10, 11, 12, 13, 14, 15, 16, 17, 18, 19, 20, 21, 23, 24, 25, 26, 28, 29, 30, 32, 33, 34, 35, 36, 37, 38, 39, 40, 41, 42, 43, 44, 45, 46, 47, 49]

--- Генерація вершинного покриття (зі списку суміжності) ---
Знайдене максимальне парування (M): {(18, 26), (4, 24), (21, 40), (10, 12), (0, 23), (19, 30), (5, 37), (13, 35), (32, 42), (1, 39), (3, 9), (46, 47), (7, 43), (8, 14), (17, 20), (34, 45), (11, 22), (44, 49), (6, 28), (29, 33), (25, 48), (2, 15), (36, 41), (27, 38)}
Згенероване вершинне покриття (C): [0, 1, 2, 3, 4, 5, 6, 7, 8, 9, 10, 11, 12, 13, 14, 15, 17, 18, 19, 20, 21, 22, 23, 24, 25, 26, 27, 28, 29, 30, 32, 33, 34, 35, 36, 37, 38, 39, 40, 41, 42, 43, 44, 45, 46, 47, 48, 49]

--- Генерація вершинного покриття (зі списку суміжності) ---
Знайдене максимальне парування (M): {(24, 36), (26, 39), (25, 44), (16, 41), (12, 37), (14, 28), (17, 18), (2, 8), (19, 27), (5, 40), (1, 30), (15, 20), (10, 42), (13, 32), (7, 43), (22, 46), (23, 45), (4, 47), (11, 34), (6, 31), (0, 49), (21, 35), (29, 48), (3, 38), (9, 33)}
Згенероване вершинне покриття (C): [0, 1, 2, 3, 4, 5, 6, 7, 8, 9, 10, 11, 12, 13, 14, 15, 16, 17, 18, 19, 20, 21, 22, 23, 24, 25, 26, 27, 28, 29, 30, 31, 32, 33, 34, 35, 36, 37, 38, 39, 40, 41, 42, 43, 44, 45, 46, 47, 48, 49]

--- Генерація вершинного покриття (зі списку суміжності) ---
Знайдене максимальне парування (M): {(24, 30), (6, 21), (43, 49), (36, 37), (9, 29), (12, 46), (17, 39), (8, 42), (10, 48), (20, 28), (26, 41), (15, 47), (19, 23), (11, 31), (2, 22), (16, 33), (4, 7), (13, 40), (18, 45), (14, 32), (3, 35), (34, 44), (5, 38), (1, 25), (0, 27)}
Згенероване вершинне покриття (C): [0, 1, 2, 3, 4, 5, 6, 7, 8, 9, 10, 11, 12, 13, 14, 15, 16, 17, 18, 19, 20, 21, 22, 23, 24, 25, 26, 27, 28, 29, 30, 31, 32, 33, 34, 35, 36, 37, 38, 39, 40, 41, 42, 43, 44, 45, 46, 47, 48, 49]

--- Генерація вершинного покриття (зі списку суміжності) ---
Знайдене максимальне парування (M): {(9, 48), (7, 26), (29, 38), (14, 37), (4, 30), (34, 43), (45, 49), (17, 36), (2, 23), (10, 33), (32, 39), (18, 31), (22, 28), (1, 11), (19, 44), (16, 24), (25, 42), (13, 40), (3, 8), (20, 27), (6, 46), (21, 47), (12, 41), (0, 15), (5, 35)}
Згенероване вершинне покриття (C): [0, 1, 2, 3, 4, 5, 6, 7, 8, 9, 10, 11, 12, 13, 14, 15, 16, 17, 18, 19, 20, 21, 22, 23, 24, 25, 26, 27, 28, 29, 30, 31, 32, 33, 34, 35, 36, 37, 38, 39, 40, 41, 42, 43, 44, 45, 46, 47, 48, 49]

--- Генерація вершинного покриття (зі списку суміжності) ---
Знайдене максимальне парування (M): {(41, 43), (8, 46), (26, 39), (16, 38), (18, 35), (13, 45), (14, 19), (40, 44), (6, 48), (10, 15), (42, 47), (20, 31), (3, 33), (5, 36), (1, 29), (22, 30), (27, 32), (9, 24), (2, 12), (0, 21), (17, 25), (28, 34), (37, 49), (7, 11)}
Згенероване вершинне покриття (C): [0, 1, 2, 3, 5, 6, 7, 8, 9, 10, 11, 12, 13, 14, 15, 16, 17, 18, 19, 20, 21, 22, 24, 25, 26, 27, 28, 29, 30, 31, 32, 33, 34, 35, 36, 37, 38, 39, 40, 41, 42, 43, 44, 45, 46, 47, 48, 49]

--- Генерація вершинного покриття (зі списку суміжності) ---
Знайдене максимальне парування (M): {(19, 43), (41, 46), (24, 45), (26, 48), (34, 49), (10, 33), (32, 39), (18, 28), (25, 37), (4, 17), (14, 21), (23, 36), (11, 13), (9, 31), (16, 27), (6, 22), (35, 40), (38, 42), (20, 30), (0, 12), (1, 7), (3, 44), (2, 15), (5, 47)}
Згенероване вершинне покриття (C): [0, 1, 2, 3, 4, 5, 6, 7, 9, 10, 11, 12, 13, 14, 15, 16, 17, 18, 19, 20, 21, 22, 23, 24, 25, 26, 27, 28, 30, 31, 32, 33, 34, 35, 36, 37, 38, 39, 40, 41, 42, 43, 44, 45, 46, 47, 48, 49]

--- Генерація вершинного покриття (зі списку суміжності) ---
Знайдене максимальне парування (M): {(29, 35), (14, 28), (30, 36), (10, 27), (11, 32), (1, 39), (24, 44), (4, 8), (16, 40), (13, 41), (31, 34), (17, 23), (5, 33), (6, 7), (0, 25), (18, 21), (42, 49), (43, 47), (38, 45), (9, 12), (3, 20), (19, 22), (2, 15), (37, 46)}
Згенероване вершинне покриття (C): [0, 1, 2, 3, 4, 5, 6, 7, 8, 9, 10, 11, 12, 13, 14, 15, 16, 17, 18, 19, 20, 21, 22, 23, 24, 25, 27, 28, 29, 30, 31, 32, 33, 34, 35, 36, 37, 38, 39, 40, 41, 42, 43, 44, 45, 46, 47, 49]

--- Генерація вершинного покриття (зі списку суміжності) ---
Знайдене максимальне парування (M): {(18, 35), (15, 36), (2, 5), (17, 30), (13, 44), (6, 32), (38, 49), (14, 27), (12, 48), (4, 47), (9, 37), (0, 40), (1, 29), (21, 23), (33, 46), (3, 20), (7, 45), (8, 16), (22, 39), (34, 41), (11, 24), (19, 31), (10, 28), (25, 26)}
Згенероване вершинне покриття (C): [0, 1, 2, 3, 4, 5, 6, 7, 8, 9, 10, 11, 12, 13, 14, 15, 16, 17, 18, 19, 20, 21, 22, 23, 24, 25, 26, 27, 28, 29, 30, 31, 32, 33, 34, 35, 36, 37, 38, 39, 40, 41, 44, 45, 46, 47, 48, 49]

--- Генерація вершинного покриття (зі списку суміжності) ---
Знайдене максимальне парування (M): {(9, 45), (8, 46), (6, 33), (31, 38), (11, 41), (26, 44), (20, 37), (7, 49), (21, 42), (1, 2), (0, 10), (22, 40), (4, 47), (3, 48), (25, 27), (29, 30), (15, 34), (5, 14), (18, 39), (17, 19), (12, 35), (16, 23), (28, 43), (13, 24)}
Згенероване вершинне покриття (C): [0, 1, 2, 3, 4, 5, 6, 7, 8, 9, 10, 11, 12, 13, 14, 15, 16, 17, 18, 19, 20, 21, 22, 23, 24, 25, 26, 27, 28, 29, 30, 31, 33, 34, 35, 37, 38, 39, 40, 41, 42, 43, 44, 45, 46, 47, 48, 49]

--- Генерація вершинного покриття (зі списку суміжності) ---
Знайдене максимальне парування (M): {(9, 45), (0, 36), (13, 33), (16, 32), (25, 44), (17, 21), (3, 37), (27, 28), (23, 46), (1, 30), (24, 35), (38, 40), (12, 18), (31, 49), (22, 43), (4, 47), (5, 42), (7, 15), (26, 34), (8, 19), (2, 6), (20, 48), (14, 41)}
Згенероване вершинне покриття (C): [0, 1, 2, 3, 4, 5, 6, 7, 8, 9, 12, 13, 14, 15, 16, 17, 18, 19, 20, 21, 22, 23, 24, 25, 26, 27, 28, 30, 31, 32, 33, 34, 35, 36, 37, 38, 40, 41, 42, 43, 44, 45, 46, 47, 48, 49]

--- Генерація вершинного покриття (зі списку суміжності) ---
Знайдене максимальне парування (M): {(2, 33), (43, 46), (35, 45), (17, 18), (20, 41), (9, 29), (1, 36), (39, 44), (21, 42), (10, 14), (5, 30), (11, 22), (34, 48), (19, 32), (0, 31), (25, 27), (7, 24), (15, 37), (13, 49), (6, 40), (4, 28), (3, 26), (8, 16), (23, 38), (12, 47)}
Згенероване вершинне покриття (C): [0, 1, 2, 3, 4, 5, 6, 7, 8, 9, 10, 11, 12, 13, 14, 15, 16, 17, 18, 19, 20, 21, 22, 23, 24, 25, 26, 27, 28, 29, 30, 31, 32, 33, 34, 35, 36, 37, 38, 39, 40, 41, 42, 43, 44, 45, 46, 47, 48, 49]

--- Генерація вершинного покриття (зі списку суміжності) ---
Знайдене максимальне парування (M): {(11, 36), (10, 46), (7, 32), (3, 28), (14, 37), (9, 29), (0, 26), (5, 34), (2, 20), (33, 38), (1, 42), (18, 31), (39, 41), (27, 30), (45, 48), (16, 21), (6, 19), (44, 49), (15, 40), (4, 22), (12, 35), (23, 47), (8, 25), (13, 24)}
Згенероване вершинне покриття (C): [0, 1, 2, 3, 4, 5, 6, 7, 8, 9, 10, 11, 12, 13, 14, 15, 16, 18, 19, 20, 21, 22, 23, 24, 25, 26, 27, 28, 29, 30, 31, 32, 33, 34, 35, 36, 37, 38, 39, 40, 41, 42, 44, 45, 46, 47, 48, 49]

--- Генерація вершинного покриття (зі списку суміжності) ---
Знайдене максимальне парування (M): {(7, 17), (0, 39), (18, 26), (29, 44), (8, 15), (4, 36), (37, 42), (24, 32), (13, 41), (5, 9), (23, 33), (3, 27), (31, 46), (1, 14), (11, 49), (35, 40), (20, 21), (25, 48), (12, 38), (10, 16), (2, 6), (19, 28), (22, 45), (34, 47)}
Згенероване вершинне покриття (C): [0, 1, 2, 3, 4, 5, 6, 7, 8, 9, 10, 11, 12, 13, 14, 15, 16, 17, 18, 19, 20, 21, 22, 23, 24, 25, 26, 27, 28, 29, 31, 32, 33, 34, 35, 36, 37, 38, 39, 40, 41, 42, 44, 45, 46, 47, 48, 49]

--- Генерація вершинного покриття (зі списку суміжності) ---
Знайдене максимальне парування (M): {(0, 42), (26, 30), (18, 29), (4, 15), (12, 22), (3, 49), (11, 38), (1, 45), (7, 34), (23, 24), (20, 40), (28, 35), (14, 39), (13, 19), (16, 21), (6, 10), (8, 41), (25, 33), (2, 37), (9, 46), (27, 32), (31, 48), (36, 44), (17, 43), (5, 47)}
Згенероване вершинне покриття (C): [0, 1, 2, 3, 4, 5, 6, 7, 8, 9, 10, 11, 12, 13, 14, 15, 16, 17, 18, 19, 20, 21, 22, 23, 24, 25, 26, 27, 28, 29, 30, 31, 32, 33, 34, 35, 36, 37, 38, 39, 40, 41, 42, 43, 44, 45, 46, 47, 48, 49]

--- Генерація вершинного покриття (зі списку суміжності) ---
Знайдене максимальне парування (M): {(11, 36), (6, 21), (0, 45), (1, 34), (16, 41), (24, 48), (5, 19), (20, 44), (14, 43), (7, 10), (33, 35), (15, 17), (25, 40), (29, 49), (12, 42), (4, 32), (9, 31), (13, 28), (2, 37), (30, 47), (18, 27), (3, 8), (38, 39), (23, 26)}
Згенероване вершинне покриття (C): [0, 1, 2, 3, 4, 5, 6, 7, 8, 9, 10, 11, 12, 13, 14, 15, 16, 17, 18, 19, 20, 21, 23, 24, 25, 26, 27, 28, 29, 30, 31, 32, 33, 34, 35, 36, 37, 38, 39, 40, 41, 42, 43, 44, 45, 47, 48, 49]

--- Генерація вершинного покриття (зі списку суміжності) ---
Знайдене максимальне парування (M): {(32, 49), (15, 36), (38, 44), (21, 37), (1, 3), (17, 33), (12, 46), (19, 42), (16, 22), (30, 45), (24, 35), (7, 25), (6, 29), (26, 41), (40, 43), (9, 13), (4, 47), (34, 48), (2, 31), (5, 8), (14, 23), (11, 18), (10, 28), (0, 27)}
Згенероване вершинне покриття (C): [0, 1, 2, 3, 4, 5, 6, 7, 8, 9, 10, 11, 12, 13, 14, 15, 16, 17, 18, 19, 21, 22, 23, 24, 25, 26, 27, 28, 29, 30, 31, 32, 33, 34, 35, 36, 37, 38, 40, 41, 42, 43, 44, 45, 46, 47, 48, 49]

--- Генерація вершинного покриття (зі списку суміжності) ---
Знайдене максимальне парування (M): {(0, 39), (26, 27), (16, 32), (29, 35), (13, 48), (12, 31), (36, 46), (33, 44), (18, 28), (3, 6), (22, 25), (4, 17), (15, 47), (20, 37), (5, 30), (23, 45), (11, 40), (19, 41), (2, 49), (21, 38), (9, 24), (1, 10), (8, 34), (7, 14)}
Згенероване вершинне покриття (C): [0, 1, 2, 3, 4, 5, 6, 7, 8, 9, 10, 11, 12, 13, 14, 15, 16, 17, 18, 19, 20, 21, 22, 23, 24, 25, 26, 27, 28, 29, 30, 31, 32, 33, 34, 35, 36, 37, 38, 39, 40, 41, 44, 45, 46, 47, 48, 49]

--- Генерація вершинного покриття (зі списку суміжності) ---
Знайдене максимальне парування (M): {(42, 48), (3, 40), (0, 23), (4, 45), (10, 27), (5, 43), (26, 38), (6, 35), (14, 15), (16, 46), (17, 29), (9, 34), (7, 24), (44, 49), (32, 47), (25, 39), (1, 41), (18, 36), (20, 33), (8, 22), (2, 12), (28, 31), (11, 21), (30, 37)}
Згенероване вершинне покриття (C): [0, 1, 2, 3, 4, 5, 6, 7, 8, 9, 10, 11, 12, 14, 15, 16, 17, 18, 20, 21, 22, 23, 24, 25, 26, 27, 28, 29, 30, 31, 32, 33, 34, 35, 36, 37, 38, 39, 40, 41, 42, 43, 44, 45, 46, 47, 48, 49]

--- Генерація вершинного покриття (зі списку суміжності) ---
Знайдене максимальне парування (M): {(27, 47), (10, 34), (0, 45), (20, 23), (25, 44), (15, 48), (9, 26), (17, 33), (36, 43), (3, 49), (13, 38), (7, 28), (21, 24), (6, 29), (8, 14), (35, 37), (11, 46), (1, 41), (31, 42), (22, 39), (5, 32), (2, 18), (19, 40)}
Згенероване вершинне покриття (C): [0, 1, 2, 3, 5, 6, 7, 8, 9, 10, 11, 13, 14, 15, 17, 18, 19, 20, 21, 22, 23, 24, 25, 26, 27, 28, 29, 31, 32, 33, 34, 35, 36, 37, 38, 39, 40, 41, 42, 43, 44, 45, 46, 47, 48, 49]

--- Генерація вершинного покриття (зі списку суміжності) ---
Знайдене максимальне парування (M): {(24, 30), (33, 36), (43, 46), (3, 7), (6, 48), (37, 42), (1, 27), (15, 26), (13, 29), (0, 47), (11, 44), (12, 18), (20, 34), (40, 49), (21, 39), (9, 22), (19, 32), (2, 28), (16, 45), (8, 10), (4, 31), (23, 38), (17, 25), (5, 35), (14, 41)}
Згенероване вершинне покриття (C): [0, 1, 2, 3, 4, 5, 6, 7, 8, 9, 10, 11, 12, 13, 14, 15, 16, 17, 18, 19, 20, 21, 22, 23, 24, 25, 26, 27, 28, 29, 30, 31, 32, 33, 34, 35, 36, 37, 38, 39, 40, 41, 42, 43, 44, 45, 46, 47, 48, 49]

--- Генерація вершинного покриття (зі списку суміжності) ---
Знайдене максимальне парування (M): {(16, 35), (20, 38), (17, 24), (36, 49), (4, 48), (5, 46), (15, 26), (32, 42), (7, 43), (23, 39), (2, 10), (0, 28), (3, 45), (9, 37), (41, 44), (25, 27), (6, 22), (12, 14), (1, 47), (29, 33), (11, 18), (8, 31), (13, 21), (30, 34), (19, 40)}
Згенероване вершинне покриття (C): [0, 1, 2, 3, 4, 5, 6, 7, 8, 9, 10, 11, 12, 13, 14, 15, 16, 17, 18, 19, 20, 21, 22, 23, 24, 25, 26, 27, 28, 29, 30, 31, 32, 33, 34, 35, 36, 37, 38, 39, 40, 41, 42, 43, 44, 45, 46, 47, 48, 49]

--- Генерація вершинного покриття (зі списку суміжності) ---
Знайдене максимальне парування (M): {(10, 34), (20, 26), (12, 25), (6, 45), (14, 31), (28, 30), (9, 29), (33, 35), (42, 44), (16, 46), (40, 49), (3, 36), (27, 39), (17, 32), (13, 19), (37, 43), (7, 15), (5, 48), (41, 47), (1, 4), (23, 38), (11, 18), (0, 24), (2, 21)}
Згенероване вершинне покриття (C): [0, 1, 2, 3, 4, 5, 6, 7, 9, 10, 11, 12, 13, 14, 15, 16, 17, 18, 19, 20, 21, 23, 24, 25, 26, 27, 28, 29, 30, 31, 32, 33, 34, 35, 36, 37, 38, 39, 40, 41, 42, 43, 44, 45, 46, 47, 48, 49]

--- Генерація вершинного покриття (зі списку суміжності) ---
Знайдене максимальне парування (M): {(30, 49), (25, 38), (2, 42), (17, 18), (1, 15), (13, 23), (11, 29), (24, 26), (19, 45), (8, 48), (7, 28), (31, 43), (5, 27), (4, 47), (3, 39), (9, 46), (16, 33), (21, 35), (14, 32), (0, 6), (22, 36), (34, 44), (12, 41), (37, 40)}
Згенероване вершинне покриття (C): [0, 1, 2, 3, 4, 5, 6, 7, 8, 9, 11, 12, 13, 14, 15, 16, 17, 18, 19, 21, 22, 23, 24, 25, 26, 27, 28, 29, 30, 31, 32, 33, 34, 35, 36, 37, 38, 39, 40, 41, 42, 43, 44, 45, 46, 47, 48, 49]

--- Генерація вершинного покриття (зі списку суміжності) ---
Знайдене максимальне парування (M): {(1, 37), (10, 49), (4, 6), (15, 42), (40, 47), (8, 24), (11, 26), (14, 43), (28, 39), (32, 33), (16, 22), (21, 36), (3, 48), (30, 44), (2, 31), (9, 46), (7, 18), (12, 17), (20, 27), (29, 45), (23, 35), (34, 38), (19, 25), (5, 41)}
Згенероване вершинне покриття (C): [1, 2, 3, 4, 5, 6, 7, 8, 9, 10, 11, 12, 14, 15, 16, 17, 18, 19, 20, 21, 22, 23, 24, 25, 26, 27, 28, 29, 30, 31, 32, 33, 34, 35, 36, 37, 38, 39, 40, 41, 42, 43, 44, 45, 46, 47, 48, 49]

--- Генерація вершинного покриття (зі списку суміжності) ---
Знайдене максимальне парування (M): {(6, 15), (1, 40), (12, 13), (5, 28), (34, 46), (2, 20), (19, 39), (42, 44), (7, 25), (21, 24), (29, 43), (3, 27), (4, 38), (10, 26), (0, 31), (35, 37), (32, 41), (9, 49), (14, 23), (8, 16), (18, 48), (22, 36), (45, 47), (11, 33)}
Згенероване вершинне покриття (C): [0, 1, 2, 3, 4, 5, 6, 7, 8, 9, 10, 11, 12, 13, 14, 15, 16, 18, 19, 20, 21, 22, 23, 24, 25, 26, 27, 28, 29, 31, 32, 33, 34, 35, 36, 37, 38, 39, 40, 41, 42, 43, 44, 45, 46, 47, 48, 49]

--- Генерація вершинного покриття (зі списку суміжності) ---
Знайдене максимальне парування (M): {(25, 35), (0, 45), (20, 23), (12, 19), (6, 33), (18, 32), (38, 41), (16, 47), (21, 43), (4, 30), (34, 46), (17, 42), (8, 36), (1, 24), (22, 37), (5, 27), (11, 28), (7, 15), (10, 44), (26, 31), (13, 49), (3, 14), (29, 39), (2, 9)}
Згенероване вершинне покриття (C): [0, 1, 2, 3, 4, 5, 6, 7, 8, 9, 10, 11, 12, 13, 14, 15, 16, 17, 18, 19, 20, 21, 22, 23, 24, 25, 26, 27, 28, 29, 30, 31, 32, 33, 34, 35, 36, 37, 38, 39, 41, 42, 43, 44, 45, 46, 47, 49]

--- Генерація вершинного покриття (зі списку суміжності) ---
Знайдене максимальне парування (M): {(3, 4), (6, 30), (31, 35), (18, 47), (20, 44), (8, 15), (14, 40), (28, 36), (17, 48), (33, 38), (13, 32), (25, 37), (29, 34), (0, 1), (5, 21), (11, 19), (10, 26), (2, 43), (22, 27), (7, 42), (39, 49), (23, 41), (9, 24)}
Згенероване вершинне покриття (C): [0, 1, 2, 3, 4, 5, 6, 7, 8, 9, 10, 11, 13, 14, 15, 17, 18, 19, 20, 21, 22, 23, 24, 25, 26, 27, 28, 29, 30, 31, 32, 33, 34, 35, 36, 37, 38, 39, 40, 41, 42, 43, 44, 47, 48, 49]

--- Генерація вершинного покриття (зі списку суміжності) ---
Знайдене максимальне парування (M): {(33, 36), (19, 46), (20, 32), (14, 22), (8, 18), (21, 43), (10, 12), (11, 23), (45, 49), (27, 31), (9, 38), (2, 29), (13, 35), (7, 28), (24, 44), (1, 42), (0, 4), (17, 26), (5, 30), (3, 39), (6, 16), (41, 47), (15, 37), (25, 48)}
Згенероване вершинне покриття (C): [0, 1, 2, 3, 4, 5, 6, 7, 8, 9, 10, 11, 12, 13, 14, 15, 16, 17, 18, 19, 20, 21, 22, 23, 24, 25, 26, 27, 28, 29, 30, 31, 32, 33, 35, 36, 37, 38, 39, 41, 42, 43, 44, 45, 46, 47, 48, 49]

--- Генерація вершинного покриття (зі списку суміжності) ---
Знайдене максимальне парування (M): {(19, 43), (4, 21), (0, 26), (28, 42), (2, 38), (41, 48), (35, 44), (12, 15), (14, 18), (7, 40), (16, 46), (22, 37), (3, 27), (10, 17), (5, 36), (11, 34), (25, 33), (24, 49), (29, 45), (20, 39), (1, 13), (23, 47), (30, 31), (6, 9)}
Згенероване вершинне покриття (C): [0, 1, 2, 3, 4, 5, 6, 7, 9, 10, 11, 12, 13, 14, 15, 16, 17, 18, 19, 20, 21, 22, 23, 24, 25, 26, 27, 28, 29, 30, 31, 33, 34, 35, 36, 37, 38, 39, 40, 41, 42, 43, 44, 45, 46, 47, 48, 49]

--- Генерація вершинного покриття (зі списку суміжності) ---
Знайдене максимальне парування (M): {(4, 6), (14, 25), (12, 37), (22, 29), (2, 11), (17, 33), (45, 46), (0, 44), (7, 43), (5, 42), (16, 24), (27, 48), (10, 41), (1, 38), (32, 47), (21, 23), (26, 34), (35, 49), (18, 36), (3, 20), (9, 15), (8, 13), (28, 31), (19, 40)}
Згенероване вершинне покриття (C): [0, 1, 2, 3, 4, 5, 6, 7, 8, 9, 10, 11, 12, 13, 14, 15, 16, 17, 18, 19, 20, 21, 22, 23, 24, 25, 26, 27, 28, 29, 31, 32, 33, 34, 35, 36, 37, 38, 40, 41, 42, 43, 44, 45, 46, 47, 48, 49]

--- Генерація вершинного покриття (зі списку суміжності) ---
Знайдене максимальне парування (M): {(38, 47), (39, 45), (21, 37), (12, 40), (27, 28), (9, 26), (13, 20), (7, 19), (11, 41), (5, 15), (18, 46), (23, 42), (30, 32), (10, 44), (2, 34), (33, 49), (35, 43), (3, 14), (4, 16), (29, 36), (0, 6), (17, 22), (31, 48), (8, 25)}
Згенероване вершинне покриття (C): [0, 2, 3, 4, 5, 6, 7, 8, 9, 10, 11, 12, 13, 14, 15, 16, 17, 18, 19, 20, 21, 22, 23, 25, 26, 27, 28, 29, 30, 31, 32, 33, 34, 35, 36, 37, 38, 39, 40, 41, 42, 43, 44, 45, 46, 47, 48, 49]

--- Генерація вершинного покриття (зі списку суміжності) ---
Знайдене максимальне парування (M): {(1, 40), (8, 15), (37, 45), (19, 42), (28, 48), (35, 47), (26, 44), (39, 41), (21, 33), (29, 43), (18, 49), (0, 7), (3, 30), (4, 38), (10, 20), (25, 27), (13, 31), (16, 36), (12, 23), (5, 11), (22, 24), (6, 46), (14, 32), (2, 9), (17, 34)}
Згенероване вершинне покриття (C): [0, 1, 2, 3, 4, 5, 6, 7, 8, 9, 10, 11, 12, 13, 14, 15, 16, 17, 18, 19, 20, 21, 22, 23, 24, 25, 26, 27, 28, 29, 30, 31, 32, 33, 34, 35, 36, 37, 38, 39, 40, 41, 42, 43, 44, 45, 46, 47, 48, 49]

--- Генерація вершинного покриття (зі списку суміжності) ---
Знайдене максимальне парування (M): {(24, 30), (8, 43), (26, 39), (15, 36), (18, 32), (5, 25), (0, 14), (11, 20), (19, 27), (4, 42), (2, 29), (33, 44), (13, 41), (38, 40), (7, 46), (21, 48), (10, 23), (9, 37), (16, 45), (12, 35), (6, 49), (28, 31), (3, 47), (1, 22)}
Згенероване вершинне покриття (C): [0, 1, 2, 3, 4, 5, 6, 7, 8, 9, 10, 11, 12, 13, 14, 15, 16, 18, 19, 20, 21, 22, 23, 24, 25, 26, 27, 28, 29, 30, 31, 32, 33, 35, 36, 37, 38, 39, 40, 41, 42, 43, 44, 45, 46, 47, 48, 49]

--- Генерація вершинного покриття (зі списку суміжності) ---
Знайдене максимальне парування (M): {(1, 28), (32, 46), (4, 9), (33, 48), (12, 25), (22, 35), (11, 17), (6, 14), (19, 45), (21, 36), (5, 15), (7, 43), (8, 23), (2, 16), (10, 29), (30, 38), (24, 31), (41, 47), (13, 34), (26, 40), (0, 3), (20, 42), (37, 49), (27, 44)}
Згенероване вершинне покриття (C): [0, 1, 2, 3, 4, 5, 6, 7, 8, 9, 10, 11, 12, 13, 14, 15, 16, 17, 19, 20, 21, 22, 23, 24, 25, 26, 27, 28, 29, 30, 31, 32, 33, 34, 35, 36, 37, 38, 40, 41, 42, 43, 44, 45, 46, 47, 48, 49]

--- Генерація вершинного покриття (зі списку суміжності) ---
Знайдене максимальне парування (M): {(19, 43), (33, 42), (18, 23), (35, 45), (31, 38), (2, 14), (0, 26), (37, 48), (7, 10), (1, 30), (6, 20), (13, 29), (11, 44), (4, 8), (12, 21), (22, 28), (5, 27), (3, 39), (17, 32), (9, 34), (15, 25), (41, 47), (24, 40), (16, 36), (46, 49)}
Згенероване вершинне покриття (C): [0, 1, 2, 3, 4, 5, 6, 7, 8, 9, 10, 11, 12, 13, 14, 15, 16, 17, 18, 19, 20, 21, 22, 23, 24, 25, 26, 27, 28, 29, 30, 31, 32, 33, 34, 35, 36, 37, 38, 39, 40, 41, 42, 43, 44, 45, 46, 47, 48, 49]

--- Генерація вершинного покриття (зі списку суміжності) ---
Знайдене максимальне парування (M): {(18, 20), (4, 12), (26, 36), (7, 47), (39, 48), (3, 34), (0, 17), (10, 24), (28, 45), (27, 49), (11, 44), (5, 33), (14, 42), (2, 19), (6, 16), (13, 31), (9, 46), (32, 41), (29, 30), (15, 43), (21, 38), (23, 35), (37, 40), (8, 25)}
Згенероване вершинне покриття (C): [0, 2, 3, 4, 5, 6, 7, 8, 9, 10, 11, 12, 13, 14, 15, 16, 17, 18, 19, 20, 21, 23, 24, 25, 26, 27, 28, 29, 30, 31, 32, 33, 34, 35, 36, 37, 38, 39, 40, 41, 42, 43, 44, 45, 46, 47, 48, 49]

--- Генерація вершинного покриття (зі списку суміжності) ---
Знайдене максимальне парування (M): {(6, 15), (10, 46), (9, 17), (3, 37), (22, 44), (28, 33), (0, 35), (16, 25), (13, 38), (4, 11), (5, 12), (21, 42), (1, 8), (14, 45), (30, 41), (2, 31), (43, 47), (26, 34), (20, 24), (48, 49), (18, 39), (23, 32), (27, 29), (19, 40)}
Згенероване вершинне покриття (C): [0, 1, 2, 3, 4, 5, 6, 8, 9, 10, 11, 12, 13, 14, 15, 16, 17, 18, 19, 20, 21, 22, 23, 24, 25, 26, 27, 28, 29, 30, 31, 32, 33, 34, 35, 37, 38, 39, 40, 41, 42, 43, 44, 45, 46, 47, 48, 49]

Середній час виконання: 0.0001120472 секунд
