
--- Генерація вершинного покриття (зі списку суміжності) ---
Знайдене максимальне парування (M): {(43, 110), (108, 121), (35, 115), (48, 164), (88, 127), (73, 117), (26, 133), (80, 168), (52, 152), (27, 107), (34, 67), (33, 47), (53, 144), (136, 169), (57, 59), (120, 161), (12, 109), (140, 148), (38, 128), (87, 139), (14, 17), (156, 174), (124, 154), (1, 138), (4, 125), (71, 90), (23, 77), (147, 173), (16, 65), (104, 132), (42, 157), (113, 153), (29, 86), (5, 64), (102, 134), (60, 82), (143, 162), (135, 158), (0, 98), (137, 167), (101, 146), (11, 155), (75, 112), (32, 61), (7, 160), (106, 172), (50, 85), (44, 126), (20, 46), (37, 105), (39, 68), (131, 151), (40, 149), (36, 81), (19, 74), (122, 159), (96, 171), (21, 28), (79, 100), (49, 163), (62, 93), (15, 51), (72, 103), (30, 76), (84, 89), (18, 150), (99, 114), (54, 91), (25, 119), (45, 97), (8, 142), (94, 145), (63, 66), (22, 58), (166, 170), (31, 70), (13, 141), (69, 118), (41, 129), (2, 55), (10, 123), (83, 92), (6, 9), (3, 111), (95, 130)}
Згенероване вершинне покриття (C): [0, 1, 2, 3, 4, 5, 6, 7, 8, 9, 10, 11, 12, 13, 14, 15, 16, 17, 18, 19, 20, 21, 22, 23, 25, 26, 27, 28, 29, 30, 31, 32, 33, 34, 35, 36, 37, 38, 39, 40, 41, 42, 43, 44, 45, 46, 47, 48, 49, 50, 51, 52, 53, 54, 55, 57, 58, 59, 60, 61, 62, 63, 64, 65, 66, 67, 68, 69, 70, 71, 72, 73, 74, 75, 76, 77, 79, 80, 81, 82, 83, 84, 85, 86, 87, 88, 89, 90, 91, 92, 93, 94, 95, 96, 97, 98, 99, 100, 101, 102, 103, 104, 105, 106, 107, 108, 109, 110, 111, 112, 113, 114, 115, 117, 118, 119, 120, 121, 122, 123, 124, 125, 126, 127, 128, 129, 130, 131, 132, 133, 134, 135, 136, 137, 138, 139, 140, 141, 142, 143, 144, 145, 146, 147, 148, 149, 150, 151, 152, 153, 154, 155, 156, 157, 158, 159, 160, 161, 162, 163, 164, 166, 167, 168, 169, 170, 171, 172, 173, 174]

--- Генерація вершинного покриття (зі списку суміжності) ---
Знайдене максимальне парування (M): {(7, 81), (35, 97), (78, 141), (117, 163), (42, 139), (59, 121), (93, 116), (107, 115), (90, 99), (17, 124), (82, 159), (64, 98), (21, 112), (49, 128), (40, 125), (12, 54), (80, 106), (143, 174), (22, 76), (1, 74), (53, 57), (110, 173), (56, 71), (48, 152), (109, 138), (14, 28), (65, 131), (29, 111), (69, 92), (44, 72), (61, 88), (41, 149), (52, 158), (68, 102), (73, 162), (77, 144), (103, 172), (123, 129), (79, 135), (50, 108), (16, 85), (119, 134), (23, 26), (5, 148), (4, 31), (161, 170), (10, 19), (94, 171), (145, 164), (37, 137), (20, 32), (15, 45), (18, 96), (27, 147), (34, 43), (75, 105), (24, 114), (25, 122), (33, 89), (2, 165), (146, 167), (126, 127), (58, 84), (11, 70), (8, 83), (30, 156), (51, 154), (86, 130), (13, 118), (55, 160), (46, 142), (6, 133), (95, 153), (39, 157), (9, 132), (62, 113), (3, 63), (150, 155), (101, 168), (47, 87), (66, 67), (120, 166), (38, 60), (0, 140), (91, 169)}
Згенероване вершинне покриття (C): [0, 1, 2, 3, 4, 5, 6, 7, 8, 9, 10, 11, 12, 13, 14, 15, 16, 17, 18, 19, 20, 21, 22, 23, 24, 25, 26, 27, 28, 29, 30, 31, 32, 33, 34, 35, 37, 38, 39, 40, 41, 42, 43, 44, 45, 46, 47, 48, 49, 50, 51, 52, 53, 54, 55, 56, 57, 58, 59, 60, 61, 62, 63, 64, 65, 66, 67, 68, 69, 70, 71, 72, 73, 74, 75, 76, 77, 78, 79, 80, 81, 82, 83, 84, 85, 86, 87, 88, 89, 90, 91, 92, 93, 94, 95, 96, 97, 98, 99, 101, 102, 103, 105, 106, 107, 108, 109, 110, 111, 112, 113, 114, 115, 116, 117, 118, 119, 120, 121, 122, 123, 124, 125, 126, 127, 128, 129, 130, 131, 132, 133, 134, 135, 137, 138, 139, 140, 141, 142, 143, 144, 145, 146, 147, 148, 149, 150, 152, 153, 154, 155, 156, 157, 158, 159, 160, 161, 162, 163, 164, 165, 166, 167, 168, 169, 170, 171, 172, 173, 174]

--- Генерація вершинного покриття (зі списку суміжності) ---
Знайдене максимальне парування (M): {(20, 29), (62, 163), (12, 89), (155, 174), (30, 39), (55, 68), (132, 169), (33, 111), (19, 41), (113, 149), (69, 124), (53, 82), (17, 117), (61, 129), (25, 109), (11, 119), (153, 157), (136, 171), (23, 93), (160, 162), (85, 107), (102, 123), (51, 114), (38, 105), (81, 121), (18, 71), (116, 161), (96, 158), (45, 73), (58, 67), (77, 135), (112, 166), (3, 140), (94, 139), (84, 104), (7, 46), (43, 148), (10, 44), (99, 110), (37, 126), (2, 168), (14, 142), (49, 173), (31, 167), (24, 64), (79, 137), (15, 91), (13, 103), (21, 95), (35, 130), (70, 170), (40, 65), (8, 97), (1, 146), (0, 47), (28, 127), (106, 147), (60, 134), (52, 66), (50, 78), (42, 74), (34, 36), (4, 154), (125, 172), (101, 150), (72, 92), (56, 120), (138, 159), (22, 63), (151, 156), (98, 122), (76, 128), (57, 87), (59, 133), (26, 108), (115, 165), (80, 143), (54, 164), (9, 141), (5, 152), (75, 86), (16, 27), (6, 144), (90, 131), (32, 83)}
Згенероване вершинне покриття (C): [0, 1, 2, 3, 4, 5, 6, 7, 8, 9, 10, 11, 12, 13, 14, 15, 16, 17, 18, 19, 20, 21, 22, 23, 24, 25, 26, 27, 28, 29, 30, 31, 32, 33, 34, 35, 36, 37, 38, 39, 40, 41, 42, 43, 44, 45, 46, 47, 49, 50, 51, 52, 53, 54, 55, 56, 57, 58, 59, 60, 61, 62, 63, 64, 65, 66, 67, 68, 69, 70, 71, 72, 73, 74, 75, 76, 77, 78, 79, 80, 81, 82, 83, 84, 85, 86, 87, 89, 90, 91, 92, 93, 94, 95, 96, 97, 98, 99, 101, 102, 103, 104, 105, 106, 107, 108, 109, 110, 111, 112, 113, 114, 115, 116, 117, 119, 120, 121, 122, 123, 124, 125, 126, 127, 128, 129, 130, 131, 132, 133, 134, 135, 136, 137, 138, 139, 140, 141, 142, 143, 144, 146, 147, 148, 149, 150, 151, 152, 153, 154, 155, 156, 157, 158, 159, 160, 161, 162, 163, 164, 165, 166, 167, 168, 169, 170, 171, 172, 173, 174]

--- Генерація вершинного покриття (зі списку суміжності) ---
Знайдене максимальне парування (M): {(21, 71), (61, 70), (44, 63), (73, 117), (31, 166), (131, 143), (81, 87), (79, 99), (1, 42), (22, 46), (91, 164), (33, 168), (110, 134), (62, 167), (5, 142), (67, 93), (75, 124), (112, 173), (104, 114), (40, 120), (72, 127), (4, 109), (135, 174), (136, 139), (34, 128), (56, 137), (32, 57), (130, 144), (69, 103), (84, 122), (12, 170), (65, 145), (118, 160), (11, 89), (10, 163), (8, 111), (83, 123), (54, 151), (80, 133), (156, 171), (58, 78), (28, 132), (26, 125), (47, 157), (17, 153), (101, 146), (108, 161), (19, 49), (2, 97), (100, 141), (38, 102), (27, 92), (36, 159), (0, 20), (7, 68), (76, 149), (9, 169), (13, 41), (18, 162), (45, 155), (59, 154), (82, 119), (48, 126), (23, 60), (95, 140), (24, 52), (25, 51), (35, 116), (66, 152), (30, 165), (15, 88), (29, 96), (53, 172), (3, 107), (115, 147), (43, 106), (16, 98), (39, 129), (74, 105), (64, 85), (90, 113), (50, 77), (37, 86), (94, 138), (14, 148), (6, 55)}
Згенероване вершинне покриття (C): [0, 1, 2, 3, 4, 5, 6, 7, 8, 9, 10, 11, 12, 13, 14, 15, 16, 17, 18, 19, 20, 21, 22, 23, 24, 25, 26, 27, 28, 29, 30, 31, 32, 33, 34, 35, 36, 37, 38, 39, 40, 41, 42, 43, 44, 45, 46, 47, 48, 49, 50, 51, 52, 53, 54, 55, 56, 57, 58, 59, 60, 61, 62, 63, 64, 65, 66, 67, 68, 69, 70, 71, 72, 73, 74, 75, 76, 77, 78, 79, 80, 81, 82, 83, 84, 85, 86, 87, 88, 89, 90, 91, 92, 93, 94, 95, 96, 97, 98, 99, 100, 101, 102, 103, 104, 105, 106, 107, 108, 109, 110, 111, 112, 113, 114, 115, 116, 117, 118, 119, 120, 122, 123, 124, 125, 126, 127, 128, 129, 130, 131, 132, 133, 134, 135, 136, 137, 138, 139, 140, 141, 142, 143, 144, 145, 146, 147, 148, 149, 151, 152, 153, 154, 155, 156, 157, 159, 160, 161, 162, 163, 164, 165, 166, 167, 168, 169, 170, 171, 172, 173, 174]

--- Генерація вершинного покриття (зі списку суміжності) ---
Знайдене максимальне парування (M): {(1, 40), (52, 122), (79, 106), (16, 166), (103, 109), (39, 170), (51, 135), (80, 159), (27, 107), (84, 141), (117, 147), (53, 162), (37, 90), (95, 125), (78, 136), (33, 113), (128, 149), (5, 124), (76, 129), (86, 161), (61, 104), (13, 94), (22, 60), (81, 91), (17, 174), (73, 126), (43, 155), (118, 158), (18, 144), (30, 54), (2, 120), (38, 116), (70, 157), (8, 29), (25, 152), (83, 114), (7, 112), (21, 111), (99, 131), (6, 58), (50, 92), (93, 163), (36, 56), (68, 88), (71, 87), (82, 96), (24, 48), (26, 45), (41, 64), (127, 140), (0, 11), (42, 154), (19, 97), (62, 132), (108, 172), (28, 63), (65, 69), (110, 119), (46, 156), (32, 102), (146, 167), (3, 139), (67, 160), (130, 143), (148, 151), (134, 168), (20, 66), (74, 165), (23, 153), (44, 121), (169, 173), (9, 75), (12, 55), (14, 171), (77, 138), (98, 115), (72, 105), (57, 89), (35, 150), (10, 59), (47, 142), (31, 100), (4, 101)}
Згенероване вершинне покриття (C): [0, 1, 2, 3, 4, 5, 6, 7, 8, 9, 10, 11, 12, 13, 14, 16, 17, 18, 19, 20, 21, 22, 23, 24, 25, 26, 27, 28, 29, 30, 31, 32, 33, 35, 36, 37, 38, 39, 40, 41, 42, 43, 44, 45, 46, 47, 48, 50, 51, 52, 53, 54, 55, 56, 57, 58, 59, 60, 61, 62, 63, 64, 65, 66, 67, 68, 69, 70, 71, 72, 73, 74, 75, 76, 77, 78, 79, 80, 81, 82, 83, 84, 86, 87, 88, 89, 90, 91, 92, 93, 94, 95, 96, 97, 98, 99, 100, 101, 102, 103, 104, 105, 106, 107, 108, 109, 110, 111, 112, 113, 114, 115, 116, 117, 118, 119, 120, 121, 122, 124, 125, 126, 127, 128, 129, 130, 131, 132, 134, 135, 136, 138, 139, 140, 141, 142, 143, 144, 146, 147, 148, 149, 150, 151, 152, 153, 154, 155, 156, 157, 158, 159, 160, 161, 162, 163, 165, 166, 167, 168, 169, 170, 171, 172, 173, 174]

--- Генерація вершинного покриття (зі списку суміжності) ---
Знайдене максимальне парування (M): {(90, 170), (53, 160), (17, 94), (86, 111), (129, 146), (4, 39), (96, 97), (27, 52), (25, 153), (132, 169), (13, 172), (31, 122), (38, 137), (119, 128), (98, 105), (41, 110), (88, 106), (37, 131), (10, 58), (8, 125), (45, 89), (126, 144), (23, 104), (2, 148), (28, 121), (21, 82), (123, 166), (67, 143), (7, 46), (6, 56), (42, 159), (63, 81), (32, 50), (83, 141), (66, 134), (154, 158), (54, 135), (30, 168), (11, 164), (24, 103), (100, 150), (55, 99), (35, 75), (79, 130), (12, 59), (85, 161), (5, 70), (16, 64), (76, 78), (57, 74), (51, 152), (47, 115), (3, 112), (0, 113), (117, 127), (71, 139), (95, 133), (114, 155), (18, 29), (44, 167), (73, 93), (14, 34), (40, 62), (102, 174), (92, 173), (15, 145), (49, 165), (91, 140), (101, 120), (107, 136), (19, 142), (65, 84), (108, 162), (87, 124), (80, 118), (26, 156), (69, 72), (61, 68), (33, 171), (20, 36), (109, 157), (48, 116), (43, 147), (60, 163), (1, 22)}
Згенероване вершинне покриття (C): [0, 1, 2, 3, 4, 5, 6, 7, 8, 10, 11, 12, 13, 14, 15, 16, 17, 18, 19, 20, 21, 22, 23, 24, 25, 26, 27, 28, 29, 30, 31, 32, 33, 34, 35, 36, 37, 38, 39, 40, 41, 42, 43, 44, 45, 46, 47, 48, 49, 50, 51, 52, 53, 54, 55, 56, 57, 58, 59, 60, 61, 62, 63, 64, 65, 66, 67, 68, 69, 70, 71, 72, 73, 74, 75, 76, 78, 79, 80, 81, 82, 83, 84, 85, 86, 87, 88, 89, 90, 91, 92, 93, 94, 95, 96, 97, 98, 99, 100, 101, 102, 103, 104, 105, 106, 107, 108, 109, 110, 111, 112, 113, 114, 115, 116, 117, 118, 119, 120, 121, 122, 123, 124, 125, 126, 127, 128, 129, 130, 131, 132, 133, 134, 135, 136, 137, 139, 140, 141, 142, 143, 144, 145, 146, 147, 148, 150, 152, 153, 154, 155, 156, 157, 158, 159, 160, 161, 162, 163, 164, 165, 166, 167, 168, 169, 170, 171, 172, 173, 174]

--- Генерація вершинного покриття (зі списку суміжності) ---
Знайдене максимальне парування (M): {(72, 73), (14, 120), (33, 36), (27, 50), (80, 129), (142, 144), (51, 62), (139, 163), (97, 102), (11, 133), (29, 132), (112, 148), (41, 106), (43, 103), (17, 151), (119, 171), (4, 169), (2, 162), (20, 24), (5, 69), (100, 105), (23, 47), (83, 128), (57, 136), (59, 155), (76, 152), (121, 123), (6, 166), (116, 145), (75, 89), (13, 16), (79, 135), (19, 93), (34, 66), (81, 150), (54, 87), (21, 84), (82, 167), (141, 149), (55, 88), (12, 99), (8, 86), (127, 156), (118, 153), (28, 98), (25, 154), (0, 45), (30, 58), (39, 91), (10, 174), (7, 96), (35, 130), (26, 67), (111, 134), (22, 77), (38, 40), (95, 101), (18, 107), (70, 90), (56, 63), (65, 160), (108, 110), (37, 68), (146, 158), (52, 114), (15, 104), (48, 64), (85, 92), (94, 168), (115, 172), (131, 164), (53, 147), (124, 143), (42, 71), (126, 140), (74, 78), (3, 109), (31, 125), (9, 159), (60, 170), (32, 44), (1, 157), (113, 161), (137, 173), (122, 138)}
Згенероване вершинне покриття (C): [0, 1, 2, 3, 4, 5, 6, 7, 8, 9, 10, 11, 12, 13, 14, 15, 16, 17, 18, 19, 20, 21, 22, 23, 24, 25, 26, 27, 28, 29, 30, 31, 32, 33, 34, 35, 36, 37, 38, 39, 40, 41, 42, 43, 44, 45, 47, 48, 50, 51, 52, 53, 54, 55, 56, 57, 58, 59, 60, 62, 63, 64, 65, 66, 67, 68, 69, 70, 71, 72, 73, 74, 75, 76, 77, 78, 79, 80, 81, 82, 83, 84, 85, 86, 87, 88, 89, 90, 91, 92, 93, 94, 95, 96, 97, 98, 99, 100, 101, 102, 103, 104, 105, 106, 107, 108, 109, 110, 111, 112, 113, 114, 115, 116, 118, 119, 120, 121, 122, 123, 124, 125, 126, 127, 128, 129, 130, 131, 132, 133, 134, 135, 136, 137, 138, 139, 140, 141, 142, 143, 144, 145, 146, 147, 148, 149, 150, 151, 152, 153, 154, 155, 156, 157, 158, 159, 160, 161, 162, 163, 164, 166, 167, 168, 169, 170, 171, 172, 173, 174]

--- Генерація вершинного покриття (зі списку суміжності) ---
Знайдене максимальне парування (M): {(24, 152), (7, 81), (107, 113), (64, 142), (47, 135), (77, 90), (11, 69), (115, 126), (100, 174), (97, 120), (37, 170), (40, 132), (94, 167), (79, 99), (18, 92), (56, 140), (2, 50), (110, 141), (31, 150), (3, 88), (5, 158), (13, 74), (80, 145), (19, 34), (1, 165), (65, 168), (62, 160), (60, 71), (22, 151), (38, 169), (43, 128), (123, 127), (93, 95), (45, 55), (39, 78), (44, 172), (98, 121), (143, 162), (101, 153), (25, 42), (14, 23), (49, 54), (86, 103), (84, 124), (125, 159), (27, 163), (117, 139), (57, 161), (12, 138), (61, 131), (144, 147), (105, 149), (17, 91), (30, 33), (51, 104), (70, 136), (4, 26), (96, 130), (20, 119), (111, 118), (63, 133), (32, 102), (137, 155), (75, 116), (59, 129), (41, 68), (106, 112), (36, 154), (16, 66), (9, 109), (6, 85), (35, 164), (8, 58), (73, 166), (76, 82), (122, 134), (148, 171), (52, 173), (114, 157), (10, 48), (28, 72), (29, 46), (53, 67), (108, 146), (0, 21), (83, 156)}
Згенероване вершинне покриття (C): [0, 1, 2, 3, 4, 5, 6, 7, 8, 9, 10, 11, 12, 13, 14, 16, 17, 18, 19, 20, 21, 22, 23, 24, 25, 26, 27, 28, 29, 30, 31, 32, 33, 34, 35, 36, 37, 38, 39, 40, 41, 42, 43, 44, 45, 46, 47, 48, 49, 50, 51, 52, 53, 54, 55, 56, 57, 58, 59, 60, 61, 62, 63, 64, 65, 66, 67, 68, 69, 70, 71, 72, 73, 74, 75, 76, 77, 78, 79, 80, 81, 82, 83, 84, 85, 86, 88, 90, 91, 92, 93, 94, 95, 96, 97, 98, 99, 100, 101, 102, 103, 104, 105, 106, 107, 108, 109, 110, 111, 112, 113, 114, 115, 116, 117, 118, 119, 120, 121, 122, 123, 124, 125, 126, 127, 128, 129, 130, 131, 132, 133, 134, 135, 136, 137, 138, 139, 140, 141, 142, 143, 144, 145, 146, 147, 148, 149, 150, 151, 152, 153, 154, 155, 156, 157, 158, 159, 160, 161, 162, 163, 164, 165, 166, 167, 168, 169, 170, 171, 172, 173, 174]

--- Генерація вершинного покриття (зі списку суміжності) ---
Знайдене максимальне парування (M): {(15, 21), (45, 138), (5, 163), (9, 90), (66, 87), (49, 153), (48, 157), (114, 166), (77, 92), (26, 135), (60, 112), (64, 73), (106, 143), (20, 88), (2, 116), (130, 140), (10, 22), (70, 107), (32, 162), (79, 158), (38, 105), (43, 119), (3, 147), (44, 145), (62, 126), (4, 173), (16, 28), (118, 167), (96, 133), (31, 174), (89, 161), (27, 115), (30, 120), (0, 52), (117, 155), (6, 95), (123, 168), (74, 129), (104, 164), (29, 51), (97, 103), (35, 82), (8, 150), (53, 127), (69, 71), (12, 83), (75, 121), (18, 59), (76, 85), (23, 122), (128, 141), (46, 172), (80, 137), (13, 68), (65, 78), (33, 55), (7, 54), (14, 41), (91, 108), (40, 142), (24, 100), (132, 170), (86, 148), (19, 67), (111, 159), (101, 136), (42, 151), (94, 152), (131, 146), (57, 160), (84, 144), (81, 154), (25, 110), (11, 56), (1, 63), (37, 93), (36, 39), (61, 169), (47, 124), (72, 171), (34, 99), (58, 102), (149, 156), (17, 165), (50, 98)}
Згенероване вершинне покриття (C): [0, 1, 2, 3, 4, 5, 6, 7, 8, 9, 10, 11, 12, 13, 14, 15, 16, 17, 18, 19, 20, 21, 22, 23, 24, 25, 26, 27, 28, 29, 30, 31, 32, 33, 34, 35, 36, 37, 38, 39, 40, 41, 42, 43, 44, 45, 46, 47, 48, 49, 50, 51, 52, 53, 54, 55, 56, 57, 58, 59, 60, 61, 62, 63, 64, 65, 66, 67, 68, 69, 70, 71, 72, 73, 74, 75, 76, 77, 78, 79, 80, 81, 82, 83, 84, 85, 86, 87, 88, 89, 90, 91, 92, 93, 94, 95, 96, 97, 98, 99, 100, 101, 102, 103, 104, 105, 106, 107, 108, 110, 111, 112, 114, 115, 116, 117, 118, 119, 120, 121, 122, 123, 124, 126, 127, 128, 129, 130, 131, 132, 133, 135, 136, 137, 138, 140, 141, 142, 143, 144, 145, 146, 147, 148, 149, 150, 151, 152, 153, 154, 155, 156, 157, 158, 159, 160, 161, 162, 163, 164, 165, 166, 167, 168, 169, 170, 171, 172, 173, 174]

--- Генерація вершинного покриття (зі списку суміжності) ---
Знайдене максимальне парування (M): {(130, 161), (50, 125), (2, 103), (154, 173), (73, 163), (7, 172), (99, 136), (41, 143), (80, 168), (151, 164), (132, 160), (72, 84), (3, 6), (20, 86), (53, 162), (1, 81), (89, 118), (47, 112), (34, 133), (62, 149), (16, 97), (101, 110), (29, 155), (38, 121), (15, 64), (40, 63), (43, 153), (134, 137), (74, 116), (54, 92), (82, 108), (135, 156), (27, 150), (12, 113), (36, 98), (24, 142), (45, 119), (56, 128), (68, 102), (14, 76), (21, 146), (109, 167), (13, 126), (78, 170), (28, 96), (44, 147), (79, 144), (59, 120), (35, 46), (67, 145), (5, 148), (105, 138), (70, 159), (55, 60), (42, 106), (8, 49), (94, 171), (65, 174), (61, 140), (95, 117), (25, 129), (30, 33), (19, 152), (9, 169), (23, 131), (66, 111), (4, 26), (58, 91), (0, 77), (75, 107), (10, 71), (39, 52), (18, 157), (48, 57), (90, 127), (11, 17), (114, 139), (22, 115), (104, 165), (88, 141), (51, 85), (69, 100), (32, 83), (124, 166)}
Згенероване вершинне покриття (C): [0, 1, 2, 3, 4, 5, 6, 7, 8, 9, 10, 11, 12, 13, 14, 15, 16, 17, 18, 19, 20, 21, 22, 23, 24, 25, 26, 27, 28, 29, 30, 32, 33, 34, 35, 36, 38, 39, 40, 41, 42, 43, 44, 45, 46, 47, 48, 49, 50, 51, 52, 53, 54, 55, 56, 57, 58, 59, 60, 61, 62, 63, 64, 65, 66, 67, 68, 69, 70, 71, 72, 73, 74, 75, 76, 77, 78, 79, 80, 81, 82, 83, 84, 85, 86, 88, 89, 90, 91, 92, 94, 95, 96, 97, 98, 99, 100, 101, 102, 103, 104, 105, 106, 107, 108, 109, 110, 111, 112, 113, 114, 115, 116, 117, 118, 119, 120, 121, 124, 125, 126, 127, 128, 129, 130, 131, 132, 133, 134, 135, 136, 137, 138, 139, 140, 141, 142, 143, 144, 145, 146, 147, 148, 149, 150, 151, 152, 153, 154, 155, 156, 157, 159, 160, 161, 162, 163, 164, 165, 166, 167, 168, 169, 170, 171, 172, 173, 174]

--- Генерація вершинного покриття (зі списку суміжності) ---
Знайдене максимальне парування (M): {(24, 143), (6, 146), (110, 130), (72, 91), (26, 103), (70, 82), (65, 116), (12, 34), (43, 67), (92, 161), (14, 104), (135, 168), (123, 148), (61, 164), (36, 128), (127, 136), (38, 174), (58, 170), (1, 35), (40, 100), (62, 167), (11, 137), (86, 115), (27, 120), (142, 150), (31, 90), (139, 160), (97, 172), (18, 126), (8, 155), (10, 152), (88, 99), (47, 125), (37, 124), (20, 83), (66, 169), (108, 129), (39, 105), (75, 80), (15, 68), (33, 165), (87, 93), (5, 50), (78, 147), (41, 73), (55, 154), (0, 84), (9, 32), (17, 173), (118, 121), (81, 102), (7, 162), (132, 138), (28, 29), (149, 166), (46, 101), (52, 114), (25, 51), (144, 151), (3, 96), (95, 133), (2, 158), (21, 156), (141, 157), (74, 131), (48, 112), (56, 159), (19, 140), (109, 171), (23, 64), (54, 134), (89, 119), (59, 60), (69, 79), (57, 71), (77, 113), (122, 145), (44, 98), (4, 16), (53, 94), (22, 106), (85, 153), (111, 117)}
Згенероване вершинне покриття (C): [0, 1, 2, 3, 4, 5, 6, 7, 8, 9, 10, 11, 12, 14, 15, 16, 17, 18, 19, 20, 21, 22, 23, 24, 25, 26, 27, 28, 29, 31, 32, 33, 34, 35, 36, 37, 38, 39, 40, 41, 43, 44, 46, 47, 48, 50, 51, 52, 53, 54, 55, 56, 57, 58, 59, 60, 61, 62, 64, 65, 66, 67, 68, 69, 70, 71, 72, 73, 74, 75, 77, 78, 79, 80, 81, 82, 83, 84, 85, 86, 87, 88, 89, 90, 91, 92, 93, 94, 95, 96, 97, 98, 99, 100, 101, 102, 103, 104, 105, 106, 108, 109, 110, 111, 112, 113, 114, 115, 116, 117, 118, 119, 120, 121, 122, 123, 124, 125, 126, 127, 128, 129, 130, 131, 132, 133, 134, 135, 136, 137, 138, 139, 140, 141, 142, 143, 144, 145, 146, 147, 148, 149, 150, 151, 152, 153, 154, 155, 156, 157, 158, 159, 160, 161, 162, 164, 165, 166, 167, 168, 169, 170, 171, 172, 173, 174]

--- Генерація вершинного покриття (зі списку суміжності) ---
Знайдене максимальне парування (M): {(94, 110), (41, 113), (64, 142), (134, 149), (88, 127), (115, 126), (46, 84), (9, 120), (87, 155), (109, 152), (25, 27), (79, 156), (2, 43), (0, 55), (62, 103), (58, 145), (66, 82), (6, 70), (80, 108), (71, 172), (26, 48), (7, 44), (3, 92), (23, 40), (52, 85), (114, 133), (36, 162), (37, 51), (28, 57), (8, 54), (97, 101), (32, 130), (53, 107), (77, 171), (166, 173), (73, 128), (65, 90), (45, 148), (13, 174), (4, 86), (112, 122), (35, 119), (72, 131), (61, 165), (56, 68), (117, 139), (20, 78), (12, 74), (38, 93), (14, 135), (5, 132), (98, 143), (102, 159), (39, 121), (47, 104), (30, 170), (99, 105), (10, 124), (11, 49), (15, 150), (29, 158), (89, 96), (125, 147), (17, 141), (63, 153), (95, 151), (81, 161), (59, 76), (42, 69), (18, 111), (60, 168), (21, 140), (33, 50), (123, 169), (67, 146), (31, 34), (118, 136), (16, 116), (144, 164), (91, 167), (138, 163), (106, 137), (22, 24), (100, 154), (1, 129), (157, 160)}
Згенероване вершинне покриття (C): [0, 1, 2, 3, 4, 5, 6, 7, 8, 9, 10, 11, 12, 13, 14, 15, 16, 17, 18, 20, 21, 22, 23, 24, 25, 26, 27, 28, 29, 30, 31, 32, 33, 34, 35, 36, 37, 38, 39, 40, 41, 42, 43, 44, 45, 46, 47, 48, 49, 50, 51, 52, 53, 54, 55, 56, 57, 58, 59, 60, 61, 62, 63, 64, 65, 66, 67, 68, 69, 70, 71, 72, 73, 74, 76, 77, 78, 79, 80, 81, 82, 84, 85, 86, 87, 88, 89, 90, 91, 92, 93, 94, 95, 96, 97, 98, 99, 100, 101, 102, 103, 104, 105, 106, 107, 108, 109, 110, 111, 112, 113, 114, 115, 116, 117, 118, 119, 120, 121, 122, 123, 124, 125, 126, 127, 128, 129, 130, 131, 132, 133, 134, 135, 136, 137, 138, 139, 140, 141, 142, 143, 144, 145, 146, 147, 148, 149, 150, 151, 152, 153, 154, 155, 156, 157, 158, 159, 160, 161, 162, 163, 164, 165, 166, 167, 168, 169, 170, 171, 172, 173, 174]

--- Генерація вершинного покриття (зі списку суміжності) ---
Знайдене максимальне парування (M): {(38, 142), (98, 110), (5, 65), (105, 143), (20, 166), (121, 133), (77, 172), (120, 131), (16, 141), (10, 155), (25, 34), (96, 115), (134, 151), (9, 138), (3, 97), (48, 95), (147, 162), (137, 161), (129, 132), (58, 154), (13, 30), (19, 43), (53, 75), (99, 106), (1, 46), (107, 119), (39, 149), (73, 87), (26, 66), (8, 164), (36, 61), (102, 125), (63, 152), (76, 124), (83, 139), (33, 92), (31, 67), (2, 40), (54, 78), (112, 159), (84, 88), (42, 70), (12, 163), (52, 89), (118, 153), (11, 82), (64, 136), (22, 130), (6, 51), (18, 123), (127, 158), (116, 167), (148, 174), (104, 150), (32, 109), (35, 50), (90, 114), (17, 93), (37, 160), (23, 60), (0, 113), (59, 74), (41, 68), (15, 49), (55, 85), (72, 165), (28, 86), (144, 169), (47, 117), (44, 103), (7, 157), (91, 101), (56, 122), (69, 171), (21, 140), (81, 108), (27, 146), (57, 62), (14, 45), (111, 170), (80, 100), (29, 128), (4, 135), (145, 168), (71, 173), (94, 156), (24, 79)}
Згенероване вершинне покриття (C): [0, 1, 2, 3, 4, 5, 6, 7, 8, 9, 10, 11, 12, 13, 14, 15, 16, 17, 18, 19, 20, 21, 22, 23, 24, 25, 26, 27, 28, 29, 30, 31, 32, 33, 34, 35, 36, 37, 38, 39, 40, 41, 42, 43, 44, 45, 46, 47, 48, 49, 50, 51, 52, 53, 54, 55, 56, 57, 58, 59, 60, 61, 62, 63, 64, 65, 66, 67, 68, 69, 70, 71, 72, 73, 74, 75, 76, 77, 78, 79, 80, 81, 82, 83, 84, 85, 86, 87, 88, 89, 90, 91, 92, 93, 94, 95, 96, 97, 98, 99, 100, 101, 102, 103, 104, 105, 106, 107, 108, 109, 110, 111, 112, 113, 114, 115, 116, 117, 118, 119, 120, 121, 122, 123, 124, 125, 127, 128, 129, 130, 131, 132, 133, 134, 135, 136, 137, 138, 139, 140, 141, 142, 143, 144, 145, 146, 147, 148, 149, 150, 151, 152, 153, 154, 155, 156, 157, 158, 159, 160, 161, 162, 163, 164, 165, 166, 167, 168, 169, 170, 171, 172, 173, 174]

--- Генерація вершинного покриття (зі списку суміжності) ---
Знайдене максимальне парування (M): {(112, 164), (110, 139), (37, 134), (138, 140), (92, 161), (72, 130), (84, 150), (10, 109), (2, 160), (141, 147), (7, 165), (34, 94), (66, 126), (32, 133), (26, 62), (148, 152), (88, 104), (28, 117), (45, 78), (3, 8), (46, 162), (70, 77), (80, 81), (128, 151), (35, 124), (98, 146), (113, 153), (99, 163), (90, 105), (93, 131), (5, 73), (74, 127), (9, 71), (115, 171), (6, 120), (69, 158), (33, 83), (64, 125), (18, 137), (91, 173), (85, 102), (118, 169), (14, 60), (50, 129), (61, 101), (11, 27), (30, 159), (68, 106), (38, 56), (95, 108), (29, 172), (36, 86), (44, 142), (145, 166), (21, 170), (48, 89), (31, 82), (52, 114), (41, 123), (40, 103), (1, 59), (65, 144), (19, 156), (17, 168), (4, 49), (51, 53), (13, 100), (67, 135), (96, 116), (39, 63), (57, 87), (111, 122), (15, 136), (121, 154), (16, 43), (47, 76), (25, 174), (97, 107), (12, 167), (23, 75), (42, 55), (119, 149), (22, 24), (0, 58), (20, 54)}
Згенероване вершинне покриття (C): [0, 1, 2, 3, 4, 5, 6, 7, 8, 9, 10, 11, 12, 13, 14, 15, 16, 17, 18, 19, 20, 21, 22, 23, 24, 25, 26, 27, 28, 29, 30, 31, 32, 33, 34, 35, 36, 37, 38, 39, 40, 41, 42, 43, 44, 45, 46, 47, 48, 49, 50, 51, 52, 53, 54, 55, 56, 57, 58, 59, 60, 61, 62, 63, 64, 65, 66, 67, 68, 69, 70, 71, 72, 73, 74, 75, 76, 77, 78, 80, 81, 82, 83, 84, 85, 86, 87, 88, 89, 90, 91, 92, 93, 94, 95, 96, 97, 98, 99, 100, 101, 102, 103, 104, 105, 106, 107, 108, 109, 110, 111, 112, 113, 114, 115, 116, 117, 118, 119, 120, 121, 122, 123, 124, 125, 126, 127, 128, 129, 130, 131, 133, 134, 135, 136, 137, 138, 139, 140, 141, 142, 144, 145, 146, 147, 148, 149, 150, 151, 152, 153, 154, 156, 158, 159, 160, 161, 162, 163, 164, 165, 166, 167, 168, 169, 170, 171, 172, 173, 174]

--- Генерація вершинного покриття (зі списку суміжності) ---
Знайдене максимальне парування (M): {(49, 142), (76, 171), (64, 151), (120, 159), (69, 95), (140, 146), (85, 91), (94, 158), (60, 174), (12, 155), (100, 103), (83, 160), (98, 105), (28, 117), (90, 101), (56, 78), (22, 30), (57, 70), (42, 164), (87, 141), (58, 74), (108, 127), (86, 99), (132, 148), (50, 51), (110, 147), (41, 133), (161, 168), (21, 118), (53, 116), (81, 150), (48, 92), (34, 139), (66, 107), (67, 72), (52, 62), (84, 97), (104, 109), (144, 154), (112, 131), (152, 167), (24, 73), (126, 157), (55, 170), (102, 166), (111, 123), (93, 172), (20, 23), (6, 88), (106, 145), (29, 35), (11, 54), (38, 47), (80, 89), (25, 65), (17, 36), (71, 135), (77, 114), (10, 32), (82, 137), (163, 165), (5, 63), (19, 138), (8, 156), (33, 39), (43, 122), (130, 136), (2, 124), (96, 143), (31, 59), (14, 125), (16, 153), (1, 45), (26, 44), (68, 169), (61, 75), (18, 113), (40, 128), (3, 173), (7, 134), (15, 37), (27, 121), (9, 79), (0, 149), (4, 46)}
Згенероване вершинне покриття (C): [0, 1, 2, 3, 4, 5, 6, 7, 8, 9, 10, 11, 12, 14, 15, 16, 17, 18, 19, 20, 21, 22, 23, 24, 25, 26, 27, 28, 29, 30, 31, 32, 33, 34, 35, 36, 37, 38, 39, 40, 41, 42, 43, 44, 45, 46, 47, 48, 49, 50, 51, 52, 53, 54, 55, 56, 57, 58, 59, 60, 61, 62, 63, 64, 65, 66, 67, 68, 69, 70, 71, 72, 73, 74, 75, 76, 77, 78, 79, 80, 81, 82, 83, 84, 85, 86, 87, 88, 89, 90, 91, 92, 93, 94, 95, 96, 97, 98, 99, 100, 101, 102, 103, 104, 105, 106, 107, 108, 109, 110, 111, 112, 113, 114, 116, 117, 118, 120, 121, 122, 123, 124, 125, 126, 127, 128, 130, 131, 132, 133, 134, 135, 136, 137, 138, 139, 140, 141, 142, 143, 144, 145, 146, 147, 148, 149, 150, 151, 152, 153, 154, 155, 156, 157, 158, 159, 160, 161, 163, 164, 165, 166, 167, 168, 169, 170, 171, 172, 173, 174]

--- Генерація вершинного покриття (зі списку суміжності) ---
Знайдене максимальне парування (M): {(16, 38), (3, 141), (25, 132), (111, 174), (58, 113), (24, 145), (30, 48), (164, 167), (28, 60), (53, 89), (70, 139), (20, 31), (9, 138), (152, 168), (42, 98), (136, 153), (37, 74), (40, 91), (57, 134), (59, 107), (79, 149), (119, 130), (39, 140), (63, 86), (108, 173), (12, 77), (17, 73), (43, 82), (76, 88), (47, 61), (11, 68), (18, 46), (115, 116), (67, 97), (44, 147), (83, 169), (5, 112), (114, 156), (54, 160), (41, 71), (87, 129), (96, 162), (55, 124), (26, 27), (150, 154), (2, 72), (126, 159), (22, 123), (163, 172), (10, 69), (8, 90), (64, 122), (7, 36), (6, 165), (104, 170), (133, 151), (62, 118), (34, 166), (45, 120), (50, 110), (29, 142), (121, 161), (137, 157), (15, 51), (93, 135), (35, 127), (144, 171), (85, 103), (21, 131), (13, 148), (14, 125), (52, 109), (33, 105), (81, 99), (4, 78), (102, 158), (80, 100), (66, 92), (84, 128), (94, 117), (95, 155), (0, 49), (1, 56), (23, 32), (75, 143)}
Згенероване вершинне покриття (C): [0, 1, 2, 3, 4, 5, 6, 7, 8, 9, 10, 11, 12, 13, 14, 15, 16, 17, 18, 20, 21, 22, 23, 24, 25, 26, 27, 28, 29, 30, 31, 32, 33, 34, 35, 36, 37, 38, 39, 40, 41, 42, 43, 44, 45, 46, 47, 48, 49, 50, 51, 52, 53, 54, 55, 56, 57, 58, 59, 60, 61, 62, 63, 64, 66, 67, 68, 69, 70, 71, 72, 73, 74, 75, 76, 77, 78, 79, 80, 81, 82, 83, 84, 85, 86, 87, 88, 89, 90, 91, 92, 93, 94, 95, 96, 97, 98, 99, 100, 102, 103, 104, 105, 107, 108, 109, 110, 111, 112, 113, 114, 115, 116, 117, 118, 119, 120, 121, 122, 123, 124, 125, 126, 127, 128, 129, 130, 131, 132, 133, 134, 135, 136, 137, 138, 139, 140, 141, 142, 143, 144, 145, 147, 148, 149, 150, 151, 152, 153, 154, 155, 156, 157, 158, 159, 160, 161, 162, 163, 164, 165, 166, 167, 168, 169, 170, 171, 172, 173, 174]

--- Генерація вершинного покриття (зі списку суміжності) ---
Знайдене максимальне парування (M): {(81, 140), (33, 100), (35, 42), (7, 154), (107, 122), (73, 99), (91, 135), (11, 60), (76, 116), (144, 159), (3, 40), (92, 161), (69, 168), (55, 114), (9, 163), (6, 139), (121, 160), (62, 156), (25, 171), (49, 64), (72, 123), (112, 150), (28, 53), (47, 75), (30, 68), (74, 132), (58, 145), (84, 127), (44, 115), (39, 149), (57, 164), (8, 27), (65, 97), (19, 54), (0, 105), (63, 88), (102, 134), (17, 130), (16, 165), (2, 56), (21, 45), (24, 126), (113, 128), (59, 111), (101, 153), (29, 79), (20, 158), (104, 109), (50, 138), (41, 80), (136, 143), (5, 169), (22, 148), (13, 48), (77, 157), (4, 170), (1, 146), (85, 152), (66, 93), (67, 131), (18, 34), (32, 118), (124, 137), (95, 174), (10, 133), (110, 119), (46, 83), (12, 14), (94, 120), (31, 155), (36, 90), (52, 141), (61, 89), (117, 173), (37, 43), (23, 71), (87, 147), (15, 106), (78, 162), (70, 167), (108, 151), (38, 129), (82, 98), (26, 172), (86, 125), (96, 166), (51, 142)}
Згенероване вершинне покриття (C): [0, 1, 2, 3, 4, 5, 6, 7, 8, 9, 10, 11, 12, 13, 14, 15, 16, 17, 18, 19, 20, 21, 22, 23, 24, 25, 26, 27, 28, 29, 30, 31, 32, 33, 34, 35, 36, 37, 38, 39, 40, 41, 42, 43, 44, 45, 46, 47, 48, 49, 50, 51, 52, 53, 54, 55, 56, 57, 58, 59, 60, 61, 62, 63, 64, 65, 66, 67, 68, 69, 70, 71, 72, 73, 74, 75, 76, 77, 78, 79, 80, 81, 82, 83, 84, 85, 86, 87, 88, 89, 90, 91, 92, 93, 94, 95, 96, 97, 98, 99, 100, 101, 102, 104, 105, 106, 107, 108, 109, 110, 111, 112, 113, 114, 115, 116, 117, 118, 119, 120, 121, 122, 123, 124, 125, 126, 127, 128, 129, 130, 131, 132, 133, 134, 135, 136, 137, 138, 139, 140, 141, 142, 143, 144, 145, 146, 147, 148, 149, 150, 151, 152, 153, 154, 155, 156, 157, 158, 159, 160, 161, 162, 163, 164, 165, 166, 167, 168, 169, 170, 171, 172, 173, 174]

--- Генерація вершинного покриття (зі списку суміжності) ---
Знайдене максимальне парування (M): {(125, 128), (107, 122), (9, 26), (14, 49), (166, 174), (18, 147), (136, 151), (108, 114), (65, 72), (97, 159), (38, 119), (6, 59), (126, 149), (52, 154), (73, 131), (7, 85), (113, 158), (68, 134), (141, 170), (129, 150), (47, 105), (25, 29), (22, 142), (15, 112), (3, 165), (36, 70), (103, 172), (32, 84), (21, 118), (79, 135), (89, 115), (16, 76), (11, 171), (60, 157), (0, 155), (5, 169), (28, 61), (40, 145), (54, 144), (75, 130), (4, 143), (12, 37), (80, 98), (53, 56), (27, 110), (146, 156), (57, 163), (10, 133), (91, 152), (42, 101), (23, 69), (13, 34), (44, 46), (1, 41), (121, 168), (96, 123), (124, 139), (35, 116), (30, 74), (78, 160), (50, 153), (77, 173), (102, 117), (33, 39), (87, 138), (45, 95), (8, 140), (62, 120), (66, 81), (88, 148), (19, 94), (63, 137), (92, 127), (90, 111), (2, 71), (48, 132), (24, 86), (43, 99), (51, 167), (55, 82), (161, 164), (20, 100), (17, 83), (31, 109), (58, 93)}
Згенероване вершинне покриття (C): [0, 1, 2, 3, 4, 5, 6, 7, 8, 9, 10, 11, 12, 13, 14, 15, 16, 17, 18, 19, 20, 21, 22, 23, 24, 25, 26, 27, 28, 29, 30, 31, 32, 33, 34, 35, 36, 37, 38, 39, 40, 41, 42, 43, 44, 45, 46, 47, 48, 49, 50, 51, 52, 53, 54, 55, 56, 57, 58, 59, 60, 61, 62, 63, 65, 66, 68, 69, 70, 71, 72, 73, 74, 75, 76, 77, 78, 79, 80, 81, 82, 83, 84, 85, 86, 87, 88, 89, 90, 91, 92, 93, 94, 95, 96, 97, 98, 99, 100, 101, 102, 103, 105, 107, 108, 109, 110, 111, 112, 113, 114, 115, 116, 117, 118, 119, 120, 121, 122, 123, 124, 125, 126, 127, 128, 129, 130, 131, 132, 133, 134, 135, 136, 137, 138, 139, 140, 141, 142, 143, 144, 145, 146, 147, 148, 149, 150, 151, 152, 153, 154, 155, 156, 157, 158, 159, 160, 161, 163, 164, 165, 166, 167, 168, 169, 170, 171, 172, 173, 174]

--- Генерація вершинного покриття (зі списку суміжності) ---
Знайдене максимальне парування (M): {(24, 33), (84, 148), (119, 160), (83, 149), (121, 133), (71, 129), (4, 39), (58, 159), (157, 171), (41, 115), (67, 134), (80, 131), (62, 147), (87, 91), (37, 72), (65, 127), (5, 21), (66, 126), (54, 170), (11, 101), (99, 168), (46, 70), (55, 173), (114, 140), (136, 137), (0, 167), (27, 31), (93, 104), (73, 144), (163, 166), (29, 150), (60, 128), (9, 16), (152, 156), (8, 102), (18, 82), (10, 44), (17, 68), (165, 174), (69, 96), (53, 164), (76, 110), (32, 107), (15, 36), (123, 161), (35, 48), (51, 74), (26, 118), (22, 105), (90, 139), (1, 146), (19, 97), (28, 63), (7, 25), (38, 40), (111, 143), (59, 145), (42, 138), (56, 109), (103, 135), (14, 112), (154, 162), (49, 88), (12, 142), (79, 125), (47, 108), (23, 117), (86, 130), (2, 158), (57, 94), (120, 132), (20, 75), (43, 113), (52, 61), (6, 124), (45, 122), (3, 116), (64, 92), (81, 172), (34, 106), (13, 77), (95, 155), (50, 141), (85, 89), (78, 169)}
Згенероване вершинне покриття (C): [0, 1, 2, 3, 4, 5, 6, 7, 8, 9, 10, 11, 12, 13, 14, 15, 16, 17, 18, 19, 20, 21, 22, 23, 24, 25, 26, 27, 28, 29, 31, 32, 33, 34, 35, 36, 37, 38, 39, 40, 41, 42, 43, 44, 45, 46, 47, 48, 49, 50, 51, 52, 53, 54, 55, 56, 57, 58, 59, 60, 61, 62, 63, 64, 65, 66, 67, 68, 69, 70, 71, 72, 73, 74, 75, 76, 77, 78, 79, 80, 81, 82, 83, 84, 85, 86, 87, 88, 89, 90, 91, 92, 93, 94, 95, 96, 97, 99, 101, 102, 103, 104, 105, 106, 107, 108, 109, 110, 111, 112, 113, 114, 115, 116, 117, 118, 119, 120, 121, 122, 123, 124, 125, 126, 127, 128, 129, 130, 131, 132, 133, 134, 135, 136, 137, 138, 139, 140, 141, 142, 143, 144, 145, 146, 147, 148, 149, 150, 152, 154, 155, 156, 157, 158, 159, 160, 161, 162, 163, 164, 165, 166, 167, 168, 169, 170, 171, 172, 173, 174]

--- Генерація вершинного покриття (зі списку суміжності) ---
Знайдене максимальне парування (M): {(47, 53), (88, 100), (18, 154), (136, 158), (65, 116), (25, 123), (131, 152), (124, 168), (102, 128), (5, 67), (28, 78), (139, 174), (55, 134), (118, 172), (85, 141), (44, 161), (0, 48), (63, 104), (57, 127), (42, 157), (81, 84), (39, 41), (46, 111), (15, 50), (29, 49), (89, 97), (92, 96), (21, 109), (77, 162), (35, 144), (126, 173), (40, 106), (14, 87), (103, 119), (7, 167), (105, 138), (32, 132), (121, 143), (19, 95), (9, 112), (6, 24), (8, 70), (38, 120), (27, 83), (93, 147), (107, 146), (16, 80), (125, 170), (68, 90), (13, 160), (33, 135), (148, 149), (22, 52), (30, 99), (17, 166), (26, 150), (61, 117), (43, 56), (72, 110), (142, 163), (108, 140), (82, 130), (75, 91), (3, 114), (1, 171), (23, 153), (98, 122), (59, 94), (74, 76), (10, 73), (31, 169), (45, 113), (51, 101), (12, 137), (4, 133), (115, 165), (20, 34), (54, 155), (79, 129), (69, 164), (66, 156), (11, 58), (37, 86), (2, 64), (36, 151), (60, 145)}
Згенероване вершинне покриття (C): [0, 1, 2, 3, 4, 5, 6, 7, 8, 9, 10, 11, 12, 13, 14, 15, 16, 17, 18, 19, 20, 21, 22, 23, 24, 25, 26, 27, 28, 29, 30, 31, 32, 33, 34, 35, 36, 37, 38, 39, 40, 41, 42, 43, 44, 45, 46, 47, 48, 49, 50, 51, 52, 53, 54, 55, 56, 57, 58, 59, 60, 61, 63, 64, 65, 66, 67, 68, 69, 70, 72, 73, 74, 75, 76, 77, 78, 79, 80, 81, 82, 83, 84, 85, 86, 87, 88, 89, 90, 91, 92, 93, 94, 95, 96, 97, 98, 99, 100, 101, 102, 103, 104, 105, 106, 107, 108, 109, 110, 111, 112, 113, 114, 115, 116, 117, 118, 119, 120, 121, 122, 123, 124, 125, 126, 127, 128, 129, 130, 131, 132, 133, 134, 135, 136, 137, 138, 139, 140, 141, 142, 143, 144, 145, 146, 147, 148, 149, 150, 151, 152, 153, 154, 155, 156, 157, 158, 160, 161, 162, 163, 164, 165, 166, 167, 168, 169, 170, 171, 172, 173, 174]

--- Генерація вершинного покриття (зі списку суміжності) ---
Знайдене максимальне парування (M): {(137, 145), (13, 81), (93, 116), (2, 96), (1, 115), (14, 79), (22, 101), (39, 117), (94, 151), (135, 161), (113, 140), (89, 118), (25, 27), (30, 41), (65, 102), (59, 132), (61, 129), (136, 171), (32, 126), (55, 100), (35, 131), (83, 162), (42, 91), (37, 58), (12, 141), (46, 173), (17, 82), (80, 147), (104, 114), (133, 159), (87, 125), (139, 144), (47, 134), (54, 149), (143, 153), (150, 168), (15, 77), (0, 34), (71, 85), (16, 158), (38, 109), (57, 122), (24, 64), (45, 50), (19, 31), (62, 130), (146, 154), (29, 90), (63, 92), (21, 86), (52, 119), (49, 56), (72, 106), (112, 124), (10, 67), (11, 84), (166, 172), (75, 169), (70, 99), (76, 78), (107, 148), (110, 165), (51, 88), (20, 174), (9, 43), (69, 121), (7, 155), (40, 167), (152, 164), (8, 138), (66, 97), (26, 33), (18, 111), (108, 142), (6, 23), (4, 60), (73, 95), (53, 156), (44, 68), (3, 127), (105, 123), (28, 74), (120, 157), (128, 170), (36, 160), (5, 163)}
Згенероване вершинне покриття (C): [0, 1, 2, 3, 4, 5, 6, 7, 8, 9, 10, 11, 12, 13, 14, 15, 16, 17, 18, 19, 20, 21, 22, 23, 24, 25, 26, 27, 28, 29, 30, 31, 32, 33, 34, 35, 36, 37, 38, 39, 40, 41, 42, 43, 44, 45, 46, 47, 49, 50, 51, 52, 53, 54, 55, 56, 57, 58, 59, 60, 61, 62, 63, 64, 65, 66, 67, 68, 69, 70, 71, 72, 73, 74, 75, 76, 77, 78, 79, 80, 81, 82, 83, 84, 85, 86, 87, 88, 89, 90, 91, 92, 93, 94, 95, 96, 97, 99, 100, 101, 102, 104, 105, 106, 107, 108, 109, 110, 111, 112, 113, 114, 115, 116, 117, 118, 119, 120, 121, 122, 123, 124, 125, 126, 127, 128, 129, 130, 131, 132, 133, 134, 135, 136, 137, 138, 139, 140, 141, 142, 143, 144, 145, 146, 147, 148, 149, 150, 151, 152, 153, 154, 155, 156, 157, 158, 159, 160, 161, 162, 163, 164, 165, 166, 167, 168, 169, 170, 171, 172, 173, 174]

--- Генерація вершинного покриття (зі списку суміжності) ---
Знайдене максимальне парування (M): {(109, 129), (60, 117), (160, 174), (98, 165), (82, 93), (19, 64), (161, 166), (61, 91), (14, 49), (6, 75), (101, 145), (73, 92), (150, 159), (100, 140), (37, 136), (20, 95), (111, 149), (23, 164), (15, 89), (88, 104), (85, 86), (26, 119), (135, 154), (112, 143), (25, 139), (105, 113), (0, 39), (27, 120), (128, 151), (51, 59), (41, 67), (31, 108), (24, 133), (4, 173), (33, 99), (116, 170), (162, 167), (8, 63), (81, 114), (138, 148), (87, 118), (71, 76), (32, 169), (44, 122), (141, 158), (38, 84), (17, 125), (80, 126), (13, 121), (43, 134), (70, 152), (30, 42), (12, 21), (29, 156), (65, 69), (11, 22), (68, 147), (74, 163), (52, 123), (18, 36), (103, 171), (54, 96), (47, 90), (127, 144), (34, 157), (48, 55), (56, 102), (9, 146), (83, 168), (40, 78), (57, 124), (66, 172), (1, 45), (16, 107), (46, 153), (10, 50), (62, 97), (35, 58), (53, 94), (5, 72), (110, 155), (2, 137), (77, 115), (106, 130)}
Згенероване вершинне покриття (C): [0, 1, 2, 4, 5, 6, 8, 9, 10, 11, 12, 13, 14, 15, 16, 17, 18, 19, 20, 21, 22, 23, 24, 25, 26, 27, 29, 30, 31, 32, 33, 34, 35, 36, 37, 38, 39, 40, 41, 42, 43, 44, 45, 46, 47, 48, 49, 50, 51, 52, 53, 54, 55, 56, 57, 58, 59, 60, 61, 62, 63, 64, 65, 66, 67, 68, 69, 70, 71, 72, 73, 74, 75, 76, 77, 78, 80, 81, 82, 83, 84, 85, 86, 87, 88, 89, 90, 91, 92, 93, 94, 95, 96, 97, 98, 99, 100, 101, 102, 103, 104, 105, 106, 107, 108, 109, 110, 111, 112, 113, 114, 115, 116, 117, 118, 119, 120, 121, 122, 123, 124, 125, 126, 127, 128, 129, 130, 133, 134, 135, 136, 137, 138, 139, 140, 141, 143, 144, 145, 146, 147, 148, 149, 150, 151, 152, 153, 154, 155, 156, 157, 158, 159, 160, 161, 162, 163, 164, 165, 166, 167, 168, 169, 170, 171, 172, 173, 174]

--- Генерація вершинного покриття (зі списку суміжності) ---
Знайдене максимальне парування (M): {(26, 39), (47, 135), (127, 134), (23, 25), (51, 144), (3, 104), (5, 101), (7, 65), (59, 66), (150, 159), (62, 110), (9, 19), (30, 148), (84, 116), (87, 112), (72, 123), (98, 142), (79, 92), (55, 70), (2, 43), (145, 174), (73, 167), (77, 149), (14, 172), (32, 162), (147, 155), (38, 160), (52, 131), (48, 124), (50, 170), (1, 94), (57, 93), (122, 158), (6, 29), (21, 146), (106, 113), (24, 126), (121, 132), (37, 71), (49, 100), (17, 89), (4, 168), (36, 56), (63, 156), (69, 80), (0, 11), (111, 171), (154, 169), (46, 163), (83, 136), (97, 153), (41, 139), (81, 129), (53, 58), (28, 102), (10, 96), (85, 99), (54, 130), (86, 137), (67, 133), (27, 78), (88, 128), (117, 118), (90, 173), (33, 75), (34, 40), (76, 82), (60, 95), (115, 138), (12, 64), (165, 166), (109, 143), (42, 108), (35, 157), (91, 103), (74, 151), (20, 125), (16, 18), (105, 114), (44, 107), (141, 152), (68, 119), (31, 45), (22, 161), (13, 15)}
Згенероване вершинне покриття (C): [0, 1, 2, 3, 4, 5, 6, 7, 9, 10, 11, 12, 13, 14, 15, 16, 17, 18, 19, 20, 21, 22, 23, 24, 25, 26, 27, 28, 29, 30, 31, 32, 33, 34, 35, 36, 37, 38, 39, 40, 41, 42, 43, 44, 45, 46, 47, 48, 49, 50, 51, 52, 53, 54, 55, 56, 57, 58, 59, 60, 62, 63, 64, 65, 66, 67, 68, 69, 70, 71, 72, 73, 74, 75, 76, 77, 78, 79, 80, 81, 82, 83, 84, 85, 86, 87, 88, 89, 90, 91, 92, 93, 94, 95, 96, 97, 98, 99, 100, 101, 102, 103, 104, 105, 106, 107, 108, 109, 110, 111, 112, 113, 114, 115, 116, 117, 118, 119, 121, 122, 123, 124, 125, 126, 127, 128, 129, 130, 131, 132, 133, 134, 135, 136, 137, 138, 139, 141, 142, 143, 144, 145, 146, 147, 148, 149, 150, 151, 152, 153, 154, 155, 156, 157, 158, 159, 160, 161, 162, 163, 165, 166, 167, 168, 169, 170, 171, 172, 173, 174]

--- Генерація вершинного покриття (зі списку суміжності) ---
Знайдене максимальне парування (M): {(97, 145), (62, 90), (124, 138), (96, 131), (36, 89), (37, 152), (49, 126), (4, 39), (27, 116), (115, 153), (48, 93), (3, 24), (103, 166), (66, 135), (58, 106), (87, 121), (41, 99), (7, 21), (50, 56), (95, 127), (123, 143), (60, 169), (81, 100), (12, 13), (63, 150), (147, 164), (112, 118), (94, 146), (132, 139), (45, 46), (154, 163), (65, 170), (84, 122), (1, 32), (83, 105), (54, 142), (6, 86), (0, 171), (69, 78), (80, 151), (42, 134), (8, 22), (107, 144), (52, 162), (76, 92), (19, 159), (102, 111), (23, 74), (15, 173), (67, 101), (38, 77), (9, 160), (44, 53), (20, 137), (43, 47), (11, 113), (68, 165), (14, 75), (10, 16), (70, 156), (72, 119), (28, 40), (114, 128), (34, 120), (17, 168), (82, 148), (51, 108), (104, 172), (59, 85), (125, 149), (30, 140), (117, 129), (130, 157), (2, 71), (25, 73), (88, 141), (18, 161), (55, 91), (110, 155), (136, 174), (64, 167), (5, 26), (31, 109), (29, 57), (61, 98)}
Згенероване вершинне покриття (C): [0, 1, 2, 3, 4, 5, 6, 7, 8, 9, 10, 11, 12, 13, 14, 15, 16, 17, 18, 19, 20, 21, 22, 23, 24, 25, 26, 27, 28, 29, 30, 31, 32, 34, 36, 37, 38, 39, 40, 41, 42, 43, 44, 45, 46, 47, 48, 49, 50, 51, 52, 53, 54, 55, 56, 57, 58, 59, 60, 61, 62, 63, 64, 65, 66, 67, 68, 69, 70, 71, 72, 73, 74, 75, 76, 77, 78, 80, 81, 82, 83, 84, 85, 86, 87, 88, 89, 90, 91, 92, 93, 94, 95, 96, 97, 98, 99, 100, 101, 102, 103, 104, 105, 106, 107, 108, 109, 110, 111, 112, 113, 114, 115, 116, 117, 118, 119, 120, 121, 122, 123, 124, 125, 126, 127, 128, 129, 130, 131, 132, 134, 135, 136, 137, 138, 139, 140, 141, 142, 143, 144, 145, 146, 147, 148, 149, 150, 151, 152, 153, 154, 155, 156, 157, 159, 160, 161, 162, 163, 164, 165, 166, 167, 168, 169, 170, 171, 172, 173, 174]

--- Генерація вершинного покриття (зі списку суміжності) ---
Знайдене максимальне парування (M): {(27, 169), (23, 132), (150, 157), (167, 173), (85, 128), (37, 88), (0, 133), (17, 149), (39, 60), (89, 107), (48, 136), (49, 144), (24, 90), (33, 93), (55, 77), (14, 79), (12, 36), (122, 124), (40, 134), (91, 121), (7, 30), (46, 52), (102, 148), (104, 112), (15, 119), (38, 75), (43, 98), (72, 143), (34, 153), (20, 44), (109, 174), (138, 155), (73, 126), (65, 170), (32, 66), (31, 110), (78, 106), (19, 29), (18, 82), (3, 115), (10, 163), (58, 69), (63, 154), (2, 70), (8, 95), (105, 165), (62, 139), (57, 152), (22, 84), (158, 164), (1, 137), (9, 87), (47, 168), (5, 61), (53, 86), (97, 171), (99, 135), (127, 151), (25, 76), (131, 160), (41, 50), (94, 129), (114, 162), (74, 92), (6, 21), (68, 103), (4, 67), (117, 166), (16, 123), (108, 142), (64, 172), (56, 113), (116, 130), (35, 120), (71, 125), (100, 161), (11, 147), (13, 159), (26, 156), (81, 101), (59, 80), (45, 145), (28, 83), (42, 146), (54, 111), (51, 96)}
Згенероване вершинне покриття (C): [0, 1, 2, 3, 4, 5, 6, 7, 8, 9, 10, 11, 12, 13, 14, 15, 16, 17, 18, 19, 20, 21, 22, 23, 24, 25, 26, 27, 28, 29, 30, 31, 32, 33, 34, 35, 36, 37, 38, 39, 40, 41, 42, 43, 44, 45, 46, 47, 48, 49, 50, 51, 52, 53, 54, 55, 56, 57, 58, 59, 60, 61, 62, 63, 64, 65, 66, 67, 68, 69, 70, 71, 72, 73, 74, 75, 76, 77, 78, 79, 80, 81, 82, 83, 84, 85, 86, 87, 88, 89, 90, 91, 92, 93, 94, 95, 96, 97, 98, 99, 100, 101, 102, 103, 104, 105, 106, 107, 108, 109, 110, 111, 112, 113, 114, 115, 116, 117, 119, 120, 121, 122, 123, 124, 125, 126, 127, 128, 129, 130, 131, 132, 133, 134, 135, 136, 137, 138, 139, 142, 143, 144, 145, 146, 147, 148, 149, 150, 151, 152, 153, 154, 155, 156, 157, 158, 159, 160, 161, 162, 163, 164, 165, 166, 167, 168, 169, 170, 171, 172, 173, 174]

--- Генерація вершинного покриття (зі списку суміжності) ---
Знайдене максимальне парування (M): {(146, 157), (23, 162), (29, 141), (2, 41), (139, 147), (125, 148), (39, 108), (121, 126), (6, 114), (1, 8), (113, 149), (64, 73), (17, 53), (103, 104), (68, 171), (63, 111), (89, 102), (109, 172), (13, 140), (92, 174), (81, 137), (107, 110), (45, 71), (70, 134), (117, 160), (12, 168), (7, 119), (56, 57), (36, 173), (90, 153), (136, 159), (82, 167), (20, 60), (10, 37), (77, 130), (72, 88), (129, 131), (132, 145), (61, 158), (33, 151), (42, 99), (34, 116), (9, 50), (43, 100), (49, 95), (5, 27), (93, 94), (91, 161), (54, 75), (14, 66), (4, 74), (32, 65), (59, 83), (44, 128), (25, 124), (98, 138), (85, 101), (122, 150), (55, 69), (38, 154), (35, 155), (26, 97), (40, 96), (78, 80), (115, 163), (21, 156), (16, 105), (133, 144), (30, 76), (11, 127), (118, 152), (31, 123), (22, 120), (46, 142), (106, 135), (51, 165), (52, 164), (0, 28), (67, 112), (15, 19), (24, 86), (62, 143), (47, 87), (3, 84), (48, 79), (58, 166)}
Згенероване вершинне покриття (C): [0, 1, 2, 3, 4, 5, 6, 7, 8, 9, 10, 11, 12, 13, 14, 15, 16, 17, 19, 20, 21, 22, 23, 24, 25, 26, 27, 28, 29, 30, 31, 32, 33, 34, 35, 36, 37, 38, 39, 40, 41, 42, 43, 44, 45, 46, 47, 48, 49, 50, 51, 52, 53, 54, 55, 56, 57, 58, 59, 60, 61, 62, 63, 64, 65, 66, 67, 68, 69, 70, 71, 72, 73, 74, 75, 76, 77, 78, 79, 80, 81, 82, 83, 84, 85, 86, 87, 88, 89, 90, 91, 92, 93, 94, 95, 96, 97, 98, 99, 100, 101, 102, 103, 104, 105, 106, 107, 108, 109, 110, 111, 112, 113, 114, 115, 116, 117, 118, 119, 120, 121, 122, 123, 124, 125, 126, 127, 128, 129, 130, 131, 132, 133, 134, 135, 136, 137, 138, 139, 140, 141, 142, 143, 144, 145, 146, 147, 148, 149, 150, 151, 152, 153, 154, 155, 156, 157, 158, 159, 160, 161, 162, 163, 164, 165, 166, 167, 168, 171, 172, 173, 174]

--- Генерація вершинного покриття (зі списку суміжності) ---
Знайдене максимальне парування (M): {(67, 77), (62, 90), (73, 163), (7, 172), (47, 153), (111, 156), (52, 79), (106, 114), (138, 149), (95, 123), (1, 24), (36, 55), (84, 141), (34, 122), (27, 171), (110, 159), (30, 148), (94, 151), (51, 146), (23, 109), (97, 131), (76, 102), (59, 132), (11, 174), (15, 46), (119, 164), (49, 121), (5, 96), (4, 43), (56, 71), (14, 129), (75, 124), (86, 99), (127, 152), (88, 154), (31, 83), (64, 150), (45, 48), (28, 41), (38, 91), (142, 145), (20, 85), (32, 50), (80, 133), (2, 70), (0, 155), (37, 137), (115, 120), (105, 167), (10, 158), (9, 160), (66, 166), (68, 108), (60, 125), (29, 101), (98, 173), (21, 42), (33, 135), (53, 113), (157, 170), (3, 57), (61, 117), (69, 130), (112, 165), (81, 168), (18, 54), (92, 162), (12, 16), (13, 100), (89, 144), (22, 93), (118, 143), (26, 72), (6, 78), (44, 169), (82, 107), (116, 139), (25, 128), (104, 140), (58, 63), (17, 65), (39, 40), (74, 126), (103, 134)}
Згенероване вершинне покриття (C): [0, 1, 2, 3, 4, 5, 6, 7, 9, 10, 11, 12, 13, 14, 15, 16, 17, 18, 20, 21, 22, 23, 24, 25, 26, 27, 28, 29, 30, 31, 32, 33, 34, 36, 37, 38, 39, 40, 41, 42, 43, 44, 45, 46, 47, 48, 49, 50, 51, 52, 53, 54, 55, 56, 57, 58, 59, 60, 61, 62, 63, 64, 65, 66, 67, 68, 69, 70, 71, 72, 73, 74, 75, 76, 77, 78, 79, 80, 81, 82, 83, 84, 85, 86, 88, 89, 90, 91, 92, 93, 94, 95, 96, 97, 98, 99, 100, 101, 102, 103, 104, 105, 106, 107, 108, 109, 110, 111, 112, 113, 114, 115, 116, 117, 118, 119, 120, 121, 122, 123, 124, 125, 126, 127, 128, 129, 130, 131, 132, 133, 134, 135, 137, 138, 139, 140, 141, 142, 143, 144, 145, 146, 148, 149, 150, 151, 152, 153, 154, 155, 156, 157, 158, 159, 160, 162, 163, 164, 165, 166, 167, 168, 169, 170, 171, 172, 173, 174]

--- Генерація вершинного покриття (зі списку суміжності) ---
Знайдене максимальне парування (M): {(43, 110), (26, 39), (18, 154), (35, 115), (150, 166), (88, 127), (68, 121), (66, 151), (53, 71), (13, 99), (107, 124), (36, 137), (23, 27), (38, 55), (139, 174), (67, 109), (33, 159), (25, 155), (90, 101), (63, 148), (133, 145), (22, 94), (120, 163), (48, 122), (87, 123), (45, 117), (91, 114), (44, 51), (85, 116), (77, 160), (16, 56), (70, 100), (64, 141), (34, 73), (79, 105), (11, 50), (10, 170), (12, 134), (84, 113), (14, 158), (128, 146), (4, 132), (7, 167), (78, 172), (8, 168), (2, 97), (136, 152), (9, 57), (69, 126), (46, 106), (80, 144), (3, 153), (76, 140), (31, 62), (131, 149), (0, 157), (162, 173), (15, 102), (6, 108), (42, 92), (17, 111), (52, 169), (72, 147), (59, 129), (125, 138), (119, 161), (28, 40), (74, 156), (20, 130), (98, 104), (24, 118), (47, 83), (37, 54), (112, 142), (95, 135), (58, 61), (29, 89), (49, 165), (30, 60), (82, 171), (93, 164), (1, 65), (5, 81), (75, 143), (41, 86)}
Згенероване вершинне покриття (C): [0, 1, 2, 3, 4, 5, 6, 7, 8, 9, 10, 11, 12, 13, 14, 15, 16, 17, 18, 20, 22, 23, 24, 25, 26, 27, 28, 29, 30, 31, 33, 34, 35, 36, 37, 38, 39, 40, 41, 42, 43, 44, 45, 46, 47, 48, 49, 50, 51, 52, 53, 54, 55, 56, 57, 58, 59, 60, 61, 62, 63, 64, 65, 66, 67, 68, 69, 70, 71, 72, 73, 74, 75, 76, 77, 78, 79, 80, 81, 82, 83, 84, 85, 86, 87, 88, 89, 90, 91, 92, 93, 94, 95, 97, 98, 99, 100, 101, 102, 104, 105, 106, 107, 108, 109, 110, 111, 112, 113, 114, 115, 116, 117, 118, 119, 120, 121, 122, 123, 124, 125, 126, 127, 128, 129, 130, 131, 132, 133, 134, 135, 136, 137, 138, 139, 140, 141, 142, 143, 144, 145, 146, 147, 148, 149, 150, 151, 152, 153, 154, 155, 156, 157, 158, 159, 160, 161, 162, 163, 164, 165, 166, 167, 168, 169, 170, 171, 172, 173, 174]

--- Генерація вершинного покриття (зі списку суміжності) ---
Знайдене максимальне парування (M): {(163, 164), (46, 155), (32, 165), (62, 81), (44, 118), (33, 127), (34, 101), (7, 65), (25, 52), (100, 158), (40, 61), (69, 97), (112, 132), (92, 172), (42, 153), (18, 131), (0, 174), (99, 122), (103, 104), (23, 84), (14, 26), (37, 156), (1, 10), (45, 53), (83, 119), (12, 141), (3, 138), (85, 134), (139, 169), (143, 160), (70, 91), (87, 116), (88, 145), (47, 171), (2, 29), (36, 125), (6, 111), (57, 129), (30, 102), (51, 109), (66, 162), (31, 140), (54, 142), (5, 130), (80, 133), (68, 113), (152, 167), (24, 128), (149, 159), (35, 82), (19, 49), (73, 105), (71, 126), (11, 157), (15, 20), (77, 150), (135, 146), (21, 106), (74, 90), (63, 124), (38, 79), (108, 110), (50, 117), (16, 39), (13, 107), (64, 115), (8, 147), (86, 121), (94, 168), (4, 58), (95, 151), (78, 98), (9, 148), (22, 56), (17, 170), (43, 161), (96, 136), (48, 123), (120, 173), (41, 93), (55, 137), (76, 114), (27, 75), (59, 144), (60, 154)}
Згенероване вершинне покриття (C): [0, 1, 2, 3, 4, 5, 6, 7, 8, 9, 10, 11, 12, 13, 14, 15, 16, 17, 18, 19, 20, 21, 22, 23, 24, 25, 26, 27, 29, 30, 31, 32, 33, 34, 35, 36, 37, 38, 39, 40, 41, 42, 43, 44, 45, 46, 47, 48, 49, 50, 51, 52, 53, 54, 55, 56, 57, 58, 59, 60, 61, 62, 63, 64, 65, 66, 68, 69, 70, 71, 73, 74, 75, 76, 77, 78, 79, 80, 81, 82, 83, 84, 85, 86, 87, 88, 90, 91, 92, 93, 94, 95, 96, 97, 98, 99, 100, 101, 102, 103, 104, 105, 106, 107, 108, 109, 110, 111, 112, 113, 114, 115, 116, 117, 118, 119, 120, 121, 122, 123, 124, 125, 126, 127, 128, 129, 130, 131, 132, 133, 134, 135, 136, 137, 138, 139, 140, 141, 142, 143, 144, 145, 146, 147, 148, 149, 150, 151, 152, 153, 154, 155, 156, 157, 158, 159, 160, 161, 162, 163, 164, 165, 167, 168, 169, 170, 171, 172, 173, 174]

--- Генерація вершинного покриття (зі списку суміжності) ---
Знайдене максимальне парування (M): {(35, 161), (82, 93), (102, 135), (46, 112), (31, 157), (22, 99), (3, 40), (13, 90), (24, 44), (132, 169), (29, 98), (8, 130), (81, 126), (123, 150), (121, 162), (11, 37), (124, 133), (128, 149), (62, 103), (9, 42), (16, 154), (96, 119), (20, 26), (139, 160), (138, 155), (27, 170), (55, 131), (0, 43), (115, 127), (19, 86), (100, 114), (28, 107), (48, 85), (2, 97), (58, 80), (104, 166), (6, 106), (52, 73), (4, 143), (15, 118), (25, 74), (105, 167), (14, 64), (12, 76), (87, 88), (146, 174), (61, 78), (53, 159), (110, 165), (59, 163), (45, 164), (5, 36), (23, 51), (39, 77), (122, 148), (136, 147), (30, 172), (66, 168), (7, 91), (60, 72), (69, 84), (50, 153), (63, 117), (17, 49), (129, 156), (21, 65), (38, 108), (67, 89), (18, 111), (70, 94), (54, 125), (137, 141), (75, 120), (34, 79), (10, 57), (1, 173), (47, 140), (56, 152), (83, 145), (71, 134), (68, 144), (33, 116), (101, 113), (142, 151), (41, 95), (32, 92)}
Згенероване вершинне покриття (C): [0, 1, 2, 3, 4, 5, 6, 7, 8, 9, 10, 11, 12, 13, 14, 15, 16, 17, 18, 19, 20, 21, 22, 23, 24, 25, 26, 27, 28, 29, 30, 31, 32, 33, 34, 35, 36, 37, 38, 39, 40, 41, 42, 43, 44, 45, 46, 47, 48, 49, 50, 51, 52, 53, 54, 55, 56, 57, 58, 59, 60, 61, 62, 63, 64, 65, 66, 67, 68, 69, 70, 71, 72, 73, 74, 75, 76, 77, 78, 79, 80, 81, 82, 83, 84, 85, 86, 87, 88, 89, 90, 91, 92, 93, 94, 95, 96, 97, 98, 99, 100, 101, 102, 103, 104, 105, 106, 107, 108, 110, 111, 112, 113, 114, 115, 116, 117, 118, 119, 120, 121, 122, 123, 124, 125, 126, 127, 128, 129, 130, 131, 132, 133, 134, 135, 136, 137, 138, 139, 140, 141, 142, 143, 144, 145, 146, 147, 148, 149, 150, 151, 152, 153, 154, 155, 156, 157, 159, 160, 161, 162, 163, 164, 165, 166, 167, 168, 169, 170, 172, 173, 174]

--- Генерація вершинного покриття (зі списку суміжності) ---
Знайдене максимальне парування (M): {(35, 88), (47, 71), (34, 138), (4, 94), (100, 174), (66, 160), (16, 141), (10, 118), (48, 129), (50, 93), (110, 125), (63, 84), (6, 162), (57, 61), (95, 109), (60, 87), (9, 85), (103, 131), (17, 46), (44, 51), (72, 152), (139, 169), (33, 154), (62, 144), (70, 127), (120, 149), (104, 116), (97, 119), (41, 151), (25, 134), (36, 45), (80, 167), (105, 108), (68, 86), (56, 75), (29, 42), (132, 143), (99, 140), (7, 11), (76, 101), (20, 23), (52, 55), (96, 137), (1, 128), (73, 114), (102, 168), (22, 59), (90, 157), (122, 164), (83, 136), (38, 113), (3, 39), (21, 163), (18, 54), (19, 147), (37, 98), (8, 92), (64, 124), (32, 150), (40, 78), (121, 161), (24, 155), (14, 77), (53, 145), (13, 173), (26, 115), (135, 159), (2, 142), (148, 171), (12, 82), (58, 79), (89, 146), (27, 91), (31, 107), (43, 81), (15, 74), (0, 156), (5, 170), (49, 158), (126, 133), (65, 123), (30, 153), (111, 172), (28, 165), (69, 166), (106, 130)}
Згенероване вершинне покриття (C): [0, 1, 2, 3, 4, 5, 6, 7, 8, 9, 10, 11, 12, 13, 14, 15, 16, 17, 18, 19, 20, 21, 22, 23, 24, 25, 26, 27, 28, 29, 30, 31, 32, 33, 34, 35, 36, 37, 38, 39, 40, 41, 42, 43, 44, 45, 46, 47, 48, 49, 50, 51, 52, 53, 54, 55, 56, 57, 58, 59, 60, 61, 62, 63, 64, 65, 66, 68, 69, 70, 71, 72, 73, 74, 75, 76, 77, 78, 79, 80, 81, 82, 83, 84, 85, 86, 87, 88, 89, 90, 91, 92, 93, 94, 95, 96, 97, 98, 99, 100, 101, 102, 103, 104, 105, 106, 107, 108, 109, 110, 111, 113, 114, 115, 116, 118, 119, 120, 121, 122, 123, 124, 125, 126, 127, 128, 129, 130, 131, 132, 133, 134, 135, 136, 137, 138, 139, 140, 141, 142, 143, 144, 145, 146, 147, 148, 149, 150, 151, 152, 153, 154, 155, 156, 157, 158, 159, 160, 161, 162, 163, 164, 165, 166, 167, 168, 169, 170, 171, 172, 173, 174]

--- Генерація вершинного покриття (зі списку суміжності) ---
Знайдене максимальне парування (M): {(109, 129), (79, 88), (53, 133), (32, 110), (54, 150), (18, 163), (0, 5), (42, 75), (9, 35), (6, 130), (89, 116), (96, 97), (33, 38), (136, 142), (105, 118), (1, 170), (23, 100), (166, 167), (4, 160), (41, 145), (78, 173), (99, 159), (22, 67), (2, 98), (43, 80), (16, 72), (59, 171), (124, 126), (28, 137), (94, 155), (95, 120), (15, 139), (7, 144), (64, 86), (46, 157), (3, 30), (60, 82), (169, 172), (57, 65), (152, 165), (84, 122), (34, 121), (63, 108), (61, 101), (45, 114), (8, 40), (90, 91), (37, 174), (26, 27), (111, 132), (147, 161), (20, 87), (143, 148), (49, 56), (29, 138), (12, 76), (69, 146), (106, 119), (50, 151), (51, 115), (66, 113), (103, 107), (92, 141), (81, 104), (44, 128), (11, 134), (102, 154), (127, 162), (48, 73), (68, 140), (21, 74), (14, 77), (13, 164), (10, 55), (47, 83), (17, 24), (25, 71), (31, 123), (85, 158), (58, 70), (36, 131), (112, 135), (52, 93), (19, 117), (39, 168), (149, 156)}
Згенероване вершинне покриття (C): [0, 1, 2, 3, 4, 5, 6, 7, 8, 9, 10, 11, 12, 13, 14, 15, 16, 17, 18, 19, 20, 21, 22, 23, 24, 25, 26, 27, 28, 29, 30, 31, 32, 33, 34, 35, 36, 37, 38, 39, 40, 41, 42, 43, 44, 45, 46, 47, 48, 49, 50, 51, 52, 53, 54, 55, 56, 57, 58, 59, 60, 61, 63, 64, 65, 66, 67, 68, 69, 70, 71, 72, 73, 74, 75, 76, 77, 78, 79, 80, 81, 82, 83, 84, 85, 86, 87, 88, 89, 90, 91, 92, 93, 94, 95, 96, 97, 98, 99, 100, 101, 102, 103, 104, 105, 106, 107, 108, 109, 110, 111, 112, 113, 114, 115, 116, 117, 118, 119, 120, 121, 122, 123, 124, 126, 127, 128, 129, 130, 131, 132, 133, 134, 135, 136, 137, 138, 139, 140, 141, 142, 143, 144, 145, 146, 147, 148, 149, 150, 151, 152, 154, 155, 156, 157, 158, 159, 160, 161, 162, 163, 164, 165, 166, 167, 168, 169, 170, 171, 172, 173, 174]

--- Генерація вершинного покриття (зі списку суміжності) ---
Знайдене максимальне парування (M): {(7, 26), (102, 135), (39, 170), (115, 126), (105, 164), (15, 87), (17, 60), (116, 127), (91, 146), (59, 96), (18, 76), (1, 172), (23, 93), (6, 107), (66, 73), (68, 143), (72, 125), (32, 153), (42, 100), (37, 131), (10, 58), (119, 157), (14, 28), (74, 134), (53, 114), (80, 174), (41, 103), (54, 122), (90, 151), (71, 101), (38, 162), (4, 84), (152, 156), (44, 65), (138, 148), (50, 154), (118, 160), (13, 46), (34, 169), (129, 168), (97, 142), (12, 19), (11, 173), (75, 121), (24, 167), (40, 108), (47, 95), (117, 150), (70, 163), (99, 144), (9, 98), (69, 112), (20, 137), (29, 94), (33, 110), (61, 89), (25, 124), (85, 147), (136, 140), (5, 111), (86, 139), (123, 158), (43, 113), (35, 45), (81, 106), (141, 166), (30, 149), (48, 130), (51, 92), (21, 67), (64, 83), (27, 128), (104, 165), (16, 171), (79, 120), (88, 132), (22, 159), (3, 109), (8, 62), (56, 145), (2, 55), (31, 36), (77, 161)}
Згенероване вершинне покриття (C): [1, 2, 3, 4, 5, 6, 7, 8, 9, 10, 11, 12, 13, 14, 15, 16, 17, 18, 19, 20, 21, 22, 23, 24, 25, 26, 27, 28, 29, 30, 31, 32, 33, 34, 35, 36, 37, 38, 39, 40, 41, 42, 43, 44, 45, 46, 47, 48, 50, 51, 53, 54, 55, 56, 58, 59, 60, 61, 62, 64, 65, 66, 67, 68, 69, 70, 71, 72, 73, 74, 75, 76, 77, 79, 80, 81, 83, 84, 85, 86, 87, 88, 89, 90, 91, 92, 93, 94, 95, 96, 97, 98, 99, 100, 101, 102, 103, 104, 105, 106, 107, 108, 109, 110, 111, 112, 113, 114, 115, 116, 117, 118, 119, 120, 121, 122, 123, 124, 125, 126, 127, 128, 129, 130, 131, 132, 134, 135, 136, 137, 138, 139, 140, 141, 142, 143, 144, 145, 146, 147, 148, 149, 150, 151, 152, 153, 154, 156, 157, 158, 159, 160, 161, 162, 163, 164, 165, 166, 167, 168, 169, 170, 171, 172, 173, 174]

--- Генерація вершинного покриття (зі списку суміжності) ---
Знайдене максимальне парування (M): {(43, 156), (32, 101), (45, 65), (64, 78), (24, 106), (67, 141), (119, 151), (69, 95), (110, 123), (53, 89), (79, 108), (5, 12), (153, 164), (44, 77), (16, 70), (13, 83), (92, 172), (25, 146), (42, 107), (62, 149), (142, 148), (117, 167), (20, 170), (18, 23), (26, 155), (96, 174), (116, 131), (4, 36), (3, 165), (127, 161), (105, 115), (31, 37), (19, 29), (28, 160), (72, 138), (84, 88), (82, 103), (61, 74), (97, 112), (47, 157), (34, 50), (58, 169), (33, 94), (125, 168), (118, 162), (46, 143), (63, 129), (17, 52), (40, 136), (100, 132), (11, 173), (150, 154), (35, 57), (56, 98), (27, 147), (91, 113), (39, 75), (51, 104), (49, 86), (68, 163), (66, 111), (1, 121), (41, 139), (7, 171), (48, 144), (14, 130), (93, 114), (6, 140), (81, 152), (90, 109), (10, 73), (8, 158), (2, 87), (22, 120), (55, 71), (59, 124), (128, 159), (122, 145), (38, 76), (30, 126), (9, 15), (85, 135), (99, 134), (54, 166), (0, 21), (80, 102)}
Згенероване вершинне покриття (C): [0, 1, 2, 3, 4, 5, 6, 7, 8, 9, 10, 11, 12, 13, 14, 15, 16, 17, 18, 19, 20, 21, 22, 23, 24, 25, 26, 27, 28, 29, 30, 31, 32, 33, 34, 35, 36, 37, 38, 39, 40, 41, 42, 43, 44, 45, 46, 47, 48, 49, 50, 51, 52, 53, 54, 55, 56, 57, 58, 59, 61, 62, 63, 64, 65, 66, 67, 68, 69, 70, 71, 72, 73, 74, 75, 76, 77, 78, 79, 80, 81, 82, 83, 84, 85, 86, 87, 88, 89, 90, 91, 92, 93, 94, 95, 96, 97, 98, 99, 100, 101, 102, 103, 104, 105, 106, 107, 108, 109, 110, 111, 112, 113, 114, 115, 116, 117, 118, 119, 120, 121, 122, 123, 124, 125, 126, 127, 128, 129, 130, 131, 132, 134, 135, 136, 138, 139, 140, 141, 142, 143, 144, 145, 146, 147, 148, 149, 150, 151, 152, 153, 154, 155, 156, 157, 158, 159, 160, 161, 162, 163, 164, 165, 166, 167, 168, 169, 170, 171, 172, 173, 174]

--- Генерація вершинного покриття (зі списку суміжності) ---
Знайдене максимальне парування (M): {(18, 26), (88, 100), (28, 131), (29, 50), (46, 75), (95, 123), (89, 134), (20, 150), (83, 133), (139, 165), (129, 130), (58, 152), (34, 124), (44, 104), (42, 171), (54, 154), (23, 148), (82, 115), (92, 156), (27, 102), (99, 106), (37, 67), (2, 45), (21, 98), (40, 166), (61, 79), (112, 118), (6, 173), (59, 91), (52, 85), (158, 167), (53, 132), (0, 169), (108, 120), (43, 57), (80, 140), (103, 172), (73, 128), (66, 116), (13, 55), (35, 174), (1, 126), (17, 153), (110, 170), (47, 111), (5, 41), (107, 162), (64, 127), (25, 163), (84, 145), (10, 149), (74, 161), (38, 141), (87, 97), (24, 68), (16, 119), (135, 155), (117, 125), (14, 48), (109, 121), (65, 160), (76, 105), (63, 151), (32, 56), (15, 159), (72, 101), (36, 81), (78, 96), (113, 136), (19, 147), (90, 143), (138, 168), (137, 157), (4, 12), (30, 94), (7, 31), (62, 86), (39, 93), (69, 164), (77, 122), (70, 71), (22, 33), (8, 144), (49, 60), (51, 142)}
Згенероване вершинне покриття (C): [0, 1, 2, 4, 5, 6, 7, 8, 10, 12, 13, 14, 15, 16, 17, 18, 19, 20, 21, 22, 23, 24, 25, 26, 27, 28, 29, 30, 31, 32, 33, 34, 35, 36, 37, 38, 39, 40, 41, 42, 43, 44, 45, 46, 47, 48, 49, 50, 51, 52, 53, 54, 55, 56, 57, 58, 59, 60, 61, 62, 63, 64, 65, 66, 67, 68, 69, 70, 71, 72, 73, 74, 75, 76, 77, 78, 79, 80, 81, 82, 83, 84, 85, 86, 87, 88, 89, 90, 91, 92, 93, 94, 95, 96, 97, 98, 99, 100, 101, 102, 103, 104, 105, 106, 107, 108, 109, 110, 111, 112, 113, 115, 116, 117, 118, 119, 120, 121, 122, 123, 124, 125, 126, 127, 128, 129, 130, 131, 132, 133, 134, 135, 136, 137, 138, 139, 140, 141, 142, 143, 144, 145, 147, 148, 149, 150, 151, 152, 153, 154, 155, 156, 157, 158, 159, 160, 161, 162, 163, 164, 165, 166, 167, 168, 169, 170, 171, 172, 173, 174]

--- Генерація вершинного покриття (зі списку суміжності) ---
Знайдене максимальне парування (M): {(86, 127), (41, 168), (113, 117), (109, 150), (71, 111), (3, 22), (9, 26), (21, 119), (138, 158), (60, 165), (44, 148), (8, 112), (27, 125), (76, 173), (73, 156), (153, 155), (103, 166), (28, 87), (36, 139), (40, 164), (23, 47), (75, 149), (126, 160), (45, 135), (12, 13), (70, 134), (51, 59), (116, 152), (58, 110), (24, 142), (25, 141), (4, 118), (64, 68), (105, 115), (6, 29), (11, 114), (48, 53), (69, 85), (97, 101), (33, 65), (18, 128), (37, 172), (20, 67), (34, 130), (90, 162), (19, 77), (93, 154), (35, 146), (81, 143), (2, 88), (62, 84), (78, 92), (7, 50), (57, 145), (14, 174), (46, 99), (31, 144), (61, 133), (79, 123), (91, 161), (5, 54), (66, 159), (106, 140), (52, 169), (43, 56), (10, 16), (17, 95), (108, 167), (83, 122), (0, 63), (120, 171), (94, 170), (72, 151), (55, 80), (30, 124), (107, 136), (15, 129), (104, 131), (96, 102), (32, 163), (1, 38), (82, 100), (39, 49), (42, 137), (74, 89), (98, 147)}
Згенероване вершинне покриття (C): [0, 1, 2, 3, 4, 5, 6, 7, 8, 9, 10, 11, 12, 13, 14, 15, 16, 17, 18, 19, 20, 21, 22, 23, 24, 25, 26, 27, 28, 29, 30, 31, 32, 33, 34, 35, 36, 37, 38, 39, 40, 41, 42, 43, 44, 45, 46, 47, 48, 49, 50, 51, 52, 53, 54, 55, 56, 57, 58, 59, 60, 61, 62, 63, 64, 65, 66, 67, 68, 69, 70, 71, 72, 73, 74, 75, 76, 77, 78, 79, 80, 81, 82, 83, 84, 85, 86, 87, 88, 89, 90, 91, 92, 93, 94, 95, 96, 97, 98, 99, 100, 101, 102, 103, 104, 105, 106, 107, 108, 109, 110, 111, 112, 113, 114, 115, 116, 117, 118, 119, 120, 122, 123, 124, 125, 126, 127, 128, 129, 130, 131, 133, 134, 135, 136, 137, 138, 139, 140, 141, 142, 143, 144, 145, 146, 147, 148, 149, 150, 151, 152, 153, 154, 155, 156, 158, 159, 160, 161, 162, 163, 164, 165, 166, 167, 168, 169, 170, 171, 172, 173, 174]

--- Генерація вершинного покриття (зі списку суміжності) ---
Знайдене максимальне парування (M): {(57, 155), (10, 107), (88, 109), (62, 163), (39, 106), (79, 124), (34, 101), (2, 130), (43, 131), (52, 143), (24, 145), (72, 93), (37, 127), (40, 98), (25, 125), (51, 73), (94, 160), (80, 170), (45, 60), (15, 153), (85, 123), (64, 148), (12, 22), (20, 35), (17, 137), (92, 140), (6, 164), (31, 44), (86, 117), (58, 110), (18, 71), (46, 47), (63, 97), (89, 152), (33, 129), (70, 157), (13, 135), (87, 118), (111, 121), (120, 142), (134, 141), (159, 173), (50, 147), (90, 128), (96, 144), (126, 166), (28, 171), (105, 174), (23, 138), (32, 116), (1, 119), (42, 136), (56, 162), (0, 139), (108, 154), (11, 102), (9, 114), (59, 99), (53, 113), (5, 27), (36, 161), (69, 112), (82, 91), (146, 158), (81, 95), (26, 168), (8, 19), (54, 169), (16, 75), (30, 165), (29, 78), (68, 103), (83, 122), (55, 133), (66, 115), (41, 61), (21, 67), (4, 14), (7, 49), (65, 84), (74, 151), (48, 77), (104, 167), (3, 38), (100, 172), (76, 150), (132, 149)}
Згенероване вершинне покриття (C): [0, 1, 2, 3, 4, 5, 6, 7, 8, 9, 10, 11, 12, 13, 14, 15, 16, 17, 18, 19, 20, 21, 22, 23, 24, 25, 26, 27, 28, 29, 30, 31, 32, 33, 34, 35, 36, 37, 38, 39, 40, 41, 42, 43, 44, 45, 46, 47, 48, 49, 50, 51, 52, 53, 54, 55, 56, 57, 58, 59, 60, 61, 62, 63, 64, 65, 66, 67, 68, 69, 70, 71, 72, 73, 74, 75, 76, 77, 78, 79, 80, 81, 82, 83, 84, 85, 86, 87, 88, 89, 90, 91, 92, 93, 94, 95, 96, 97, 98, 99, 100, 101, 102, 103, 104, 105, 106, 107, 108, 109, 110, 111, 112, 113, 114, 115, 116, 117, 118, 119, 120, 121, 122, 123, 124, 125, 126, 127, 128, 129, 130, 131, 132, 133, 134, 135, 136, 137, 138, 139, 140, 141, 142, 143, 144, 145, 146, 147, 148, 149, 150, 151, 152, 153, 154, 155, 157, 158, 159, 160, 161, 162, 163, 164, 165, 166, 167, 168, 169, 170, 171, 172, 173, 174]

--- Генерація вершинного покриття (зі списку суміжності) ---
Знайдене максимальне парування (M): {(73, 81), (91, 135), (12, 89), (37, 88), (66, 151), (32, 103), (33, 47), (90, 99), (45, 149), (82, 168), (38, 46), (97, 159), (17, 44), (54, 72), (48, 86), (18, 85), (24, 165), (79, 174), (11, 137), (52, 92), (64, 75), (116, 122), (5, 153), (105, 152), (50, 51), (71, 138), (136, 139), (42, 102), (108, 111), (65, 170), (22, 144), (13, 126), (30, 120), (83, 132), (35, 110), (40, 161), (60, 148), (70, 150), (141, 167), (41, 80), (23, 172), (117, 121), (28, 98), (34, 169), (107, 171), (106, 145), (146, 163), (19, 143), (104, 129), (36, 113), (10, 94), (58, 119), (3, 9), (84, 156), (133, 140), (1, 2), (134, 166), (100, 173), (7, 155), (55, 158), (25, 124), (20, 112), (127, 162), (93, 114), (95, 96), (39, 109), (8, 21), (14, 125), (6, 142), (115, 147), (31, 43), (59, 160), (74, 87), (29, 128), (4, 62), (78, 130), (27, 57), (26, 101), (0, 49), (16, 164), (61, 77), (76, 123), (56, 154), (69, 157), (15, 67), (63, 68)}
Згенероване вершинне покриття (C): [0, 1, 2, 3, 4, 5, 6, 7, 8, 9, 10, 11, 12, 13, 14, 15, 16, 17, 18, 19, 20, 21, 22, 23, 24, 25, 26, 27, 28, 29, 30, 31, 32, 33, 34, 35, 36, 37, 38, 39, 40, 41, 42, 43, 44, 45, 46, 47, 48, 49, 50, 51, 52, 54, 55, 56, 57, 58, 59, 60, 61, 62, 63, 64, 65, 66, 67, 68, 69, 70, 71, 72, 73, 74, 75, 76, 77, 78, 79, 80, 81, 82, 83, 84, 85, 86, 87, 88, 89, 90, 91, 92, 93, 94, 95, 96, 97, 98, 99, 100, 101, 102, 103, 104, 105, 106, 107, 108, 109, 110, 111, 112, 113, 114, 115, 116, 117, 119, 120, 121, 122, 123, 124, 125, 126, 127, 128, 129, 130, 132, 133, 134, 135, 136, 137, 138, 139, 140, 141, 142, 143, 144, 145, 146, 147, 148, 149, 150, 151, 152, 153, 154, 155, 156, 157, 158, 159, 160, 161, 162, 163, 164, 165, 166, 167, 168, 169, 170, 171, 172, 173, 174]

--- Генерація вершинного покриття (зі списку суміжності) ---
Знайдене максимальне парування (M): {(67, 123), (40, 50), (34, 58), (16, 141), (41, 51), (13, 44), (101, 108), (64, 98), (45, 60), (73, 76), (8, 105), (68, 143), (114, 140), (27, 56), (2, 91), (22, 133), (142, 150), (48, 170), (11, 130), (115, 132), (61, 106), (19, 155), (71, 138), (7, 80), (110, 120), (85, 173), (57, 102), (31, 147), (77, 89), (43, 121), (49, 171), (129, 136), (111, 164), (55, 113), (158, 169), (1, 32), (39, 144), (82, 94), (0, 52), (35, 46), (23, 154), (25, 63), (42, 88), (116, 156), (10, 28), (99, 103), (3, 117), (65, 174), (92, 137), (38, 47), (84, 172), (21, 168), (119, 166), (86, 135), (131, 167), (6, 90), (109, 146), (12, 30), (53, 95), (145, 159), (66, 104), (139, 152), (69, 75), (126, 127), (124, 148), (62, 118), (79, 134), (157, 163), (83, 122), (15, 161), (125, 149), (36, 37), (96, 100), (33, 160), (4, 78), (93, 128), (17, 81), (5, 24), (20, 107), (18, 70), (26, 165), (87, 151), (59, 153), (14, 29), (74, 162)}
Згенероване вершинне покриття (C): [0, 1, 2, 3, 4, 5, 6, 7, 8, 10, 11, 12, 13, 14, 15, 16, 17, 18, 19, 20, 21, 22, 23, 24, 25, 26, 27, 28, 29, 30, 31, 32, 33, 34, 35, 36, 37, 38, 39, 40, 41, 42, 43, 44, 45, 46, 47, 48, 49, 50, 51, 52, 53, 55, 56, 57, 58, 59, 60, 61, 62, 63, 64, 65, 66, 67, 68, 69, 70, 71, 73, 74, 75, 76, 77, 78, 79, 80, 81, 82, 83, 84, 85, 86, 87, 88, 89, 90, 91, 92, 93, 94, 95, 96, 98, 99, 100, 101, 102, 103, 104, 105, 106, 107, 108, 109, 110, 111, 113, 114, 115, 116, 117, 118, 119, 120, 121, 122, 123, 124, 125, 126, 127, 128, 129, 130, 131, 132, 133, 134, 135, 136, 137, 138, 139, 140, 141, 142, 143, 144, 145, 146, 147, 148, 149, 150, 151, 152, 153, 154, 155, 156, 157, 158, 159, 160, 161, 162, 163, 164, 165, 166, 167, 168, 169, 170, 171, 172, 173, 174]

--- Генерація вершинного покриття (зі списку суміжності) ---
Знайдене максимальне парування (M): {(38, 142), (81, 149), (36, 126), (3, 31), (14, 168), (92, 115), (55, 86), (19, 66), (20, 95), (125, 148), (23, 109), (12, 173), (41, 99), (62, 131), (87, 139), (110, 143), (117, 158), (103, 113), (67, 102), (15, 18), (47, 169), (84, 136), (9, 42), (108, 127), (5, 80), (121, 130), (40, 120), (54, 58), (11, 32), (2, 93), (7, 46), (61, 154), (33, 83), (96, 160), (39, 153), (4, 22), (78, 172), (73, 75), (53, 72), (116, 174), (21, 77), (74, 122), (43, 171), (52, 119), (29, 163), (88, 124), (144, 165), (65, 85), (57, 90), (0, 166), (69, 91), (27, 140), (10, 133), (16, 64), (134, 157), (8, 26), (34, 164), (48, 71), (56, 63), (137, 146), (37, 68), (51, 170), (13, 98), (114, 162), (107, 123), (59, 138), (17, 141), (24, 70), (28, 150), (76, 89), (132, 161), (25, 44), (50, 82), (101, 118), (105, 155), (94, 152), (60, 159), (129, 167), (104, 147), (49, 156), (1, 100), (45, 97), (30, 151), (112, 135), (106, 128), (35, 79)}
Згенероване вершинне покриття (C): [0, 1, 2, 3, 4, 5, 7, 8, 9, 10, 11, 12, 13, 14, 15, 16, 17, 18, 19, 20, 21, 22, 23, 24, 25, 26, 27, 28, 29, 30, 31, 32, 33, 34, 35, 36, 37, 38, 39, 40, 41, 42, 43, 44, 45, 46, 47, 48, 49, 50, 51, 52, 53, 54, 55, 56, 57, 58, 59, 60, 61, 62, 63, 64, 65, 66, 67, 68, 69, 70, 71, 72, 73, 74, 75, 76, 77, 78, 79, 80, 81, 82, 83, 84, 85, 86, 87, 88, 89, 90, 91, 92, 93, 94, 95, 96, 97, 98, 99, 100, 101, 102, 103, 104, 105, 106, 107, 108, 109, 110, 112, 113, 114, 115, 116, 117, 118, 119, 120, 121, 122, 123, 124, 125, 126, 127, 128, 129, 130, 131, 132, 133, 134, 135, 136, 137, 138, 139, 140, 141, 142, 143, 144, 146, 147, 148, 149, 150, 151, 152, 153, 154, 155, 156, 157, 158, 159, 160, 161, 162, 163, 164, 165, 166, 167, 168, 169, 170, 171, 172, 173, 174]

--- Генерація вершинного покриття (зі списку суміжності) ---
Знайдене максимальне парування (M): {(1, 40), (28, 58), (10, 116), (39, 152), (46, 121), (23, 43), (50, 100), (81, 133), (140, 164), (55, 132), (25, 98), (24, 44), (64, 144), (9, 92), (35, 138), (11, 101), (105, 129), (67, 166), (3, 108), (18, 60), (128, 142), (90, 103), (63, 141), (127, 131), (4, 82), (77, 169), (53, 114), (7, 71), (5, 110), (12, 70), (2, 47), (6, 93), (84, 95), (111, 146), (32, 66), (13, 117), (80, 149), (59, 148), (27, 88), (33, 156), (65, 99), (51, 109), (145, 162), (34, 139), (85, 120), (20, 30), (155, 172), (104, 118), (42, 97), (123, 161), (124, 153), (37, 57), (19, 115), (151, 170), (14, 73), (134, 157), (78, 167), (36, 106), (0, 86), (16, 137), (22, 125), (61, 126), (62, 173), (8, 83), (75, 91), (17, 113), (52, 171), (48, 130), (31, 68), (89, 119), (15, 26), (72, 96), (38, 165), (21, 158), (135, 143), (74, 87), (49, 76), (79, 168), (56, 154), (54, 102), (136, 174), (29, 112), (45, 163), (41, 150), (122, 147)}
Згенероване вершинне покриття (C): [0, 1, 2, 3, 4, 5, 6, 7, 8, 9, 10, 11, 12, 13, 14, 15, 16, 17, 18, 19, 20, 21, 22, 23, 24, 25, 26, 27, 28, 29, 30, 31, 32, 33, 34, 35, 36, 37, 38, 39, 40, 41, 42, 43, 44, 45, 46, 47, 48, 49, 50, 51, 52, 53, 54, 55, 56, 57, 58, 59, 60, 61, 62, 63, 64, 65, 66, 67, 68, 70, 71, 72, 73, 74, 75, 76, 77, 78, 79, 80, 81, 82, 83, 84, 85, 86, 87, 88, 89, 90, 91, 92, 93, 95, 96, 97, 98, 99, 100, 101, 102, 103, 104, 105, 106, 108, 109, 110, 111, 112, 113, 114, 115, 116, 117, 118, 119, 120, 121, 122, 123, 124, 125, 126, 127, 128, 129, 130, 131, 132, 133, 134, 135, 136, 137, 138, 139, 140, 141, 142, 143, 144, 145, 146, 147, 148, 149, 150, 151, 152, 153, 154, 155, 156, 157, 158, 161, 162, 163, 164, 165, 166, 167, 168, 169, 170, 171, 172, 173, 174]

--- Генерація вершинного покриття (зі списку суміжності) ---
Знайдене максимальне парування (M): {(123, 146), (81, 85), (127, 171), (65, 134), (109, 168), (66, 142), (61, 155), (49, 144), (132, 169), (107, 115), (24, 163), (34, 140), (22, 83), (118, 133), (46, 114), (29, 43), (86, 159), (39, 117), (56, 167), (30, 41), (10, 47), (25, 100), (125, 141), (31, 106), (157, 166), (42, 91), (64, 121), (72, 79), (75, 124), (1, 3), (13, 69), (116, 152), (73, 89), (23, 88), (135, 149), (78, 161), (9, 119), (165, 174), (5, 148), (19, 77), (11, 18), (2, 170), (137, 160), (84, 99), (70, 143), (16, 172), (45, 98), (93, 156), (38, 150), (32, 173), (33, 53), (104, 113), (112, 126), (26, 120), (96, 139), (27, 103), (74, 154), (40, 94), (8, 129), (54, 105), (36, 108), (60, 102), (4, 58), (50, 110), (87, 138), (21, 147), (59, 76), (0, 63), (44, 130), (62, 111), (28, 97), (20, 68), (151, 158), (51, 101), (67, 128), (55, 71), (12, 48), (14, 164), (57, 80), (122, 145), (7, 15), (90, 95), (6, 153), (17, 92), (82, 136)}
Згенероване вершинне покриття (C): [0, 1, 2, 3, 4, 5, 6, 7, 8, 9, 10, 11, 12, 13, 14, 15, 16, 17, 18, 19, 20, 21, 22, 23, 24, 25, 26, 27, 28, 29, 30, 31, 32, 33, 34, 36, 38, 39, 40, 41, 42, 43, 44, 45, 46, 47, 48, 49, 50, 51, 53, 54, 55, 56, 57, 58, 59, 60, 61, 62, 63, 64, 65, 66, 67, 68, 69, 70, 71, 72, 73, 74, 75, 76, 77, 78, 79, 80, 81, 82, 83, 84, 85, 86, 87, 88, 89, 90, 91, 92, 93, 94, 95, 96, 97, 98, 99, 100, 101, 102, 103, 104, 105, 106, 107, 108, 109, 110, 111, 112, 113, 114, 115, 116, 117, 118, 119, 120, 121, 122, 123, 124, 125, 126, 127, 128, 129, 130, 132, 133, 134, 135, 136, 137, 138, 139, 140, 141, 142, 143, 144, 145, 146, 147, 148, 149, 150, 151, 152, 153, 154, 155, 156, 157, 158, 159, 160, 161, 163, 164, 165, 166, 167, 168, 169, 170, 171, 172, 173, 174]

--- Генерація вершинного покриття (зі списку суміжності) ---
Знайдене максимальне парування (M): {(35, 143), (87, 126), (22, 44), (40, 114), (111, 119), (32, 94), (95, 150), (28, 69), (145, 172), (56, 103), (9, 83), (37, 163), (61, 93), (15, 80), (1, 26), (75, 165), (85, 132), (57, 70), (140, 159), (33, 97), (139, 142), (86, 108), (18, 62), (55, 65), (4, 84), (27, 79), (158, 160), (47, 100), (25, 134), (98, 148), (13, 144), (88, 156), (82, 149), (3, 60), (125, 129), (0, 171), (54, 151), (29, 42), (67, 90), (155, 157), (161, 170), (53, 109), (106, 124), (41, 153), (101, 137), (17, 43), (64, 72), (21, 77), (78, 110), (30, 152), (20, 117), (63, 122), (51, 58), (7, 162), (135, 146), (74, 81), (16, 128), (39, 141), (6, 19), (120, 130), (52, 59), (36, 136), (121, 131), (8, 138), (92, 107), (115, 154), (50, 73), (48, 112), (11, 127), (14, 34), (2, 133), (31, 169), (45, 113), (91, 174), (38, 147), (118, 173), (10, 66), (46, 71), (23, 167), (49, 76), (68, 89), (96, 166), (24, 168), (99, 116), (102, 105)}
Згенероване вершинне покриття (C): [0, 1, 2, 3, 4, 6, 7, 8, 9, 10, 11, 13, 14, 15, 16, 17, 18, 19, 20, 21, 22, 23, 24, 25, 26, 27, 28, 29, 30, 31, 32, 33, 34, 35, 36, 37, 38, 39, 40, 41, 42, 43, 44, 45, 46, 47, 48, 49, 50, 51, 52, 53, 54, 55, 56, 57, 58, 59, 60, 61, 62, 63, 64, 65, 66, 67, 68, 69, 70, 71, 72, 73, 74, 75, 76, 77, 78, 79, 80, 81, 82, 83, 84, 85, 86, 87, 88, 89, 90, 91, 92, 93, 94, 95, 96, 97, 98, 99, 100, 101, 102, 103, 105, 106, 107, 108, 109, 110, 111, 112, 113, 114, 115, 116, 117, 118, 119, 120, 121, 122, 124, 125, 126, 127, 128, 129, 130, 131, 132, 133, 134, 135, 136, 137, 138, 139, 140, 141, 142, 143, 144, 145, 146, 147, 148, 149, 150, 151, 152, 153, 154, 155, 156, 157, 158, 159, 160, 161, 162, 163, 165, 166, 167, 168, 169, 170, 171, 172, 173, 174]

--- Генерація вершинного покриття (зі списку суміжності) ---
Знайдене максимальне парування (M): {(131, 159), (26, 94), (52, 113), (56, 138), (55, 148), (102, 153), (58, 150), (49, 126), (69, 104), (9, 99), (67, 70), (133, 143), (10, 127), (60, 76), (46, 123), (84, 171), (7, 122), (77, 174), (87, 130), (73, 158), (31, 51), (13, 21), (72, 79), (14, 65), (40, 157), (37, 85), (97, 108), (30, 100), (64, 132), (45, 128), (19, 109), (50, 136), (118, 151), (78, 115), (17, 105), (6, 22), (139, 146), (106, 124), (42, 88), (119, 173), (16, 142), (25, 90), (5, 169), (20, 23), (57, 161), (29, 154), (144, 165), (4, 81), (89, 149), (53, 168), (125, 163), (54, 75), (24, 43), (68, 110), (83, 129), (32, 120), (35, 116), (91, 145), (28, 141), (11, 134), (3, 41), (48, 155), (117, 166), (39, 63), (93, 107), (74, 103), (38, 92), (62, 86), (12, 82), (98, 170), (44, 114), (71, 162), (0, 1), (47, 167), (66, 147), (140, 160), (27, 112), (15, 156), (18, 152), (164, 172), (33, 61), (59, 80), (36, 96), (2, 137), (95, 121)}
Згенероване вершинне покриття (C): [0, 1, 2, 3, 4, 5, 6, 7, 9, 10, 11, 12, 13, 14, 15, 16, 17, 18, 19, 20, 21, 22, 23, 24, 25, 26, 27, 28, 29, 30, 31, 32, 33, 35, 36, 37, 38, 39, 40, 41, 42, 43, 44, 45, 46, 47, 48, 49, 50, 51, 52, 53, 54, 55, 56, 57, 58, 59, 60, 61, 62, 63, 64, 65, 66, 67, 68, 69, 70, 71, 72, 73, 74, 75, 76, 77, 78, 79, 80, 81, 82, 83, 84, 85, 86, 87, 88, 89, 90, 91, 92, 93, 94, 95, 96, 97, 98, 99, 100, 102, 103, 104, 105, 106, 107, 108, 109, 110, 112, 113, 114, 115, 116, 117, 118, 119, 120, 121, 122, 123, 124, 125, 126, 127, 128, 129, 130, 131, 132, 133, 134, 136, 137, 138, 139, 140, 141, 142, 143, 144, 145, 146, 147, 148, 149, 150, 151, 152, 153, 154, 155, 156, 157, 158, 159, 160, 161, 162, 163, 164, 165, 166, 167, 168, 169, 170, 171, 172, 173, 174]

--- Генерація вершинного покриття (зі списку суміжності) ---
Знайдене максимальне парування (M): {(106, 157), (79, 170), (125, 137), (127, 143), (32, 67), (48, 63), (31, 120), (49, 71), (24, 81), (7, 19), (62, 138), (74, 112), (34, 140), (2, 50), (9, 28), (77, 110), (80, 161), (75, 101), (53, 73), (17, 108), (65, 102), (94, 153), (84, 136), (13, 30), (76, 95), (1, 12), (25, 86), (8, 100), (37, 60), (66, 114), (29, 104), (18, 46), (107, 151), (158, 169), (36, 109), (39, 135), (3, 69), (40, 42), (20, 103), (16, 133), (105, 165), (93, 117), (41, 55), (15, 155), (52, 119), (26, 45), (38, 111), (44, 78), (96, 146), (33, 142), (27, 156), (14, 64), (11, 166), (98, 173), (23, 149), (159, 168), (88, 126), (10, 87), (97, 128), (43, 56), (57, 174), (150, 167), (47, 145), (59, 92), (70, 147), (22, 164), (91, 163), (116, 162), (131, 144), (6, 85), (141, 148), (121, 124), (115, 172), (99, 130), (51, 83), (54, 61), (21, 58), (0, 90), (132, 154), (68, 160), (4, 5), (72, 89), (123, 171), (35, 113)}
Згенероване вершинне покриття (C): [0, 1, 2, 3, 4, 5, 6, 7, 8, 9, 10, 11, 12, 13, 14, 15, 16, 17, 18, 19, 20, 21, 22, 23, 24, 25, 26, 27, 28, 29, 30, 31, 32, 33, 34, 35, 36, 37, 38, 39, 40, 41, 42, 43, 44, 45, 46, 47, 48, 49, 50, 51, 52, 53, 54, 55, 56, 57, 58, 59, 60, 61, 62, 63, 64, 65, 66, 67, 68, 69, 70, 71, 72, 73, 74, 75, 76, 77, 78, 79, 80, 81, 83, 84, 85, 86, 87, 88, 89, 90, 91, 92, 93, 94, 95, 96, 97, 98, 99, 100, 101, 102, 103, 104, 105, 106, 107, 108, 109, 110, 111, 112, 113, 114, 115, 116, 117, 119, 120, 121, 123, 124, 125, 126, 127, 128, 130, 131, 132, 133, 135, 136, 137, 138, 140, 141, 142, 143, 144, 145, 146, 147, 148, 149, 150, 151, 153, 154, 155, 156, 157, 158, 159, 160, 161, 162, 163, 164, 165, 166, 167, 168, 169, 170, 171, 172, 173, 174]

--- Генерація вершинного покриття (зі списку суміжності) ---
Знайдене максимальне парування (M): {(18, 72), (61, 116), (71, 120), (20, 56), (0, 142), (50, 91), (14, 49), (35, 154), (73, 83), (5, 30), (104, 119), (85, 148), (147, 162), (39, 165), (100, 151), (31, 42), (75, 131), (111, 160), (24, 67), (55, 164), (69, 163), (59, 107), (1, 92), (9, 106), (70, 134), (12, 40), (94, 146), (118, 140), (58, 101), (78, 113), (84, 129), (13, 23), (33, 90), (8, 155), (16, 138), (17, 66), (38, 98), (125, 157), (81, 141), (63, 136), (22, 128), (102, 145), (60, 139), (86, 103), (150, 170), (105, 156), (27, 44), (6, 15), (46, 51), (109, 153), (133, 174), (52, 112), (4, 127), (115, 159), (95, 110), (99, 126), (2, 19), (48, 89), (37, 123), (80, 130), (53, 88), (114, 171), (25, 124), (65, 135), (34, 47), (144, 169), (54, 132), (68, 149), (64, 108), (10, 82), (45, 168), (43, 97), (57, 96), (36, 167), (26, 74), (158, 166), (137, 143), (77, 122), (93, 121), (7, 152), (62, 161), (172, 173), (3, 29), (11, 21), (87, 117)}
Згенероване вершинне покриття (C): [0, 1, 2, 3, 4, 5, 6, 7, 8, 9, 10, 11, 12, 13, 14, 15, 16, 17, 18, 19, 20, 21, 22, 23, 24, 25, 26, 27, 29, 30, 31, 33, 34, 35, 36, 37, 38, 39, 40, 42, 43, 44, 45, 46, 47, 48, 49, 50, 51, 52, 53, 54, 55, 56, 57, 58, 59, 60, 61, 62, 63, 64, 65, 66, 67, 68, 69, 70, 71, 72, 73, 74, 75, 77, 78, 80, 81, 82, 83, 84, 85, 86, 87, 88, 89, 90, 91, 92, 93, 94, 95, 96, 97, 98, 99, 100, 101, 102, 103, 104, 105, 106, 107, 108, 109, 110, 111, 112, 113, 114, 115, 116, 117, 118, 119, 120, 121, 122, 123, 124, 125, 126, 127, 128, 129, 130, 131, 132, 133, 134, 135, 136, 137, 138, 139, 140, 141, 142, 143, 144, 145, 146, 147, 148, 149, 150, 151, 152, 153, 154, 155, 156, 157, 158, 159, 160, 161, 162, 163, 164, 165, 166, 167, 168, 169, 170, 171, 172, 173, 174]

--- Генерація вершинного покриття (зі списку суміжності) ---
Знайдене максимальне парування (M): {(113, 172), (8, 82), (14, 150), (114, 127), (22, 53), (67, 116), (1, 143), (35, 99), (56, 76), (156, 163), (18, 165), (75, 147), (132, 144), (42, 89), (7, 122), (24, 138), (51, 164), (29, 36), (19, 68), (78, 93), (148, 154), (5, 117), (84, 111), (60, 153), (13, 151), (125, 173), (28, 48), (17, 57), (2, 38), (11, 50), (20, 83), (92, 133), (32, 112), (128, 162), (49, 52), (80, 85), (27, 79), (61, 81), (55, 168), (158, 169), (26, 141), (63, 72), (137, 149), (66, 70), (47, 120), (58, 62), (4, 15), (33, 124), (64, 157), (44, 69), (16, 126), (88, 142), (34, 171), (74, 152), (21, 97), (96, 130), (65, 105), (145, 159), (77, 134), (115, 170), (106, 167), (121, 131), (98, 129), (45, 102), (54, 59), (43, 95), (31, 139), (90, 100), (87, 174), (94, 161), (30, 103), (23, 73), (107, 109), (118, 136), (39, 166), (3, 91), (9, 86), (123, 135), (6, 71), (10, 41), (101, 104), (110, 146), (46, 119), (0, 12), (37, 40), (108, 155)}
Згенероване вершинне покриття (C): [0, 1, 2, 3, 4, 5, 6, 7, 8, 9, 10, 11, 12, 13, 14, 15, 16, 17, 18, 19, 20, 21, 22, 23, 24, 26, 27, 28, 29, 30, 31, 32, 33, 34, 35, 36, 37, 38, 39, 40, 41, 42, 43, 44, 45, 46, 47, 48, 49, 50, 51, 52, 53, 54, 55, 56, 57, 58, 59, 60, 61, 62, 63, 64, 65, 66, 67, 68, 69, 70, 71, 72, 73, 74, 75, 76, 77, 78, 79, 80, 81, 82, 83, 84, 85, 86, 87, 88, 89, 90, 91, 92, 93, 94, 95, 96, 97, 98, 99, 100, 101, 102, 103, 104, 105, 106, 107, 108, 109, 110, 111, 112, 113, 114, 115, 116, 117, 118, 119, 120, 121, 122, 123, 124, 125, 126, 127, 128, 129, 130, 131, 132, 133, 134, 135, 136, 137, 138, 139, 141, 142, 143, 144, 145, 146, 147, 148, 149, 150, 151, 152, 153, 154, 155, 156, 157, 158, 159, 161, 162, 163, 164, 165, 166, 167, 168, 169, 170, 171, 172, 173, 174]

--- Генерація вершинного покриття (зі списку суміжності) ---
Знайдене максимальне парування (M): {(41, 104), (49, 151), (101, 170), (10, 61), (65, 79), (67, 107), (40, 68), (115, 135), (1, 143), (17, 60), (22, 147), (138, 142), (26, 117), (127, 166), (16, 88), (108, 116), (111, 133), (23, 38), (14, 154), (85, 150), (25, 102), (28, 119), (82, 99), (59, 155), (144, 168), (149, 164), (125, 173), (56, 73), (0, 50), (36, 134), (63, 152), (156, 169), (46, 47), (55, 95), (64, 171), (32, 148), (44, 92), (118, 160), (30, 157), (11, 52), (76, 172), (77, 137), (74, 129), (21, 93), (31, 158), (57, 122), (13, 174), (90, 128), (109, 126), (91, 120), (29, 81), (123, 161), (153, 159), (4, 97), (62, 114), (19, 145), (35, 141), (8, 163), (80, 121), (69, 130), (112, 165), (33, 110), (7, 45), (105, 162), (71, 139), (20, 75), (103, 146), (72, 94), (24, 54), (78, 89), (2, 51), (6, 167), (3, 98), (15, 136), (48, 84), (18, 86), (70, 124), (12, 39), (34, 106), (58, 100), (5, 42), (43, 53), (87, 96), (131, 132), (66, 140), (37, 113)}
Згенероване вершинне покриття (C): [0, 1, 2, 3, 4, 5, 6, 7, 8, 10, 11, 12, 13, 14, 15, 16, 17, 18, 19, 20, 21, 22, 23, 24, 25, 26, 28, 29, 30, 31, 32, 33, 34, 35, 36, 37, 38, 39, 40, 41, 42, 43, 44, 45, 46, 47, 48, 49, 50, 51, 52, 53, 54, 55, 56, 57, 58, 59, 60, 61, 62, 63, 64, 65, 66, 67, 68, 69, 70, 71, 72, 73, 74, 75, 76, 77, 78, 79, 80, 81, 82, 84, 85, 86, 87, 88, 89, 90, 91, 92, 93, 94, 95, 96, 97, 98, 99, 100, 101, 102, 103, 104, 105, 106, 107, 108, 109, 110, 111, 112, 113, 114, 115, 116, 117, 118, 119, 120, 121, 122, 123, 124, 125, 126, 127, 128, 129, 130, 131, 132, 133, 134, 135, 136, 137, 138, 139, 140, 141, 142, 143, 144, 145, 146, 147, 148, 149, 150, 151, 152, 153, 154, 155, 156, 157, 158, 159, 160, 161, 162, 163, 164, 165, 166, 167, 168, 169, 170, 171, 172, 173, 174]

--- Генерація вершинного покриття (зі списку суміжності) ---
Знайдене максимальне парування (M): {(92, 122), (30, 110), (53, 87), (43, 67), (75, 81), (89, 171), (21, 64), (72, 93), (74, 130), (129, 139), (77, 174), (50, 102), (2, 162), (117, 149), (31, 33), (23, 84), (9, 131), (0, 73), (40, 54), (52, 83), (12, 111), (106, 136), (1, 101), (82, 154), (5, 62), (91, 132), (63, 168), (113, 126), (25, 68), (18, 71), (164, 173), (49, 98), (147, 166), (6, 47), (27, 170), (39, 135), (44, 165), (60, 66), (3, 133), (22, 146), (69, 78), (150, 161), (104, 118), (24, 128), (116, 156), (58, 169), (45, 123), (48, 140), (37, 119), (94, 134), (4, 79), (13, 121), (38, 120), (55, 99), (7, 59), (28, 155), (76, 85), (138, 145), (65, 151), (19, 163), (103, 107), (20, 57), (10, 46), (14, 141), (16, 41), (88, 112), (42, 124), (34, 86), (61, 137), (17, 152), (11, 90), (29, 80), (114, 157), (15, 172), (70, 142), (105, 148), (56, 115), (108, 153), (109, 127), (32, 35), (97, 143), (125, 144), (36, 160), (158, 159), (51, 96)}
Згенероване вершинне покриття (C): [0, 1, 2, 3, 4, 5, 6, 7, 9, 10, 11, 12, 13, 14, 15, 16, 17, 18, 19, 20, 21, 22, 23, 24, 25, 27, 28, 29, 30, 31, 32, 33, 34, 35, 36, 37, 38, 39, 40, 41, 42, 43, 44, 45, 46, 47, 48, 49, 50, 51, 52, 53, 54, 55, 56, 57, 58, 59, 60, 61, 62, 63, 64, 65, 66, 67, 68, 69, 70, 71, 72, 73, 74, 75, 76, 77, 78, 79, 80, 81, 82, 83, 84, 85, 86, 87, 88, 89, 90, 91, 92, 93, 94, 96, 97, 98, 99, 101, 102, 103, 104, 105, 106, 107, 108, 109, 110, 111, 112, 113, 114, 115, 116, 117, 118, 119, 120, 121, 122, 123, 124, 125, 126, 127, 128, 129, 130, 131, 132, 133, 134, 135, 136, 137, 138, 139, 140, 141, 142, 143, 144, 145, 146, 147, 148, 149, 150, 151, 152, 153, 154, 155, 156, 157, 158, 159, 160, 161, 162, 163, 164, 165, 166, 168, 169, 170, 171, 172, 173, 174]

--- Генерація вершинного покриття (зі списку суміжності) ---
Знайдене максимальне парування (M): {(7, 17), (30, 46), (4, 128), (26, 39), (165, 173), (33, 63), (101, 115), (18, 108), (64, 105), (50, 164), (65, 100), (29, 34), (47, 155), (60, 94), (16, 134), (24, 37), (121, 162), (156, 174), (120, 154), (41, 74), (14, 44), (140, 150), (66, 146), (5, 53), (22, 69), (45, 80), (103, 170), (151, 152), (48, 99), (43, 112), (109, 158), (13, 126), (12, 106), (97, 119), (0, 25), (3, 51), (8, 166), (23, 145), (15, 52), (116, 147), (19, 86), (11, 91), (56, 68), (35, 130), (123, 133), (110, 172), (36, 168), (129, 161), (71, 89), (57, 163), (32, 54), (143, 159), (98, 136), (1, 84), (79, 171), (10, 62), (125, 138), (95, 167), (28, 77), (135, 148), (27, 142), (2, 122), (102, 117), (31, 75), (49, 90), (81, 88), (40, 96), (21, 92), (42, 78), (82, 132), (137, 141), (38, 83), (87, 131), (55, 153), (127, 139), (73, 113), (59, 160), (20, 61), (76, 93), (104, 149), (107, 111), (70, 144), (58, 157), (67, 169)}
Згенероване вершинне покриття (C): [0, 1, 2, 3, 4, 5, 7, 8, 10, 11, 12, 13, 14, 15, 16, 17, 18, 19, 20, 21, 22, 23, 24, 25, 26, 27, 28, 29, 30, 31, 32, 33, 34, 35, 36, 37, 38, 39, 40, 41, 42, 43, 44, 45, 46, 47, 48, 49, 50, 51, 52, 53, 54, 55, 56, 57, 58, 59, 60, 61, 62, 63, 64, 65, 66, 67, 68, 69, 70, 71, 73, 74, 75, 76, 77, 78, 79, 80, 81, 82, 83, 84, 86, 87, 88, 89, 90, 91, 92, 93, 94, 95, 96, 97, 98, 99, 100, 101, 102, 103, 104, 105, 106, 107, 108, 109, 110, 111, 112, 113, 115, 116, 117, 119, 120, 121, 122, 123, 125, 126, 127, 128, 129, 130, 131, 132, 133, 134, 135, 136, 137, 138, 139, 140, 141, 142, 143, 144, 145, 146, 147, 148, 149, 150, 151, 152, 153, 154, 155, 156, 157, 158, 159, 160, 161, 162, 163, 164, 165, 166, 167, 168, 169, 170, 171, 172, 173, 174]

Середній час виконання: 0.0005491638 секунд
