
--- Генерація вершинного покриття (зі списку суміжності) ---
Знайдене максимальне парування (M): {(113, 145), (59, 61), (102, 120), (50, 52), (100, 126), (91, 123), (76, 110), (82, 90), (40, 96), (4, 70), (37, 134), (77, 87), (133, 147), (32, 64), (26, 112), (14, 86), (5, 19), (30, 149), (2, 78), (17, 36), (43, 146), (42, 148), (21, 125), (6, 130), (16, 80), (11, 29), (54, 58), (27, 49), (75, 97), (73, 141), (103, 142), (55, 68), (20, 25), (45, 131), (57, 108), (72, 128), (83, 136), (9, 65), (124, 143), (85, 127), (15, 56), (24, 117), (18, 107), (35, 62), (3, 88), (22, 34), (38, 119), (41, 84), (1, 66), (46, 71), (47, 111), (89, 118), (115, 137), (10, 31), (114, 144), (12, 63), (0, 98), (92, 129), (51, 109), (23, 81), (39, 95), (105, 132), (28, 135), (13, 116), (44, 79), (101, 122), (67, 93), (53, 106), (8, 138), (69, 99), (7, 60), (121, 140), (33, 94), (104, 139)}
Згенероване вершинне покриття (C): [0, 1, 2, 3, 4, 5, 6, 7, 8, 9, 10, 11, 12, 13, 14, 15, 16, 17, 18, 19, 20, 21, 22, 23, 24, 25, 26, 27, 28, 29, 30, 31, 32, 33, 34, 35, 36, 37, 38, 39, 40, 41, 42, 43, 44, 45, 46, 47, 49, 50, 51, 52, 53, 54, 55, 56, 57, 58, 59, 60, 61, 62, 63, 64, 65, 66, 67, 68, 69, 70, 71, 72, 73, 75, 76, 77, 78, 79, 80, 81, 82, 83, 84, 85, 86, 87, 88, 89, 90, 91, 92, 93, 94, 95, 96, 97, 98, 99, 100, 101, 102, 103, 104, 105, 106, 107, 108, 109, 110, 111, 112, 113, 114, 115, 116, 117, 118, 119, 120, 121, 122, 123, 124, 125, 126, 127, 128, 129, 130, 131, 132, 133, 134, 135, 136, 137, 138, 139, 140, 141, 142, 143, 144, 145, 146, 147, 148, 149]

--- Генерація вершинного покриття (зі списку суміжності) ---
Знайдене максимальне парування (M): {(1, 101), (38, 93), (36, 71), (29, 148), (89, 144), (0, 121), (17, 137), (32, 70), (75, 142), (48, 60), (68, 136), (22, 53), (87, 116), (4, 42), (63, 128), (77, 111), (19, 34), (114, 139), (21, 122), (54, 67), (15, 20), (39, 78), (40, 138), (95, 141), (120, 134), (94, 118), (43, 45), (59, 130), (23, 82), (9, 117), (10, 47), (96, 124), (25, 110), (100, 146), (58, 76), (30, 69), (88, 123), (55, 98), (5, 140), (66, 132), (52, 84), (57, 126), (12, 103), (35, 135), (56, 109), (11, 28), (13, 83), (27, 106), (8, 44), (97, 131), (14, 112), (46, 147), (41, 50), (16, 91), (73, 85), (26, 37), (61, 62), (24, 49), (125, 129), (51, 115), (64, 149), (133, 145), (7, 33), (6, 86), (72, 107), (81, 119), (2, 3), (65, 80), (90, 143), (102, 108), (31, 127), (92, 113)}
Згенероване вершинне покриття (C): [0, 1, 2, 3, 4, 5, 6, 7, 8, 9, 10, 11, 12, 13, 14, 15, 16, 17, 19, 20, 21, 22, 23, 24, 25, 26, 27, 28, 29, 30, 31, 32, 33, 34, 35, 36, 37, 38, 39, 40, 41, 42, 43, 44, 45, 46, 47, 48, 49, 50, 51, 52, 53, 54, 55, 56, 57, 58, 59, 60, 61, 62, 63, 64, 65, 66, 67, 68, 69, 70, 71, 72, 73, 75, 76, 77, 78, 80, 81, 82, 83, 84, 85, 86, 87, 88, 89, 90, 91, 92, 93, 94, 95, 96, 97, 98, 100, 101, 102, 103, 106, 107, 108, 109, 110, 111, 112, 113, 114, 115, 116, 117, 118, 119, 120, 121, 122, 123, 124, 125, 126, 127, 128, 129, 130, 131, 132, 133, 134, 135, 136, 137, 138, 139, 140, 141, 142, 143, 144, 145, 146, 147, 148, 149]

--- Генерація вершинного покриття (зі списку суміжності) ---
Знайдене максимальне парування (M): {(13, 149), (59, 116), (137, 145), (1, 37), (120, 135), (41, 52), (5, 123), (82, 93), (40, 96), (55, 133), (89, 138), (134, 146), (77, 148), (12, 101), (88, 130), (25, 139), (9, 17), (27, 38), (26, 124), (49, 65), (23, 46), (2, 78), (7, 126), (117, 129), (39, 75), (29, 141), (56, 125), (24, 35), (99, 105), (15, 84), (83, 112), (8, 63), (76, 109), (44, 114), (30, 66), (3, 21), (91, 143), (28, 72), (18, 43), (53, 95), (51, 128), (20, 34), (64, 104), (98, 136), (33, 74), (36, 97), (11, 19), (115, 119), (122, 127), (86, 110), (69, 100), (132, 144), (102, 106), (14, 48), (57, 147), (31, 131), (73, 79), (10, 108), (42, 61), (4, 16), (70, 71), (103, 107), (0, 58), (47, 81), (67, 90), (60, 87), (54, 111), (32, 80), (62, 121), (45, 50), (85, 92), (68, 140), (22, 118)}
Згенероване вершинне покриття (C): [0, 1, 2, 3, 4, 5, 7, 8, 9, 10, 11, 12, 13, 14, 15, 16, 17, 18, 19, 20, 21, 22, 23, 24, 25, 26, 27, 28, 29, 30, 31, 32, 33, 34, 35, 36, 37, 38, 39, 40, 41, 42, 43, 44, 45, 46, 47, 48, 49, 50, 51, 52, 53, 54, 55, 56, 57, 58, 59, 60, 61, 62, 63, 64, 65, 66, 67, 68, 69, 70, 71, 72, 73, 74, 75, 76, 77, 78, 79, 80, 81, 82, 83, 84, 85, 86, 87, 88, 89, 90, 91, 92, 93, 95, 96, 97, 98, 99, 100, 101, 102, 103, 104, 105, 106, 107, 108, 109, 110, 111, 112, 114, 115, 116, 117, 118, 119, 120, 121, 122, 123, 124, 125, 126, 127, 128, 129, 130, 131, 132, 133, 134, 135, 136, 137, 138, 139, 140, 141, 143, 144, 145, 146, 147, 148, 149]

--- Генерація вершинного покриття (зі списку суміжності) ---
Знайдене максимальне парування (M): {(93, 102), (35, 149), (0, 42), (2, 143), (37, 119), (32, 46), (97, 130), (87, 135), (50, 113), (33, 109), (86, 142), (21, 141), (110, 139), (7, 38), (99, 124), (49, 105), (30, 73), (26, 48), (54, 98), (40, 56), (60, 89), (131, 140), (80, 95), (4, 100), (129, 146), (66, 85), (19, 27), (103, 127), (57, 81), (31, 68), (9, 47), (72, 133), (64, 132), (18, 77), (117, 144), (29, 147), (6, 145), (74, 112), (59, 75), (1, 106), (8, 115), (126, 134), (45, 91), (10, 69), (16, 58), (34, 51), (76, 84), (62, 125), (53, 116), (15, 138), (55, 67), (88, 101), (96, 108), (71, 94), (20, 82), (12, 78), (52, 65), (118, 120), (25, 121), (3, 90), (17, 22), (39, 107), (5, 148), (114, 122), (23, 41), (28, 92), (79, 128), (11, 70), (63, 123), (43, 83), (14, 111), (61, 104), (13, 24)}
Згенероване вершинне покриття (C): [0, 1, 2, 3, 4, 5, 6, 7, 8, 9, 10, 11, 12, 13, 14, 15, 16, 17, 18, 19, 20, 21, 22, 23, 24, 25, 26, 27, 28, 29, 30, 31, 32, 33, 34, 35, 37, 38, 39, 40, 41, 42, 43, 45, 46, 47, 48, 49, 50, 51, 52, 53, 54, 55, 56, 57, 58, 59, 60, 61, 62, 63, 64, 65, 66, 67, 68, 69, 70, 71, 72, 73, 74, 75, 76, 77, 78, 79, 80, 81, 82, 83, 84, 85, 86, 87, 88, 89, 90, 91, 92, 93, 94, 95, 96, 97, 98, 99, 100, 101, 102, 103, 104, 105, 106, 107, 108, 109, 110, 111, 112, 113, 114, 115, 116, 117, 118, 119, 120, 121, 122, 123, 124, 125, 126, 127, 128, 129, 130, 131, 132, 133, 134, 135, 138, 139, 140, 141, 142, 143, 144, 145, 146, 147, 148, 149]

--- Генерація вершинного покриття (зі списку суміжності) ---
Знайдене максимальне парування (M): {(27, 53), (25, 38), (18, 26), (10, 49), (21, 144), (98, 110), (6, 143), (14, 77), (99, 100), (20, 32), (29, 81), (17, 67), (94, 134), (73, 90), (107, 131), (135, 141), (69, 74), (89, 92), (34, 37), (4, 82), (45, 95), (41, 140), (8, 85), (103, 121), (48, 72), (23, 113), (104, 129), (68, 78), (42, 96), (30, 106), (39, 84), (62, 138), (5, 55), (109, 137), (111, 128), (93, 126), (13, 108), (15, 102), (52, 127), (50, 75), (19, 124), (66, 117), (105, 136), (116, 133), (46, 59), (44, 123), (36, 149), (56, 97), (51, 146), (122, 139), (65, 145), (64, 125), (12, 60), (57, 147), (24, 101), (87, 142), (118, 120), (11, 61), (28, 80), (58, 148), (16, 112), (0, 9), (7, 54), (3, 35), (43, 71), (63, 114), (33, 76), (31, 115), (79, 119), (2, 70), (83, 86), (88, 91), (1, 22)}
Згенероване вершинне покриття (C): [0, 1, 2, 3, 4, 5, 6, 7, 8, 9, 10, 11, 12, 13, 14, 15, 16, 17, 18, 19, 20, 21, 22, 23, 24, 25, 26, 27, 28, 29, 30, 31, 32, 33, 34, 35, 36, 37, 38, 39, 41, 42, 43, 44, 45, 46, 48, 49, 50, 51, 52, 53, 54, 55, 56, 57, 58, 59, 60, 61, 62, 63, 64, 65, 66, 67, 68, 69, 70, 71, 72, 73, 74, 75, 76, 77, 78, 79, 80, 81, 82, 83, 84, 85, 86, 87, 88, 89, 90, 91, 92, 93, 94, 95, 96, 97, 98, 99, 100, 101, 102, 103, 104, 105, 106, 107, 108, 109, 110, 111, 112, 113, 114, 115, 116, 117, 118, 119, 120, 121, 122, 123, 124, 125, 126, 127, 128, 129, 131, 133, 134, 135, 136, 137, 138, 139, 140, 141, 142, 143, 144, 145, 146, 147, 148, 149]

--- Генерація вершинного покриття (зі списку суміжності) ---
Знайдене максимальне парування (M): {(16, 142), (35, 143), (2, 94), (51, 102), (8, 49), (20, 133), (6, 30), (13, 39), (10, 113), (31, 87), (77, 84), (3, 50), (91, 141), (79, 109), (101, 127), (32, 131), (36, 95), (83, 97), (68, 81), (66, 90), (15, 78), (71, 74), (28, 104), (85, 100), (4, 121), (26, 67), (40, 147), (45, 137), (42, 59), (86, 144), (125, 136), (23, 146), (27, 119), (5, 44), (61, 139), (106, 110), (55, 98), (48, 120), (0, 129), (72, 117), (80, 88), (132, 138), (52, 145), (34, 103), (82, 128), (62, 64), (123, 135), (17, 99), (33, 92), (56, 63), (18, 76), (54, 69), (1, 29), (19, 41), (58, 60), (14, 124), (37, 65), (73, 149), (43, 111), (107, 126), (89, 148), (9, 12), (25, 115), (46, 122), (38, 112), (47, 96), (114, 116), (21, 108), (11, 24), (53, 57), (7, 130), (93, 105), (22, 118)}
Згенероване вершинне покриття (C): [0, 1, 2, 3, 4, 5, 6, 7, 8, 9, 10, 11, 12, 13, 14, 15, 16, 17, 18, 19, 20, 21, 22, 23, 24, 25, 26, 27, 28, 29, 30, 31, 32, 33, 34, 35, 36, 37, 38, 39, 40, 41, 42, 43, 44, 45, 46, 47, 48, 49, 50, 51, 52, 53, 54, 55, 56, 57, 58, 59, 60, 61, 62, 63, 64, 65, 66, 67, 68, 69, 71, 72, 73, 74, 76, 77, 78, 79, 80, 81, 82, 83, 84, 85, 86, 87, 88, 89, 90, 91, 92, 93, 94, 95, 96, 97, 98, 99, 100, 101, 102, 103, 104, 105, 106, 107, 108, 109, 110, 111, 112, 113, 114, 115, 116, 117, 118, 119, 120, 121, 122, 123, 124, 125, 126, 127, 128, 129, 130, 131, 132, 133, 135, 136, 137, 138, 139, 141, 142, 143, 144, 145, 146, 147, 148, 149]

--- Генерація вершинного покриття (зі списку суміжності) ---
Знайдене максимальне парування (M): {(77, 124), (71, 145), (62, 142), (15, 94), (110, 130), (1, 16), (34, 74), (56, 135), (35, 100), (42, 121), (17, 125), (99, 112), (97, 148), (2, 45), (7, 102), (85, 128), (82, 133), (31, 108), (21, 49), (107, 137), (24, 66), (51, 144), (68, 136), (14, 40), (20, 120), (53, 114), (11, 29), (54, 67), (26, 81), (3, 119), (8, 48), (50, 57), (12, 131), (60, 61), (64, 138), (88, 105), (139, 147), (111, 143), (5, 134), (89, 91), (76, 127), (55, 98), (0, 126), (78, 103), (123, 129), (22, 46), (25, 70), (28, 32), (90, 141), (19, 38), (33, 101), (47, 118), (116, 117), (75, 122), (95, 149), (27, 72), (41, 59), (69, 84), (73, 106), (10, 65), (39, 113), (58, 96), (6, 52), (30, 83), (23, 44), (18, 115), (4, 104), (86, 109), (43, 80), (132, 140), (9, 79), (13, 146)}
Згенероване вершинне покриття (C): [0, 1, 2, 3, 4, 5, 6, 7, 8, 9, 10, 11, 12, 13, 14, 15, 16, 17, 18, 19, 20, 21, 22, 23, 24, 25, 26, 27, 28, 29, 30, 31, 32, 33, 34, 35, 38, 39, 40, 41, 42, 43, 44, 45, 46, 47, 48, 49, 50, 51, 52, 53, 54, 55, 56, 57, 58, 59, 60, 61, 62, 64, 65, 66, 67, 68, 69, 70, 71, 72, 73, 74, 75, 76, 77, 78, 79, 80, 81, 82, 83, 84, 85, 86, 88, 89, 90, 91, 94, 95, 96, 97, 98, 99, 100, 101, 102, 103, 104, 105, 106, 107, 108, 109, 110, 111, 112, 113, 114, 115, 116, 117, 118, 119, 120, 121, 122, 123, 124, 125, 126, 127, 128, 129, 130, 131, 132, 133, 134, 135, 136, 137, 138, 139, 140, 141, 142, 143, 144, 145, 146, 147, 148, 149]

--- Генерація вершинного покриття (зі списку суміжності) ---
Знайдене максимальне парування (M): {(22, 60), (8, 49), (46, 97), (85, 113), (59, 70), (24, 36), (77, 115), (76, 107), (16, 96), (23, 83), (40, 99), (6, 100), (95, 108), (64, 102), (9, 81), (122, 125), (7, 117), (52, 149), (71, 126), (72, 121), (62, 129), (65, 140), (26, 69), (43, 88), (90, 148), (39, 75), (101, 145), (82, 147), (34, 67), (35, 38), (56, 73), (27, 119), (30, 57), (133, 143), (44, 53), (66, 120), (21, 33), (42, 123), (5, 137), (54, 91), (45, 94), (118, 130), (28, 142), (84, 110), (11, 80), (51, 146), (109, 112), (104, 134), (20, 55), (41, 93), (31, 128), (50, 111), (89, 127), (3, 63), (98, 105), (47, 124), (92, 132), (12, 136), (14, 139), (37, 138), (58, 78), (61, 135), (19, 141), (29, 48), (1, 68), (103, 116), (10, 74), (0, 18), (13, 15), (131, 144), (25, 87), (32, 86)}
Згенероване вершинне покриття (C): [0, 1, 3, 5, 6, 7, 8, 9, 10, 11, 12, 13, 14, 15, 16, 18, 19, 20, 21, 22, 23, 24, 25, 26, 27, 28, 29, 30, 31, 32, 33, 34, 35, 36, 37, 38, 39, 40, 41, 42, 43, 44, 45, 46, 47, 48, 49, 50, 51, 52, 53, 54, 55, 56, 57, 58, 59, 60, 61, 62, 63, 64, 65, 66, 67, 68, 69, 70, 71, 72, 73, 74, 75, 76, 77, 78, 80, 81, 82, 83, 84, 85, 86, 87, 88, 89, 90, 91, 92, 93, 94, 95, 96, 97, 98, 99, 100, 101, 102, 103, 104, 105, 107, 108, 109, 110, 111, 112, 113, 115, 116, 117, 118, 119, 120, 121, 122, 123, 124, 125, 126, 127, 128, 129, 130, 131, 132, 133, 134, 135, 136, 137, 138, 139, 140, 141, 142, 143, 144, 145, 146, 147, 148, 149]

--- Генерація вершинного покриття (зі списку суміжності) ---
Знайдене максимальне парування (M): {(117, 130), (18, 78), (17, 46), (23, 68), (115, 142), (15, 94), (32, 104), (79, 103), (29, 84), (11, 112), (43, 52), (9, 121), (2, 118), (61, 137), (14, 22), (59, 143), (88, 124), (38, 120), (62, 123), (49, 74), (45, 122), (90, 148), (47, 113), (6, 20), (87, 128), (75, 99), (55, 129), (5, 110), (7, 83), (82, 92), (58, 125), (91, 131), (40, 86), (71, 101), (3, 70), (63, 97), (26, 41), (133, 140), (51, 64), (53, 98), (67, 149), (21, 146), (35, 105), (57, 65), (42, 135), (16, 119), (12, 106), (1, 136), (13, 80), (76, 81), (0, 25), (54, 60), (24, 89), (8, 44), (33, 95), (27, 109), (72, 141), (50, 114), (36, 127), (4, 126), (96, 111), (37, 132), (10, 56), (102, 139), (77, 85), (107, 138), (66, 134), (30, 144), (39, 116), (69, 93), (100, 108), (28, 31), (48, 73), (19, 34)}
Згенероване вершинне покриття (C): [0, 1, 2, 3, 4, 5, 6, 7, 8, 9, 10, 11, 12, 13, 14, 15, 16, 17, 18, 19, 20, 21, 22, 23, 24, 25, 26, 27, 28, 29, 30, 31, 32, 33, 34, 35, 36, 37, 38, 39, 40, 41, 42, 43, 44, 45, 46, 47, 48, 49, 50, 51, 52, 53, 54, 55, 56, 57, 58, 59, 60, 61, 62, 63, 64, 65, 66, 67, 68, 69, 70, 71, 72, 73, 74, 75, 76, 77, 78, 79, 80, 81, 82, 83, 84, 85, 86, 87, 88, 89, 90, 91, 92, 93, 94, 95, 96, 97, 98, 99, 100, 101, 102, 103, 104, 105, 106, 107, 108, 109, 110, 111, 112, 113, 114, 115, 116, 117, 118, 119, 120, 121, 122, 123, 124, 125, 126, 127, 128, 129, 130, 131, 132, 133, 134, 135, 136, 137, 138, 139, 140, 141, 142, 143, 144, 146, 148, 149]

--- Генерація вершинного покриття (зі списку суміжності) ---
Знайдене максимальне парування (M): {(1, 147), (117, 136), (20, 130), (68, 94), (100, 123), (47, 65), (50, 116), (52, 107), (101, 103), (15, 91), (36, 71), (74, 119), (17, 131), (42, 63), (10, 125), (80, 144), (4, 82), (51, 138), (92, 143), (44, 69), (6, 48), (27, 83), (32, 73), (19, 146), (109, 113), (31, 53), (40, 126), (35, 81), (5, 104), (72, 75), (29, 141), (120, 128), (114, 142), (33, 96), (9, 41), (111, 134), (58, 137), (85, 127), (11, 62), (34, 88), (3, 79), (86, 95), (105, 139), (46, 59), (30, 78), (21, 45), (12, 106), (38, 122), (76, 84), (61, 93), (98, 148), (13, 77), (0, 25), (24, 28), (14, 112), (8, 102), (67, 121), (60, 115), (23, 133), (26, 37), (57, 110), (22, 140), (97, 149), (56, 145), (70, 89), (49, 54), (87, 108), (7, 118), (43, 135), (16, 124), (2, 18), (39, 64)}
Згенероване вершинне покриття (C): [0, 1, 2, 3, 4, 5, 6, 7, 8, 9, 10, 11, 12, 13, 14, 15, 16, 17, 18, 19, 20, 21, 22, 23, 24, 25, 26, 27, 28, 29, 30, 31, 32, 33, 34, 35, 36, 37, 38, 39, 40, 41, 42, 43, 44, 45, 46, 47, 48, 49, 50, 51, 52, 53, 54, 56, 57, 58, 59, 60, 61, 62, 63, 64, 65, 67, 68, 69, 70, 71, 72, 73, 74, 75, 76, 77, 78, 79, 80, 81, 82, 83, 84, 85, 86, 87, 88, 89, 91, 92, 93, 94, 95, 96, 97, 98, 100, 101, 102, 103, 104, 105, 106, 107, 108, 109, 110, 111, 112, 113, 114, 115, 116, 117, 118, 119, 120, 121, 122, 123, 124, 125, 126, 127, 128, 130, 131, 133, 134, 135, 136, 137, 138, 139, 140, 141, 142, 143, 144, 145, 146, 147, 148, 149]

--- Генерація вершинного покриття (зі списку суміжності) ---
Знайдене максимальне парування (M): {(69, 114), (6, 79), (29, 87), (54, 80), (93, 120), (98, 110), (31, 148), (55, 139), (59, 73), (8, 119), (14, 74), (47, 141), (62, 99), (18, 130), (82, 105), (45, 86), (39, 42), (112, 115), (37, 88), (12, 34), (102, 147), (122, 128), (61, 85), (65, 70), (64, 111), (50, 97), (32, 91), (21, 58), (35, 145), (100, 125), (15, 26), (17, 51), (33, 108), (1, 36), (25, 104), (133, 134), (5, 9), (43, 118), (23, 143), (30, 124), (10, 127), (76, 121), (11, 126), (28, 142), (2, 4), (7, 107), (41, 81), (132, 135), (83, 96), (103, 129), (44, 77), (22, 113), (16, 131), (56, 106), (46, 144), (136, 138), (27, 48), (20, 137), (116, 123), (19, 117), (24, 49), (72, 95), (52, 68), (89, 90), (66, 67), (84, 109), (63, 71), (40, 57), (3, 38), (92, 101), (75, 94), (13, 140), (0, 146), (53, 60)}
Згенероване вершинне покриття (C): [0, 1, 2, 3, 4, 5, 6, 7, 8, 9, 10, 11, 12, 13, 14, 15, 16, 17, 18, 19, 20, 21, 22, 23, 24, 25, 26, 27, 28, 29, 30, 31, 32, 33, 34, 35, 36, 37, 38, 39, 40, 41, 42, 43, 44, 45, 46, 47, 48, 49, 50, 51, 52, 53, 54, 55, 56, 57, 58, 59, 60, 61, 62, 63, 64, 65, 66, 67, 68, 69, 70, 71, 72, 73, 74, 75, 76, 77, 79, 80, 81, 82, 83, 84, 85, 86, 87, 88, 89, 90, 91, 92, 93, 94, 95, 96, 97, 98, 99, 100, 101, 102, 103, 104, 105, 106, 107, 108, 109, 110, 111, 112, 113, 114, 115, 116, 117, 118, 119, 120, 121, 122, 123, 124, 125, 126, 127, 128, 129, 130, 131, 132, 133, 134, 135, 136, 137, 138, 139, 140, 141, 142, 143, 144, 145, 146, 147, 148]

--- Генерація вершинного покриття (зі списку суміжності) ---
Знайдене максимальне парування (M): {(72, 134), (6, 21), (36, 65), (38, 148), (4, 67), (77, 81), (60, 138), (18, 47), (51, 71), (27, 144), (26, 63), (80, 98), (20, 105), (42, 87), (48, 57), (121, 139), (53, 117), (56, 113), (76, 85), (28, 100), (62, 126), (54, 64), (49, 129), (7, 135), (33, 93), (69, 110), (29, 74), (17, 45), (66, 99), (5, 116), (83, 118), (55, 132), (13, 23), (24, 102), (61, 127), (44, 120), (82, 104), (124, 137), (8, 130), (2, 114), (89, 94), (43, 75), (25, 128), (14, 39), (37, 109), (31, 125), (19, 108), (30, 95), (145, 147), (16, 88), (119, 140), (41, 111), (115, 149), (22, 143), (10, 50), (12, 142), (34, 136), (91, 133), (40, 103), (92, 141), (11, 58), (84, 97), (9, 131), (79, 122), (78, 90), (73, 106), (15, 52), (1, 68), (3, 35), (86, 112), (70, 101), (59, 107), (0, 146)}
Згенероване вершинне покриття (C): [0, 1, 2, 3, 4, 5, 6, 7, 8, 9, 10, 11, 12, 13, 14, 15, 16, 17, 18, 19, 20, 21, 22, 23, 24, 25, 26, 27, 28, 29, 30, 31, 33, 34, 35, 36, 37, 38, 39, 40, 41, 42, 43, 44, 45, 47, 48, 49, 50, 51, 52, 53, 54, 55, 56, 57, 58, 59, 60, 61, 62, 63, 64, 65, 66, 67, 68, 69, 70, 71, 72, 73, 74, 75, 76, 77, 78, 79, 80, 81, 82, 83, 84, 85, 86, 87, 88, 89, 90, 91, 92, 93, 94, 95, 97, 98, 99, 100, 101, 102, 103, 104, 105, 106, 107, 108, 109, 110, 111, 112, 113, 114, 115, 116, 117, 118, 119, 120, 121, 122, 124, 125, 126, 127, 128, 129, 130, 131, 132, 133, 134, 135, 136, 137, 138, 139, 140, 141, 142, 143, 144, 145, 146, 147, 148, 149]

--- Генерація вершинного покриття (зі списку суміжності) ---
Знайдене максимальне парування (M): {(94, 110), (81, 146), (40, 136), (18, 142), (33, 106), (4, 64), (124, 126), (54, 138), (41, 61), (36, 141), (105, 128), (95, 99), (13, 112), (57, 115), (113, 120), (5, 19), (7, 111), (31, 44), (39, 109), (129, 137), (23, 104), (63, 119), (9, 90), (6, 127), (20, 59), (85, 88), (11, 148), (114, 139), (116, 121), (58, 131), (10, 118), (16, 43), (78, 91), (51, 67), (24, 53), (38, 49), (22, 98), (3, 30), (74, 84), (56, 100), (42, 144), (66, 80), (71, 134), (52, 96), (26, 77), (8, 32), (55, 122), (46, 89), (101, 147), (62, 76), (12, 133), (97, 143), (25, 45), (37, 65), (69, 130), (2, 107), (28, 132), (27, 72), (14, 17), (73, 103), (108, 125), (135, 145), (21, 102), (29, 48), (1, 68), (35, 70), (50, 86), (83, 92), (0, 140), (75, 149), (34, 47), (87, 117), (15, 82)}
Згенероване вершинне покриття (C): [0, 1, 2, 3, 4, 5, 6, 7, 8, 9, 10, 11, 12, 13, 14, 15, 16, 17, 18, 19, 20, 21, 22, 23, 24, 25, 26, 27, 28, 29, 30, 31, 32, 33, 34, 35, 36, 37, 38, 39, 40, 41, 42, 43, 44, 45, 46, 47, 48, 49, 50, 51, 52, 53, 54, 55, 56, 57, 58, 59, 61, 62, 63, 64, 65, 66, 67, 68, 69, 70, 71, 72, 73, 74, 75, 76, 77, 78, 80, 81, 82, 83, 84, 85, 86, 87, 88, 89, 90, 91, 92, 94, 95, 96, 97, 98, 99, 100, 101, 102, 103, 104, 105, 106, 107, 108, 109, 110, 111, 112, 113, 114, 115, 116, 117, 118, 119, 120, 121, 122, 124, 125, 126, 127, 128, 129, 130, 131, 132, 133, 134, 135, 136, 137, 138, 139, 140, 141, 142, 143, 144, 145, 146, 147, 148, 149]

--- Генерація вершинного покриття (зі списку суміжності) ---
Знайдене максимальне парування (M): {(33, 97), (26, 76), (12, 71), (36, 129), (106, 145), (30, 61), (119, 142), (60, 62), (135, 138), (91, 132), (64, 90), (77, 148), (7, 102), (23, 83), (15, 115), (20, 29), (11, 14), (37, 100), (38, 65), (86, 114), (28, 42), (3, 113), (27, 43), (5, 46), (69, 116), (45, 70), (50, 54), (122, 149), (78, 128), (68, 99), (57, 93), (120, 137), (59, 66), (18, 31), (109, 146), (88, 117), (49, 101), (124, 140), (84, 147), (22, 80), (4, 81), (118, 136), (21, 39), (17, 87), (75, 141), (52, 139), (6, 56), (44, 126), (40, 55), (85, 92), (16, 131), (25, 79), (74, 96), (0, 98), (58, 63), (47, 127), (111, 130), (32, 105), (41, 53), (94, 123), (2, 107), (9, 73), (51, 72), (35, 125), (104, 121), (89, 108), (10, 144), (110, 112), (48, 67), (1, 19), (103, 134), (82, 133), (8, 34), (13, 24)}
Згенероване вершинне покриття (C): [0, 1, 2, 3, 4, 5, 6, 7, 8, 9, 10, 11, 12, 13, 14, 15, 16, 17, 18, 19, 20, 21, 22, 23, 24, 25, 26, 27, 28, 29, 30, 31, 32, 33, 34, 35, 36, 37, 38, 39, 40, 41, 42, 43, 44, 45, 46, 47, 48, 49, 50, 51, 52, 53, 54, 55, 56, 57, 58, 59, 60, 61, 62, 63, 64, 65, 66, 67, 68, 69, 70, 71, 72, 73, 74, 75, 76, 77, 78, 79, 80, 81, 82, 83, 84, 85, 86, 87, 88, 89, 90, 91, 92, 93, 94, 96, 97, 98, 99, 100, 101, 102, 103, 104, 105, 106, 107, 108, 109, 110, 111, 112, 113, 114, 115, 116, 117, 118, 119, 120, 121, 122, 123, 124, 125, 126, 127, 128, 129, 130, 131, 132, 133, 134, 135, 136, 137, 138, 139, 140, 141, 142, 144, 145, 146, 147, 148, 149]

--- Генерація вершинного покриття (зі списку суміжності) ---
Знайдене максимальне парування (M): {(51, 105), (12, 123), (64, 136), (17, 110), (41, 113), (0, 103), (6, 85), (9, 115), (19, 67), (1, 122), (21, 104), (108, 139), (36, 37), (76, 79), (39, 60), (50, 88), (132, 145), (5, 98), (84, 126), (28, 109), (38, 83), (29, 74), (22, 62), (26, 32), (23, 73), (80, 125), (128, 144), (42, 114), (4, 133), (3, 131), (116, 121), (100, 137), (43, 118), (119, 147), (10, 57), (2, 111), (63, 106), (13, 59), (35, 120), (40, 46), (130, 141), (33, 129), (66, 77), (8, 87), (24, 65), (148, 149), (70, 102), (20, 55), (25, 134), (27, 97), (71, 140), (68, 86), (94, 117), (18, 146), (44, 56), (11, 52), (78, 81), (90, 107), (49, 54), (124, 142), (48, 58), (14, 96), (31, 45), (7, 112), (47, 99), (69, 93), (75, 143), (30, 92), (95, 127), (16, 72), (34, 53)}
Згенероване вершинне покриття (C): [0, 1, 2, 3, 4, 5, 6, 7, 8, 9, 10, 11, 12, 13, 14, 16, 17, 18, 19, 20, 21, 22, 23, 24, 25, 26, 27, 28, 29, 30, 31, 32, 33, 34, 35, 36, 37, 38, 39, 40, 41, 42, 43, 44, 45, 46, 47, 48, 49, 50, 51, 52, 53, 54, 55, 56, 57, 58, 59, 60, 62, 63, 64, 65, 66, 67, 68, 69, 70, 71, 72, 73, 74, 75, 76, 77, 78, 79, 80, 81, 83, 84, 85, 86, 87, 88, 90, 92, 93, 94, 95, 96, 97, 98, 99, 100, 102, 103, 104, 105, 106, 107, 108, 109, 110, 111, 112, 113, 114, 115, 116, 117, 118, 119, 120, 121, 122, 123, 124, 125, 126, 127, 128, 129, 130, 131, 132, 133, 134, 136, 137, 139, 140, 141, 142, 143, 144, 145, 146, 147, 148, 149]

--- Генерація вершинного покриття (зі списку суміжності) ---
Знайдене максимальне парування (M): {(11, 36), (46, 88), (58, 114), (13, 97), (6, 85), (51, 111), (21, 77), (14, 65), (5, 68), (55, 78), (0, 118), (56, 144), (20, 96), (8, 122), (34, 147), (59, 146), (17, 82), (22, 29), (32, 70), (66, 75), (10, 18), (63, 125), (12, 52), (25, 86), (53, 60), (27, 35), (4, 115), (62, 141), (95, 138), (9, 108), (92, 124), (94, 121), (50, 127), (49, 101), (43, 109), (57, 105), (3, 15), (87, 149), (42, 126), (91, 137), (2, 123), (37, 99), (19, 84), (69, 100), (76, 93), (113, 143), (64, 67), (89, 130), (54, 136), (81, 98), (107, 120), (133, 145), (45, 142), (74, 129), (103, 104), (7, 106), (31, 39), (80, 148), (44, 119), (28, 83), (41, 135), (71, 112), (48, 61), (90, 131), (1, 132), (24, 73), (72, 116), (33, 140), (79, 128), (26, 134), (16, 23), (38, 139), (47, 117)}
Згенероване вершинне покриття (C): [0, 1, 2, 3, 4, 5, 6, 7, 8, 9, 10, 11, 12, 13, 14, 15, 16, 17, 18, 19, 20, 21, 22, 23, 24, 25, 26, 27, 28, 29, 31, 32, 33, 34, 35, 36, 37, 38, 39, 41, 42, 43, 44, 45, 46, 47, 48, 49, 50, 51, 52, 53, 54, 55, 56, 57, 58, 59, 60, 61, 62, 63, 64, 65, 66, 67, 68, 69, 70, 71, 72, 73, 74, 75, 76, 77, 78, 79, 80, 81, 82, 83, 84, 85, 86, 87, 88, 89, 90, 91, 92, 93, 94, 95, 96, 97, 98, 99, 100, 101, 103, 104, 105, 106, 107, 108, 109, 111, 112, 113, 114, 115, 116, 117, 118, 119, 120, 121, 122, 123, 124, 125, 126, 127, 128, 129, 130, 131, 132, 133, 134, 135, 136, 137, 138, 139, 140, 141, 142, 143, 144, 145, 146, 147, 148, 149]

--- Генерація вершинного покриття (зі списку суміжності) ---
Знайдене максимальне парування (M): {(74, 101), (62, 84), (47, 123), (1, 34), (103, 149), (93, 120), (50, 119), (18, 29), (59, 73), (52, 61), (20, 148), (10, 116), (78, 138), (111, 144), (70, 79), (94, 137), (57, 60), (114, 124), (43, 131), (89, 110), (86, 117), (46, 136), (37, 54), (8, 36), (23, 64), (87, 134), (32, 42), (99, 105), (7, 28), (72, 142), (13, 41), (45, 82), (4, 81), (19, 75), (11, 30), (92, 145), (17, 26), (107, 133), (113, 128), (40, 55), (106, 122), (14, 39), (90, 135), (15, 77), (5, 97), (33, 141), (25, 85), (6, 71), (48, 83), (51, 112), (12, 69), (31, 76), (102, 121), (9, 49), (35, 98), (44, 104), (16, 27), (3, 130), (127, 129), (38, 118), (125, 147), (66, 67), (53, 100), (91, 96), (95, 109), (56, 108), (88, 143), (65, 80), (24, 58), (2, 21), (132, 146), (63, 126), (68, 140), (115, 139)}
Згенероване вершинне покриття (C): [1, 2, 3, 4, 5, 6, 7, 8, 9, 10, 11, 12, 13, 14, 15, 16, 17, 18, 19, 20, 21, 23, 24, 25, 26, 27, 28, 29, 30, 31, 32, 33, 34, 35, 36, 37, 38, 39, 40, 41, 42, 43, 44, 45, 46, 47, 48, 49, 50, 51, 52, 53, 54, 55, 56, 57, 58, 59, 60, 61, 62, 63, 64, 65, 66, 67, 68, 69, 70, 71, 72, 73, 74, 75, 76, 77, 78, 79, 80, 81, 82, 83, 84, 85, 86, 87, 88, 89, 90, 91, 92, 93, 94, 95, 96, 97, 98, 99, 100, 101, 102, 103, 104, 105, 106, 107, 108, 109, 110, 111, 112, 113, 114, 115, 116, 117, 118, 119, 120, 121, 122, 123, 124, 125, 126, 127, 128, 129, 130, 131, 132, 133, 134, 135, 136, 137, 138, 139, 140, 141, 142, 143, 144, 145, 146, 147, 148, 149]

--- Генерація вершинного покриття (зі списку суміжності) ---
Знайдене максимальне парування (M): {(18, 81), (23, 71), (9, 106), (59, 141), (7, 29), (67, 74), (105, 119), (66, 109), (91, 126), (5, 132), (63, 107), (34, 50), (114, 127), (19, 94), (6, 69), (16, 144), (30, 100), (51, 101), (55, 62), (27, 61), (20, 138), (42, 120), (116, 121), (21, 33), (98, 124), (78, 88), (14, 143), (80, 146), (125, 145), (2, 129), (36, 103), (111, 112), (10, 84), (0, 22), (11, 82), (131, 139), (72, 123), (115, 137), (128, 134), (1, 90), (65, 89), (37, 117), (8, 47), (35, 95), (15, 92), (54, 75), (76, 99), (46, 104), (79, 110), (102, 136), (12, 87), (26, 49), (31, 39), (52, 68), (25, 118), (4, 147), (64, 97), (135, 142), (58, 148), (56, 93), (40, 48), (43, 77), (13, 122), (85, 86), (24, 73), (17, 28), (3, 96), (113, 130), (38, 60), (32, 83), (53, 57), (44, 149)}
Згенероване вершинне покриття (C): [0, 1, 2, 3, 4, 5, 6, 7, 8, 9, 10, 11, 12, 13, 14, 15, 16, 17, 18, 19, 20, 21, 22, 23, 24, 25, 26, 27, 28, 29, 30, 31, 32, 33, 34, 35, 36, 37, 38, 39, 40, 42, 43, 44, 46, 47, 48, 49, 50, 51, 52, 53, 54, 55, 56, 57, 58, 59, 60, 61, 62, 63, 64, 65, 66, 67, 68, 69, 71, 72, 73, 74, 75, 76, 77, 78, 79, 80, 81, 82, 83, 84, 85, 86, 87, 88, 89, 90, 91, 92, 93, 94, 95, 96, 97, 98, 99, 100, 101, 102, 103, 104, 105, 106, 107, 109, 110, 111, 112, 113, 114, 115, 116, 117, 118, 119, 120, 121, 122, 123, 124, 125, 126, 127, 128, 129, 130, 131, 132, 134, 135, 136, 137, 138, 139, 141, 142, 143, 144, 145, 146, 147, 148, 149]

--- Генерація вершинного покриття (зі списку суміжності) ---
Знайдене максимальне парування (M): {(64, 72), (24, 88), (12, 68), (99, 103), (105, 113), (52, 107), (46, 97), (119, 136), (6, 30), (27, 62), (18, 35), (41, 55), (71, 102), (5, 77), (65, 70), (7, 50), (101, 121), (19, 143), (42, 84), (16, 132), (1, 137), (98, 140), (11, 142), (112, 145), (32, 94), (33, 148), (37, 118), (75, 108), (96, 100), (139, 141), (58, 125), (49, 95), (87, 146), (110, 135), (28, 69), (2, 56), (80, 149), (25, 128), (114, 126), (45, 106), (14, 36), (26, 123), (47, 51), (29, 122), (111, 124), (23, 127), (48, 83), (53, 131), (54, 78), (89, 130), (92, 129), (13, 104), (15, 34), (74, 120), (76, 117), (21, 90), (3, 133), (31, 91), (59, 144), (8, 10), (0, 9), (79, 116), (67, 93), (73, 115), (20, 39), (38, 60), (44, 82), (61, 86), (138, 147), (4, 43), (22, 109), (40, 66), (81, 134), (57, 85)}
Згенероване вершинне покриття (C): [0, 1, 2, 3, 4, 5, 6, 7, 8, 9, 10, 11, 12, 13, 14, 15, 16, 18, 19, 20, 21, 22, 23, 24, 25, 26, 27, 28, 29, 30, 31, 32, 33, 34, 35, 36, 37, 38, 39, 40, 41, 42, 43, 44, 45, 46, 47, 48, 49, 50, 51, 52, 53, 54, 55, 56, 57, 58, 59, 60, 61, 62, 64, 65, 66, 67, 68, 69, 70, 71, 72, 73, 74, 75, 76, 77, 78, 79, 80, 81, 82, 83, 84, 85, 86, 87, 88, 89, 90, 91, 92, 93, 94, 95, 96, 97, 98, 99, 100, 101, 102, 103, 104, 105, 106, 107, 108, 109, 110, 111, 112, 113, 114, 115, 116, 117, 118, 119, 120, 121, 122, 123, 124, 125, 126, 127, 128, 129, 130, 131, 132, 133, 134, 135, 136, 137, 138, 139, 140, 141, 142, 143, 144, 145, 146, 147, 148, 149]

--- Генерація вершинного покриття (зі списку суміжності) ---
Знайдене максимальне парування (M): {(19, 104), (20, 75), (52, 58), (14, 132), (97, 145), (12, 80), (27, 126), (0, 121), (32, 61), (15, 54), (57, 63), (3, 37), (115, 120), (38, 62), (56, 105), (25, 135), (33, 81), (6, 11), (40, 65), (43, 149), (71, 74), (94, 100), (13, 35), (68, 99), (10, 45), (110, 138), (5, 64), (44, 114), (143, 147), (116, 130), (41, 66), (17, 72), (89, 146), (73, 95), (39, 108), (85, 133), (123, 129), (9, 22), (98, 139), (122, 136), (50, 93), (8, 148), (31, 125), (2, 141), (48, 76), (128, 134), (49, 79), (24, 101), (28, 59), (53, 137), (4, 7), (23, 78), (34, 69), (29, 91), (26, 107), (36, 142), (46, 55), (21, 96), (18, 109), (86, 103), (82, 118), (47, 90), (87, 102), (51, 84), (16, 60), (30, 77), (42, 70), (131, 144), (67, 111), (117, 127), (119, 124), (1, 83), (112, 140)}
Згенероване вершинне покриття (C): [0, 1, 2, 3, 4, 5, 6, 7, 8, 9, 10, 11, 12, 13, 14, 15, 16, 17, 18, 19, 20, 21, 22, 23, 24, 25, 26, 27, 28, 29, 30, 31, 32, 33, 34, 35, 36, 37, 38, 39, 40, 41, 42, 43, 44, 45, 46, 47, 48, 49, 50, 51, 52, 53, 54, 55, 56, 57, 58, 59, 60, 61, 62, 63, 64, 65, 66, 67, 68, 69, 70, 71, 72, 73, 74, 75, 76, 77, 78, 79, 80, 81, 82, 83, 84, 85, 86, 87, 89, 90, 91, 93, 94, 95, 96, 97, 98, 99, 100, 101, 102, 103, 104, 105, 107, 108, 109, 110, 111, 112, 114, 115, 116, 117, 118, 119, 120, 121, 122, 123, 124, 125, 126, 127, 128, 129, 130, 131, 132, 133, 134, 135, 136, 137, 138, 139, 140, 141, 142, 143, 144, 145, 146, 147, 148, 149]

--- Генерація вершинного покриття (зі списку суміжності) ---
Знайдене максимальне парування (M): {(18, 72), (16, 20), (103, 140), (54, 138), (49, 93), (30, 110), (6, 94), (12, 13), (19, 69), (36, 135), (45, 86), (70, 85), (63, 107), (73, 105), (118, 137), (28, 88), (62, 120), (32, 82), (66, 148), (132, 142), (78, 113), (21, 64), (0, 35), (10, 33), (77, 123), (31, 80), (29, 147), (26, 99), (60, 79), (34, 149), (61, 139), (48, 117), (96, 136), (11, 65), (122, 124), (57, 129), (38, 46), (98, 133), (114, 126), (59, 90), (47, 111), (44, 89), (14, 39), (106, 134), (119, 125), (2, 25), (100, 127), (71, 143), (24, 95), (37, 68), (7, 146), (3, 130), (108, 116), (55, 76), (9, 58), (67, 87), (102, 145), (83, 141), (5, 23), (51, 75), (15, 52), (41, 74), (27, 81), (40, 115), (8, 144), (17, 92), (84, 112), (4, 43), (22, 109), (42, 91), (50, 104), (97, 121)}
Згенероване вершинне покриття (C): [0, 2, 3, 4, 5, 6, 7, 8, 9, 10, 11, 12, 13, 14, 15, 16, 17, 18, 19, 20, 21, 22, 23, 24, 25, 26, 27, 28, 29, 30, 31, 32, 33, 34, 35, 36, 37, 38, 39, 40, 41, 42, 43, 44, 45, 46, 47, 48, 49, 50, 51, 52, 54, 55, 57, 58, 59, 60, 61, 62, 63, 64, 65, 66, 67, 68, 69, 70, 71, 72, 73, 74, 75, 76, 77, 78, 79, 80, 81, 82, 83, 84, 85, 86, 87, 88, 89, 90, 91, 92, 93, 94, 95, 96, 97, 98, 99, 100, 102, 103, 104, 105, 106, 107, 108, 109, 110, 111, 112, 113, 114, 115, 116, 117, 118, 119, 120, 121, 122, 123, 124, 125, 126, 127, 129, 130, 132, 133, 134, 135, 136, 137, 138, 139, 140, 141, 142, 143, 144, 145, 146, 147, 148, 149]

--- Генерація вершинного покриття (зі списку суміжності) ---
Знайдене максимальне парування (M): {(21, 126), (68, 88), (42, 103), (45, 129), (49, 93), (62, 145), (59, 122), (15, 106), (52, 70), (63, 98), (34, 86), (113, 114), (13, 66), (91, 147), (9, 139), (132, 148), (6, 11), (109, 123), (43, 149), (18, 71), (28, 39), (40, 141), (72, 78), (29, 144), (69, 119), (26, 96), (90, 99), (14, 128), (10, 51), (41, 118), (24, 47), (0, 108), (35, 105), (1, 100), (44, 111), (74, 112), (58, 82), (84, 101), (46, 56), (4, 20), (133, 146), (38, 110), (75, 135), (16, 61), (22, 37), (5, 30), (140, 142), (25, 137), (27, 33), (7, 64), (55, 125), (17, 53), (67, 130), (73, 85), (102, 127), (81, 134), (19, 120), (48, 95), (12, 23), (60, 121), (3, 8), (2, 116), (94, 138), (115, 124), (76, 77), (31, 54), (65, 80), (79, 131), (32, 83), (104, 136), (87, 117), (92, 107), (36, 50)}
Згенероване вершинне покриття (C): [0, 1, 2, 3, 4, 5, 6, 7, 8, 9, 10, 11, 12, 13, 14, 15, 16, 17, 18, 19, 20, 21, 22, 23, 24, 25, 26, 27, 28, 29, 30, 31, 32, 33, 34, 35, 36, 37, 38, 39, 40, 41, 42, 43, 44, 45, 46, 47, 48, 49, 50, 51, 52, 53, 54, 55, 56, 58, 59, 60, 61, 62, 63, 64, 65, 66, 67, 68, 69, 70, 71, 72, 73, 74, 75, 76, 77, 78, 79, 80, 81, 82, 83, 84, 85, 86, 87, 88, 90, 91, 92, 93, 94, 95, 96, 98, 99, 100, 101, 102, 103, 104, 105, 106, 107, 108, 109, 110, 111, 112, 113, 114, 115, 116, 117, 118, 119, 120, 121, 122, 123, 124, 125, 126, 127, 128, 129, 130, 131, 132, 133, 134, 135, 136, 137, 138, 139, 140, 141, 142, 144, 145, 146, 147, 148, 149]

--- Генерація вершинного покриття (зі списку суміжності) ---
Знайдене максимальне парування (M): {(0, 94), (29, 87), (37, 122), (9, 51), (4, 73), (20, 23), (49, 96), (34, 86), (72, 112), (30, 76), (13, 66), (91, 92), (53, 149), (35, 69), (78, 104), (90, 136), (8, 27), (117, 129), (28, 39), (17, 100), (89, 119), (16, 25), (31, 141), (62, 147), (24, 108), (5, 64), (10, 115), (15, 102), (58, 137), (65, 118), (45, 143), (133, 140), (36, 85), (125, 142), (22, 40), (21, 120), (57, 126), (127, 148), (74, 81), (61, 93), (123, 135), (38, 131), (60, 103), (68, 144), (113, 146), (33, 95), (1, 44), (43, 105), (67, 139), (124, 130), (54, 84), (2, 107), (88, 116), (98, 114), (11, 55), (18, 106), (12, 145), (14, 26), (41, 77), (7, 109), (63, 111), (50, 71), (6, 52), (19, 138), (75, 82), (47, 99), (79, 128), (48, 70), (46, 134), (32, 83), (42, 97), (110, 121), (56, 59)}
Згенероване вершинне покриття (C): [0, 1, 2, 4, 5, 6, 7, 8, 9, 10, 11, 12, 13, 14, 15, 16, 17, 18, 19, 20, 21, 22, 23, 24, 25, 26, 27, 28, 29, 30, 31, 32, 33, 34, 35, 36, 37, 38, 39, 40, 41, 42, 43, 44, 45, 46, 47, 48, 49, 50, 51, 52, 53, 54, 55, 56, 57, 58, 59, 60, 61, 62, 63, 64, 65, 66, 67, 68, 69, 70, 71, 72, 73, 74, 75, 76, 77, 78, 79, 81, 82, 83, 84, 85, 86, 87, 88, 89, 90, 91, 92, 93, 94, 95, 96, 97, 98, 99, 100, 102, 103, 104, 105, 106, 107, 108, 109, 110, 111, 112, 113, 114, 115, 116, 117, 118, 119, 120, 121, 122, 123, 124, 125, 126, 127, 128, 129, 130, 131, 133, 134, 135, 136, 137, 138, 139, 140, 141, 142, 143, 144, 145, 146, 147, 148, 149]

--- Генерація вершинного покриття (зі списку суміжності) ---
Знайдене максимальне парування (M): {(28, 113), (90, 149), (57, 94), (102, 114), (44, 100), (1, 46), (91, 129), (14, 71), (21, 22), (48, 103), (107, 122), (69, 77), (19, 64), (78, 83), (31, 35), (18, 32), (4, 24), (68, 118), (125, 143), (62, 93), (50, 146), (43, 134), (12, 98), (11, 23), (112, 136), (53, 56), (58, 104), (119, 120), (33, 84), (61, 106), (88, 96), (36, 70), (17, 115), (0, 111), (126, 128), (59, 75), (76, 109), (7, 89), (55, 86), (80, 137), (15, 38), (10, 60), (92, 148), (130, 132), (9, 13), (29, 52), (72, 117), (26, 123), (2, 16), (74, 87), (6, 65), (5, 97), (49, 73), (101, 138), (79, 144), (105, 108), (8, 41), (110, 131), (45, 133), (20, 85), (81, 95), (66, 116), (25, 54), (135, 145), (37, 141), (40, 51), (27, 142), (82, 127), (99, 140), (3, 47), (30, 34)}
Згенероване вершинне покриття (C): [0, 1, 2, 3, 4, 5, 6, 7, 8, 9, 10, 11, 12, 13, 14, 15, 16, 17, 18, 19, 20, 21, 22, 23, 24, 25, 26, 27, 28, 29, 30, 31, 32, 33, 34, 35, 36, 37, 38, 40, 41, 43, 44, 45, 46, 47, 48, 49, 50, 51, 52, 53, 54, 55, 56, 57, 58, 59, 60, 61, 62, 64, 65, 66, 68, 69, 70, 71, 72, 73, 74, 75, 76, 77, 78, 79, 80, 81, 82, 83, 84, 85, 86, 87, 88, 89, 90, 91, 92, 93, 94, 95, 96, 97, 98, 99, 100, 101, 102, 103, 104, 105, 106, 107, 108, 109, 110, 111, 112, 113, 114, 115, 116, 117, 118, 119, 120, 122, 123, 125, 126, 127, 128, 129, 130, 131, 132, 133, 134, 135, 136, 137, 138, 140, 141, 142, 143, 144, 145, 146, 148, 149]

--- Генерація вершинного покриття (зі списку суміжності) ---
Знайдене максимальне парування (M): {(102, 111), (35, 88), (100, 129), (13, 97), (96, 113), (14, 132), (53, 81), (134, 140), (55, 142), (17, 137), (42, 130), (3, 147), (29, 56), (51, 86), (63, 116), (10, 15), (33, 139), (115, 136), (0, 20), (52, 149), (18, 65), (2, 145), (16, 144), (6, 133), (117, 121), (80, 119), (84, 89), (77, 138), (45, 76), (28, 60), (78, 131), (107, 124), (82, 98), (11, 123), (41, 69), (47, 85), (64, 101), (62, 104), (61, 148), (22, 40), (54, 103), (12, 39), (71, 125), (50, 90), (21, 112), (93, 94), (9, 25), (46, 141), (44, 74), (8, 87), (19, 32), (36, 48), (31, 70), (37, 108), (106, 128), (92, 114), (95, 143), (30, 105), (38, 91), (5, 127), (67, 72), (24, 49), (66, 122), (23, 26), (59, 83), (43, 126), (73, 118), (58, 99), (1, 135), (109, 120), (7, 75), (4, 110)}
Згенероване вершинне покриття (C): [0, 1, 2, 3, 4, 5, 6, 7, 8, 9, 10, 11, 12, 13, 14, 15, 16, 17, 18, 19, 20, 21, 22, 23, 24, 25, 26, 28, 29, 30, 31, 32, 33, 35, 36, 37, 38, 39, 40, 41, 42, 43, 44, 45, 46, 47, 48, 49, 50, 51, 52, 53, 54, 55, 56, 58, 59, 60, 61, 62, 63, 64, 65, 66, 67, 69, 70, 71, 72, 73, 74, 75, 76, 77, 78, 80, 81, 82, 83, 84, 85, 86, 87, 88, 89, 90, 91, 92, 93, 94, 95, 96, 97, 98, 99, 100, 101, 102, 103, 104, 105, 106, 107, 108, 109, 110, 111, 112, 113, 114, 115, 116, 117, 118, 119, 120, 121, 122, 123, 124, 125, 126, 127, 128, 129, 130, 131, 132, 133, 134, 135, 136, 137, 138, 139, 140, 141, 142, 143, 144, 145, 147, 148, 149]

--- Генерація вершинного покриття (зі списку суміжності) ---
Знайдене максимальне парування (M): {(39, 73), (55, 57), (5, 111), (117, 136), (108, 115), (10, 46), (47, 71), (23, 141), (118, 125), (96, 128), (97, 99), (87, 104), (21, 107), (9, 139), (76, 137), (30, 143), (44, 142), (80, 101), (35, 140), (86, 114), (14, 43), (13, 69), (3, 113), (53, 123), (48, 78), (17, 45), (88, 145), (54, 67), (28, 103), (4, 42), (51, 110), (15, 84), (38, 92), (2, 32), (31, 144), (82, 95), (0, 50), (58, 131), (116, 130), (65, 72), (11, 129), (124, 149), (12, 100), (27, 33), (29, 119), (49, 134), (26, 126), (40, 70), (85, 146), (1, 148), (121, 147), (93, 112), (60, 109), (89, 127), (18, 24), (98, 102), (132, 133), (41, 59), (7, 36), (19, 62), (22, 91), (56, 90), (105, 135), (79, 122), (61, 138), (20, 106), (6, 52), (74, 83), (16, 75), (8, 37), (25, 81), (34, 120)}
Згенероване вершинне покриття (C): [0, 1, 2, 3, 4, 5, 6, 7, 8, 9, 10, 11, 12, 13, 14, 15, 16, 17, 18, 19, 20, 21, 22, 23, 24, 25, 26, 27, 28, 29, 30, 31, 32, 33, 34, 35, 36, 37, 38, 39, 40, 41, 42, 43, 44, 45, 46, 47, 48, 49, 50, 51, 52, 53, 54, 55, 56, 57, 58, 59, 60, 61, 62, 65, 67, 69, 70, 71, 72, 73, 74, 75, 76, 78, 79, 80, 81, 82, 83, 84, 85, 86, 87, 88, 89, 90, 91, 92, 93, 95, 96, 97, 98, 99, 100, 101, 102, 103, 104, 105, 106, 107, 108, 109, 110, 111, 112, 113, 114, 115, 116, 117, 118, 119, 120, 121, 122, 123, 124, 125, 126, 127, 128, 129, 130, 131, 132, 133, 134, 135, 136, 137, 138, 139, 140, 141, 142, 143, 144, 145, 146, 147, 148, 149]

--- Генерація вершинного покриття (зі списку суміжності) ---
Знайдене максимальне парування (M): {(11, 36), (136, 146), (85, 113), (34, 129), (6, 24), (141, 145), (0, 109), (60, 65), (48, 100), (33, 63), (77, 142), (27, 74), (49, 50), (62, 105), (94, 140), (81, 118), (68, 121), (59, 91), (84, 114), (80, 101), (51, 144), (42, 90), (78, 110), (45, 107), (55, 117), (20, 120), (76, 143), (44, 96), (103, 133), (86, 132), (93, 119), (28, 57), (23, 70), (54, 79), (14, 134), (116, 127), (64, 89), (87, 149), (19, 66), (35, 56), (8, 124), (1, 112), (108, 126), (53, 95), (69, 102), (92, 99), (106, 122), (9, 25), (37, 47), (4, 111), (71, 131), (18, 73), (17, 43), (3, 5), (7, 30), (13, 40), (26, 46), (67, 148), (31, 97), (52, 135), (12, 38), (75, 82), (10, 16), (88, 128), (15, 125), (39, 58), (41, 83), (32, 138), (22, 115), (123, 137), (29, 130), (61, 104), (98, 147)}
Згенероване вершинне покриття (C): [0, 1, 3, 4, 5, 6, 7, 8, 9, 10, 11, 12, 13, 14, 15, 16, 17, 18, 19, 20, 22, 23, 24, 25, 26, 27, 28, 29, 30, 31, 32, 33, 34, 35, 36, 37, 38, 39, 40, 41, 42, 43, 44, 45, 46, 47, 48, 49, 50, 51, 52, 53, 54, 55, 56, 57, 58, 59, 60, 61, 62, 63, 64, 65, 66, 67, 68, 69, 70, 71, 73, 74, 75, 76, 77, 78, 79, 80, 81, 82, 83, 84, 85, 86, 87, 88, 89, 90, 91, 92, 93, 94, 95, 96, 97, 98, 99, 100, 101, 102, 103, 104, 105, 106, 107, 108, 109, 110, 111, 112, 113, 114, 115, 116, 117, 118, 119, 120, 121, 122, 123, 124, 125, 126, 127, 128, 129, 130, 131, 132, 133, 134, 135, 136, 137, 138, 140, 141, 142, 143, 144, 145, 146, 147, 148, 149]

--- Генерація вершинного покриття (зі списку суміжності) ---
Знайдене максимальне парування (M): {(42, 100), (92, 122), (0, 39), (83, 116), (17, 119), (86, 142), (48, 103), (43, 58), (1, 113), (60, 71), (57, 118), (81, 109), (70, 149), (38, 62), (84, 114), (129, 140), (23, 49), (64, 123), (75, 99), (16, 22), (36, 61), (7, 141), (78, 134), (20, 138), (29, 147), (106, 144), (34, 82), (67, 79), (87, 88), (97, 98), (12, 94), (14, 85), (13, 53), (35, 117), (112, 120), (4, 90), (40, 52), (10, 11), (93, 143), (19, 139), (55, 104), (51, 91), (3, 45), (21, 115), (6, 126), (15, 135), (54, 66), (24, 28), (18, 131), (25, 27), (30, 44), (9, 101), (63, 136), (110, 125), (96, 105), (8, 41), (111, 130), (102, 127), (5, 121), (56, 133), (26, 89), (37, 132), (2, 46), (32, 65), (72, 107), (59, 77), (47, 145), (74, 80), (33, 137), (108, 146), (50, 95), (68, 76)}
Згенероване вершинне покриття (C): [0, 1, 2, 3, 4, 5, 6, 7, 8, 9, 10, 11, 12, 13, 14, 15, 16, 17, 18, 19, 20, 21, 22, 23, 24, 25, 26, 27, 28, 29, 30, 32, 33, 34, 35, 36, 37, 38, 39, 40, 41, 42, 43, 44, 45, 46, 47, 48, 49, 50, 51, 52, 53, 54, 55, 56, 57, 58, 59, 60, 61, 62, 63, 64, 65, 66, 67, 68, 70, 71, 72, 74, 75, 76, 77, 78, 79, 80, 81, 82, 83, 84, 85, 86, 87, 88, 89, 90, 91, 92, 93, 94, 95, 96, 97, 98, 99, 100, 101, 102, 103, 104, 105, 106, 107, 108, 109, 110, 111, 112, 113, 114, 115, 116, 117, 118, 119, 120, 121, 122, 123, 125, 126, 127, 129, 130, 131, 132, 133, 134, 135, 136, 137, 138, 139, 140, 141, 142, 143, 144, 145, 146, 147, 149]

--- Генерація вершинного покриття (зі списку суміжності) ---
Знайдене максимальне парування (M): {(55, 121), (16, 145), (41, 46), (51, 117), (26, 103), (79, 106), (9, 115), (50, 128), (73, 93), (67, 83), (29, 38), (42, 63), (58, 71), (22, 90), (24, 112), (101, 124), (97, 105), (14, 31), (15, 127), (65, 143), (48, 133), (123, 148), (40, 129), (45, 125), (49, 89), (96, 100), (1, 39), (88, 102), (23, 131), (19, 118), (60, 119), (44, 56), (64, 144), (35, 108), (116, 130), (18, 98), (20, 37), (69, 76), (111, 149), (75, 126), (10, 11), (30, 78), (74, 139), (8, 81), (87, 109), (25, 85), (99, 147), (77, 122), (53, 134), (82, 91), (62, 146), (94, 120), (43, 47), (54, 142), (0, 107), (33, 52), (27, 66), (21, 84), (3, 72), (4, 80), (57, 113), (7, 36), (13, 110), (17, 138), (32, 68), (59, 86), (140, 141), (28, 92), (2, 12), (132, 137), (61, 95), (104, 136), (34, 114)}
Згенероване вершинне покриття (C): [0, 1, 2, 3, 4, 7, 8, 9, 10, 11, 12, 13, 14, 15, 16, 17, 18, 19, 20, 21, 22, 23, 24, 25, 26, 27, 28, 29, 30, 31, 32, 33, 34, 35, 36, 37, 38, 39, 40, 41, 42, 43, 44, 45, 46, 47, 48, 49, 50, 51, 52, 53, 54, 55, 56, 57, 58, 59, 60, 61, 62, 63, 64, 65, 66, 67, 68, 69, 71, 72, 73, 74, 75, 76, 77, 78, 79, 80, 81, 82, 83, 84, 85, 86, 87, 88, 89, 90, 91, 92, 93, 94, 95, 96, 97, 98, 99, 100, 101, 102, 103, 104, 105, 106, 107, 108, 109, 110, 111, 112, 113, 114, 115, 116, 117, 118, 119, 120, 121, 122, 123, 124, 125, 126, 127, 128, 129, 130, 131, 132, 133, 134, 136, 137, 138, 139, 140, 141, 142, 143, 144, 145, 146, 147, 148, 149]

--- Генерація вершинного покриття (зі списку суміжності) ---
Знайдене максимальне парування (M): {(25, 84), (19, 104), (76, 101), (9, 48), (73, 142), (15, 27), (85, 113), (123, 140), (29, 96), (116, 125), (18, 108), (68, 146), (31, 38), (22, 90), (63, 107), (44, 69), (3, 28), (47, 147), (10, 131), (70, 97), (26, 66), (13, 136), (111, 119), (37, 103), (92, 115), (95, 135), (61, 112), (106, 144), (110, 132), (32, 109), (124, 134), (53, 86), (57, 117), (24, 56), (23, 30), (12, 149), (74, 130), (105, 139), (58, 91), (5, 41), (65, 75), (42, 83), (78, 100), (8, 81), (122, 133), (114, 129), (72, 126), (14, 45), (46, 80), (36, 39), (50, 93), (54, 127), (62, 82), (98, 99), (64, 137), (102, 121), (49, 94), (7, 88), (77, 79), (0, 52), (59, 71), (20, 143), (118, 120), (67, 148), (35, 55), (17, 138), (4, 34), (60, 145), (43, 141), (51, 87), (2, 21), (6, 128), (11, 33), (1, 89)}
Згенероване вершинне покриття (C): [0, 1, 2, 3, 4, 5, 6, 7, 8, 9, 10, 11, 12, 13, 14, 15, 17, 18, 19, 20, 21, 22, 23, 24, 25, 26, 27, 28, 29, 30, 31, 32, 33, 34, 35, 36, 37, 38, 39, 41, 42, 43, 44, 45, 46, 47, 48, 49, 50, 51, 52, 53, 54, 55, 56, 57, 58, 59, 60, 61, 62, 63, 64, 65, 66, 67, 68, 69, 70, 71, 72, 73, 74, 75, 76, 77, 78, 79, 80, 81, 82, 83, 84, 85, 86, 87, 88, 89, 90, 91, 92, 93, 94, 95, 96, 97, 98, 99, 100, 101, 102, 103, 104, 105, 106, 107, 108, 109, 110, 111, 112, 113, 114, 115, 116, 117, 118, 119, 120, 121, 122, 123, 124, 125, 126, 127, 128, 129, 130, 131, 132, 133, 134, 135, 136, 137, 138, 139, 140, 141, 142, 143, 144, 145, 146, 147, 148, 149]

--- Генерація вершинного покриття (зі списку суміжності) ---
Знайдене максимальне парування (M): {(103, 143), (28, 113), (80, 102), (22, 130), (60, 65), (20, 81), (57, 106), (52, 61), (73, 93), (56, 89), (101, 115), (35, 54), (24, 118), (91, 144), (7, 44), (77, 105), (87, 107), (19, 85), (82, 129), (13, 133), (37, 45), (110, 111), (53, 68), (92, 112), (34, 58), (29, 141), (4, 5), (25, 98), (23, 131), (67, 76), (3, 96), (43, 127), (79, 120), (11, 126), (83, 142), (31, 104), (10, 75), (2, 132), (18, 55), (84, 122), (71, 134), (100, 109), (14, 51), (9, 95), (86, 116), (8, 38), (32, 148), (47, 48), (78, 121), (6, 74), (117, 137), (17, 108), (12, 63), (146, 149), (33, 46), (16, 36), (15, 40), (30, 123), (64, 94), (124, 139), (50, 135), (70, 138), (1, 59), (39, 49), (69, 145), (90, 128), (21, 114), (41, 147), (88, 140), (27, 99), (72, 125), (62, 136)}
Згенероване вершинне покриття (C): [1, 2, 3, 4, 5, 6, 7, 8, 9, 10, 11, 12, 13, 14, 15, 16, 17, 18, 19, 20, 21, 22, 23, 24, 25, 27, 28, 29, 30, 31, 32, 33, 34, 35, 36, 37, 38, 39, 40, 41, 43, 44, 45, 46, 47, 48, 49, 50, 51, 52, 53, 54, 55, 56, 57, 58, 59, 60, 61, 62, 63, 64, 65, 67, 68, 69, 70, 71, 72, 73, 74, 75, 76, 77, 78, 79, 80, 81, 82, 83, 84, 85, 86, 87, 88, 89, 90, 91, 92, 93, 94, 95, 96, 98, 99, 100, 101, 102, 103, 104, 105, 106, 107, 108, 109, 110, 111, 112, 113, 114, 115, 116, 117, 118, 120, 121, 122, 123, 124, 125, 126, 127, 128, 129, 130, 131, 132, 133, 134, 135, 136, 137, 138, 139, 140, 141, 142, 143, 144, 145, 146, 147, 148, 149]

--- Генерація вершинного покриття (зі списку суміжності) ---
Знайдене максимальне парування (M): {(76, 98), (49, 87), (32, 101), (2, 97), (28, 55), (88, 106), (0, 109), (5, 123), (39, 149), (23, 144), (34, 77), (82, 102), (52, 119), (125, 143), (85, 131), (78, 147), (14, 89), (13, 115), (26, 112), (38, 120), (31, 108), (12, 95), (17, 18), (64, 117), (21, 110), (15, 130), (113, 135), (75, 148), (27, 46), (44, 84), (57, 142), (7, 129), (96, 103), (79, 145), (72, 139), (11, 47), (86, 141), (8, 51), (22, 74), (25, 61), (29, 66), (43, 136), (60, 91), (19, 90), (62, 70), (114, 138), (35, 83), (56, 63), (111, 124), (6, 16), (36, 118), (68, 92), (54, 69), (40, 140), (41, 105), (20, 137), (58, 127), (73, 146), (37, 65), (33, 107), (93, 121), (3, 133), (94, 126), (10, 59), (81, 104), (42, 67), (9, 134), (53, 100), (24, 128), (1, 71), (80, 99), (45, 50)}
Згенероване вершинне покриття (C): [0, 1, 2, 3, 5, 6, 7, 8, 9, 10, 11, 12, 13, 14, 15, 16, 17, 18, 19, 20, 21, 22, 23, 24, 25, 26, 27, 28, 29, 31, 32, 33, 34, 35, 36, 37, 38, 39, 40, 41, 42, 43, 44, 45, 46, 47, 49, 50, 51, 52, 53, 54, 55, 56, 57, 58, 59, 60, 61, 62, 63, 64, 65, 66, 67, 68, 69, 70, 71, 72, 73, 74, 75, 76, 77, 78, 79, 80, 81, 82, 83, 84, 85, 86, 87, 88, 89, 90, 91, 92, 93, 94, 95, 96, 97, 98, 99, 100, 101, 102, 103, 104, 105, 106, 107, 108, 109, 110, 111, 112, 113, 114, 115, 117, 118, 119, 120, 121, 123, 124, 125, 126, 127, 128, 129, 130, 131, 133, 134, 135, 136, 137, 138, 139, 140, 141, 142, 143, 144, 145, 146, 147, 148, 149]

--- Генерація вершинного покриття (зі списку суміжності) ---
Знайдене максимальне парування (M): {(7, 133), (33, 97), (70, 119), (13, 91), (43, 46), (21, 141), (84, 93), (41, 64), (18, 108), (55, 145), (4, 149), (47, 144), (23, 101), (86, 102), (75, 136), (112, 127), (52, 146), (3, 40), (109, 110), (31, 111), (62, 129), (10, 88), (34, 116), (20, 68), (103, 139), (72, 81), (9, 105), (100, 125), (2, 38), (28, 115), (25, 104), (92, 124), (89, 137), (107, 118), (95, 98), (11, 117), (39, 44), (42, 71), (69, 85), (1, 63), (15, 59), (50, 87), (51, 140), (90, 132), (16, 122), (37, 96), (45, 54), (79, 138), (60, 106), (78, 121), (53, 67), (73, 82), (36, 57), (6, 80), (94, 114), (56, 142), (24, 113), (30, 123), (126, 130), (12, 148), (17, 77), (66, 128), (5, 26), (14, 35), (61, 147), (8, 83), (76, 135), (27, 29), (32, 74), (22, 48), (0, 143)}
Згенероване вершинне покриття (C): [0, 1, 2, 3, 4, 5, 6, 7, 8, 9, 10, 11, 12, 13, 14, 15, 16, 17, 18, 20, 21, 22, 23, 24, 25, 26, 27, 28, 29, 30, 31, 32, 33, 34, 35, 36, 37, 38, 39, 40, 41, 42, 43, 44, 45, 46, 47, 48, 50, 51, 52, 53, 54, 55, 56, 57, 59, 60, 61, 62, 63, 64, 66, 67, 68, 69, 70, 71, 72, 73, 74, 75, 76, 77, 78, 79, 80, 81, 82, 83, 84, 85, 86, 87, 88, 89, 90, 91, 92, 93, 94, 95, 96, 97, 98, 100, 101, 102, 103, 104, 105, 106, 107, 108, 109, 110, 111, 112, 113, 114, 115, 116, 117, 118, 119, 121, 122, 123, 124, 125, 126, 127, 128, 129, 130, 132, 133, 135, 136, 137, 138, 139, 140, 141, 142, 143, 144, 145, 146, 147, 148, 149]

--- Генерація вершинного покриття (зі списку суміжності) ---
Знайдене максимальне парування (M): {(7, 23), (11, 106), (30, 46), (14, 132), (50, 70), (84, 96), (105, 131), (5, 71), (101, 109), (82, 108), (8, 73), (90, 118), (51, 138), (125, 146), (21, 43), (69, 111), (74, 143), (48, 63), (38, 117), (94, 149), (27, 89), (39, 57), (103, 121), (88, 142), (9, 148), (58, 104), (22, 120), (53, 62), (86, 126), (18, 77), (3, 64), (97, 135), (15, 35), (12, 76), (37, 72), (4, 78), (34, 140), (59, 87), (16, 110), (0, 65), (10, 124), (26, 56), (115, 116), (107, 133), (79, 129), (66, 141), (1, 136), (42, 147), (2, 80), (25, 85), (67, 112), (31, 128), (68, 98), (32, 44), (47, 127), (52, 114), (45, 139), (6, 92), (49, 100), (41, 123), (33, 119), (20, 91), (75, 134), (24, 61), (13, 55), (102, 145), (17, 83), (29, 54), (113, 130), (36, 99), (19, 95), (81, 137)}
Згенероване вершинне покриття (C): [0, 1, 2, 3, 4, 5, 6, 7, 8, 9, 10, 11, 12, 13, 14, 15, 16, 17, 18, 19, 20, 21, 22, 23, 24, 25, 26, 27, 29, 30, 31, 32, 33, 34, 35, 36, 37, 38, 39, 41, 42, 43, 44, 45, 46, 47, 48, 49, 50, 51, 52, 53, 54, 55, 56, 57, 58, 59, 61, 62, 63, 64, 65, 66, 67, 68, 69, 70, 71, 72, 73, 74, 75, 76, 77, 78, 79, 80, 81, 82, 83, 84, 85, 86, 87, 88, 89, 90, 91, 92, 94, 95, 96, 97, 98, 99, 100, 101, 102, 103, 104, 105, 106, 107, 108, 109, 110, 111, 112, 113, 114, 115, 116, 117, 118, 119, 120, 121, 123, 124, 125, 126, 127, 128, 129, 130, 131, 132, 133, 134, 135, 136, 137, 138, 139, 140, 141, 142, 143, 145, 146, 147, 148, 149]

--- Генерація вершинного покриття (зі списку суміжності) ---
Знайдене максимальне парування (M): {(54, 65), (17, 52), (32, 98), (5, 117), (68, 100), (80, 132), (48, 103), (18, 29), (20, 81), (53, 87), (69, 74), (116, 119), (22, 35), (3, 31), (1, 70), (55, 102), (16, 126), (19, 27), (2, 23), (6, 8), (13, 145), (10, 39), (34, 58), (71, 147), (62, 144), (97, 141), (15, 99), (125, 130), (37, 139), (21, 94), (67, 140), (109, 149), (36, 137), (41, 124), (61, 72), (82, 113), (90, 114), (25, 49), (50, 142), (85, 133), (122, 127), (51, 146), (77, 104), (33, 138), (115, 128), (66, 83), (73, 134), (120, 121), (57, 89), (106, 143), (44, 46), (24, 43), (105, 123), (78, 84), (12, 136), (56, 148), (38, 42), (118, 129), (45, 96), (91, 93), (63, 111), (107, 135), (108, 131), (75, 79), (59, 101), (92, 95), (26, 64), (76, 86), (110, 112), (14, 47), (7, 11), (0, 88), (30, 40)}
Згенероване вершинне покриття (C): [0, 1, 2, 3, 5, 6, 7, 8, 10, 11, 12, 13, 14, 15, 16, 17, 18, 19, 20, 21, 22, 23, 24, 25, 26, 27, 29, 30, 31, 32, 33, 34, 35, 36, 37, 38, 39, 40, 41, 42, 43, 44, 45, 46, 47, 48, 49, 50, 51, 52, 53, 54, 55, 56, 57, 58, 59, 61, 62, 63, 64, 65, 66, 67, 68, 69, 70, 71, 72, 73, 74, 75, 76, 77, 78, 79, 80, 81, 82, 83, 84, 85, 86, 87, 88, 89, 90, 91, 92, 93, 94, 95, 96, 97, 98, 99, 100, 101, 102, 103, 104, 105, 106, 107, 108, 109, 110, 111, 112, 113, 114, 115, 116, 117, 118, 119, 120, 121, 122, 123, 124, 125, 126, 127, 128, 129, 130, 131, 132, 133, 134, 135, 136, 137, 138, 139, 140, 141, 142, 143, 144, 145, 146, 147, 148, 149]

--- Генерація вершинного покриття (зі списку суміжності) ---
Знайдене максимальне парування (M): {(58, 117), (92, 116), (27, 101), (23, 132), (30, 52), (12, 129), (16, 93), (1, 49), (21, 147), (14, 138), (75, 124), (26, 109), (81, 112), (43, 125), (55, 96), (25, 53), (5, 89), (4, 91), (62, 114), (6, 63), (67, 107), (22, 111), (19, 94), (47, 110), (10, 88), (28, 39), (54, 70), (137, 141), (45, 46), (29, 74), (15, 87), (48, 145), (80, 131), (51, 119), (42, 123), (41, 121), (18, 40), (133, 140), (69, 79), (20, 95), (31, 34), (8, 139), (68, 126), (35, 77), (97, 113), (118, 142), (122, 136), (100, 115), (44, 86), (83, 108), (65, 90), (78, 127), (120, 130), (76, 105), (3, 60), (33, 104), (17, 59), (56, 66), (128, 143), (24, 98), (38, 72), (82, 106), (0, 64), (50, 135), (2, 61), (102, 148), (7, 57), (32, 144), (11, 149), (103, 134), (13, 146)}
Згенероване вершинне покриття (C): [0, 1, 2, 3, 4, 5, 6, 7, 8, 10, 11, 12, 13, 14, 15, 16, 17, 18, 19, 20, 21, 22, 23, 24, 25, 26, 27, 28, 29, 30, 31, 32, 33, 34, 35, 38, 39, 40, 41, 42, 43, 44, 45, 46, 47, 48, 49, 50, 51, 52, 53, 54, 55, 56, 57, 58, 59, 60, 61, 62, 63, 64, 65, 66, 67, 68, 69, 70, 72, 74, 75, 76, 77, 78, 79, 80, 81, 82, 83, 86, 87, 88, 89, 90, 91, 92, 93, 94, 95, 96, 97, 98, 100, 101, 102, 103, 104, 105, 106, 107, 108, 109, 110, 111, 112, 113, 114, 115, 116, 117, 118, 119, 120, 121, 122, 123, 124, 125, 126, 127, 128, 129, 130, 131, 132, 133, 134, 135, 136, 137, 138, 139, 140, 141, 142, 143, 144, 145, 146, 147, 148, 149]

--- Генерація вершинного покриття (зі списку суміжності) ---
Знайдене максимальне парування (M): {(58, 102), (4, 125), (25, 99), (59, 119), (50, 122), (45, 135), (77, 81), (26, 97), (15, 42), (86, 93), (24, 115), (20, 84), (55, 142), (2, 51), (9, 69), (52, 76), (0, 23), (34, 107), (70, 100), (47, 110), (103, 145), (39, 133), (72, 78), (62, 138), (94, 112), (56, 131), (54, 146), (38, 95), (85, 118), (31, 147), (3, 82), (91, 137), (21, 33), (65, 124), (10, 57), (61, 75), (14, 149), (66, 132), (101, 129), (11, 74), (67, 106), (49, 128), (35, 80), (79, 141), (46, 83), (87, 127), (1, 32), (5, 109), (105, 108), (7, 134), (29, 73), (17, 43), (36, 121), (136, 144), (19, 41), (28, 123), (18, 88), (68, 104), (98, 117), (22, 27), (111, 148), (30, 71), (126, 139), (13, 64), (16, 60), (6, 116), (113, 130), (37, 40), (8, 92), (90, 140), (53, 63), (12, 120), (89, 114)}
Згенероване вершинне покриття (C): [0, 1, 2, 3, 4, 5, 6, 7, 8, 9, 10, 11, 12, 13, 14, 15, 16, 17, 18, 19, 20, 21, 22, 23, 24, 25, 26, 27, 28, 29, 30, 31, 32, 33, 34, 35, 36, 37, 38, 39, 40, 41, 42, 43, 45, 46, 47, 49, 50, 51, 52, 53, 54, 55, 56, 57, 58, 59, 60, 61, 62, 63, 64, 65, 66, 67, 68, 69, 70, 71, 72, 73, 74, 75, 76, 77, 78, 79, 80, 81, 82, 83, 84, 85, 86, 87, 88, 89, 90, 91, 92, 93, 94, 95, 97, 98, 99, 100, 101, 102, 103, 104, 105, 106, 107, 108, 109, 110, 111, 112, 113, 114, 115, 116, 117, 118, 119, 120, 121, 122, 123, 124, 125, 126, 127, 128, 129, 130, 131, 132, 133, 134, 135, 136, 137, 138, 139, 140, 141, 142, 144, 145, 146, 147, 148, 149]

--- Генерація вершинного покриття (зі списку суміжності) ---
Знайдене максимальне парування (M): {(67, 117), (94, 113), (91, 120), (26, 88), (39, 85), (37, 128), (51, 111), (61, 125), (3, 16), (28, 73), (47, 141), (74, 89), (86, 145), (80, 135), (41, 134), (97, 99), (52, 137), (81, 136), (131, 146), (15, 72), (58, 107), (27, 110), (54, 70), (5, 46), (115, 144), (63, 143), (9, 53), (13, 108), (19, 127), (21, 33), (92, 133), (75, 126), (55, 147), (25, 119), (17, 20), (82, 122), (29, 116), (6, 59), (2, 129), (57, 77), (23, 103), (44, 138), (48, 71), (1, 78), (32, 84), (10, 148), (43, 90), (76, 96), (87, 124), (12, 66), (36, 118), (64, 79), (18, 24), (11, 101), (35, 98), (109, 142), (50, 62), (30, 123), (40, 42), (7, 100), (8, 132), (102, 139), (34, 93), (65, 83), (14, 38), (22, 45), (4, 104), (31, 112), (49, 69), (95, 121), (0, 149), (60, 105), (68, 140), (106, 130)}
Згенероване вершинне покриття (C): [0, 1, 2, 3, 4, 5, 6, 7, 8, 9, 10, 11, 12, 13, 14, 15, 16, 17, 18, 19, 20, 21, 22, 23, 24, 25, 26, 27, 28, 29, 30, 31, 32, 33, 34, 35, 36, 37, 38, 39, 40, 41, 42, 43, 44, 45, 46, 47, 48, 49, 50, 51, 52, 53, 54, 55, 57, 58, 59, 60, 61, 62, 63, 64, 65, 66, 67, 68, 69, 70, 71, 72, 73, 74, 75, 76, 77, 78, 79, 80, 81, 82, 83, 84, 85, 86, 87, 88, 89, 90, 91, 92, 93, 94, 95, 96, 97, 98, 99, 100, 101, 102, 103, 104, 105, 106, 107, 108, 109, 110, 111, 112, 113, 115, 116, 117, 118, 119, 120, 121, 122, 123, 124, 125, 126, 127, 128, 129, 130, 131, 132, 133, 134, 135, 136, 137, 138, 139, 140, 141, 142, 143, 144, 145, 146, 147, 148, 149]

--- Генерація вершинного покриття (зі списку суміжності) ---
Знайдене максимальне парування (M): {(66, 91), (15, 85), (33, 106), (65, 104), (3, 126), (61, 119), (84, 145), (59, 134), (37, 128), (78, 144), (88, 112), (43, 116), (19, 67), (7, 41), (57, 63), (9, 72), (108, 133), (21, 46), (52, 146), (115, 123), (58, 95), (11, 81), (35, 130), (28, 94), (2, 69), (71, 77), (30, 143), (109, 125), (86, 132), (90, 99), (102, 131), (111, 137), (80, 82), (5, 18), (53, 101), (48, 50), (29, 113), (31, 110), (70, 148), (124, 149), (36, 97), (32, 139), (129, 142), (12, 103), (117, 122), (0, 147), (45, 54), (79, 83), (6, 16), (56, 121), (26, 138), (68, 92), (42, 107), (40, 140), (4, 120), (55, 73), (25, 39), (17, 62), (22, 76), (20, 24), (51, 60), (93, 127), (135, 136), (13, 64), (34, 38), (118, 141), (100, 105), (23, 47), (27, 96), (1, 10), (8, 89), (87, 114), (49, 75)}
Згенероване вершинне покриття (C): [0, 1, 2, 3, 4, 5, 6, 7, 8, 9, 10, 11, 12, 13, 15, 16, 17, 18, 19, 20, 21, 22, 23, 24, 25, 26, 27, 28, 29, 30, 31, 32, 33, 34, 35, 36, 37, 38, 39, 40, 41, 42, 43, 45, 46, 47, 48, 49, 50, 51, 52, 53, 54, 55, 56, 57, 58, 59, 60, 61, 62, 63, 64, 65, 66, 67, 68, 69, 70, 71, 72, 73, 75, 76, 77, 78, 79, 80, 81, 82, 83, 84, 85, 86, 87, 88, 89, 90, 91, 92, 93, 94, 95, 96, 97, 99, 100, 101, 102, 103, 104, 105, 106, 107, 108, 109, 110, 111, 112, 113, 114, 115, 116, 117, 118, 119, 120, 121, 122, 123, 124, 125, 126, 127, 128, 129, 130, 131, 132, 133, 134, 135, 136, 137, 138, 139, 140, 141, 142, 143, 144, 145, 146, 147, 148, 149]

--- Генерація вершинного покриття (зі списку суміжності) ---
Знайдене максимальне парування (M): {(109, 132), (0, 39), (44, 103), (28, 125), (77, 81), (65, 107), (70, 73), (23, 83), (35, 115), (51, 123), (21, 95), (24, 118), (84, 102), (92, 94), (12, 104), (19, 85), (56, 110), (58, 101), (33, 87), (29, 68), (106, 129), (16, 74), (26, 139), (14, 52), (78, 116), (49, 138), (22, 62), (11, 96), (2, 99), (3, 122), (133, 134), (20, 144), (17, 66), (79, 108), (10, 57), (69, 143), (7, 98), (50, 75), (34, 88), (32, 63), (90, 111), (114, 117), (40, 46), (135, 149), (31, 113), (1, 8), (4, 105), (6, 13), (64, 119), (131, 148), (36, 112), (136, 147), (71, 146), (9, 43), (67, 121), (18, 30), (53, 82), (38, 91), (45, 72), (97, 140), (42, 61), (54, 145), (5, 127), (76, 120), (41, 126), (37, 141), (59, 89), (80, 93), (27, 142), (86, 100), (25, 124), (15, 128), (48, 137)}
Згенероване вершинне покриття (C): [0, 1, 2, 3, 4, 5, 6, 7, 8, 9, 10, 11, 12, 13, 14, 15, 16, 17, 18, 19, 20, 21, 22, 23, 24, 25, 26, 27, 28, 29, 30, 31, 32, 33, 34, 35, 36, 37, 38, 39, 40, 41, 42, 43, 44, 45, 46, 48, 49, 50, 51, 52, 53, 54, 56, 57, 58, 59, 61, 62, 63, 64, 65, 66, 67, 68, 69, 70, 71, 72, 73, 74, 75, 76, 77, 78, 79, 80, 81, 82, 83, 84, 85, 86, 87, 88, 89, 90, 91, 92, 93, 94, 95, 96, 97, 98, 99, 100, 101, 102, 103, 104, 105, 106, 107, 108, 109, 110, 111, 112, 113, 114, 115, 116, 117, 118, 119, 120, 121, 122, 123, 124, 125, 126, 127, 128, 129, 131, 132, 133, 134, 135, 136, 137, 138, 139, 140, 141, 142, 143, 144, 145, 146, 147, 148, 149]

--- Генерація вершинного покриття (зі списку суміжності) ---
Знайдене максимальне парування (M): {(9, 45), (54, 65), (46, 88), (67, 68), (5, 114), (35, 94), (28, 61), (120, 132), (42, 112), (102, 129), (98, 104), (6, 36), (86, 96), (20, 44), (11, 69), (21, 49), (84, 111), (39, 48), (38, 123), (10, 73), (1, 64), (100, 110), (99, 148), (47, 52), (103, 145), (17, 109), (92, 118), (53, 126), (26, 90), (134, 139), (51, 122), (124, 128), (59, 78), (15, 108), (77, 83), (60, 137), (8, 43), (71, 116), (22, 95), (27, 146), (82, 119), (80, 97), (85, 87), (74, 81), (57, 135), (76, 142), (12, 121), (56, 127), (101, 147), (25, 91), (37, 117), (19, 41), (75, 113), (29, 140), (7, 143), (58, 72), (18, 30), (106, 149), (32, 50), (2, 34), (70, 141), (79, 107), (3, 23), (93, 136), (33, 55), (24, 125), (105, 138), (4, 89), (0, 131), (16, 66), (31, 63), (40, 130), (115, 133)}
Згенероване вершинне покриття (C): [0, 1, 2, 3, 4, 5, 6, 7, 8, 9, 10, 11, 12, 15, 16, 17, 18, 19, 20, 21, 22, 23, 24, 25, 26, 27, 28, 29, 30, 31, 32, 33, 34, 35, 36, 37, 38, 39, 40, 41, 42, 43, 44, 45, 46, 47, 48, 49, 50, 51, 52, 53, 54, 55, 56, 57, 58, 59, 60, 61, 63, 64, 65, 66, 67, 68, 69, 70, 71, 72, 73, 74, 75, 76, 77, 78, 79, 80, 81, 82, 83, 84, 85, 86, 87, 88, 89, 90, 91, 92, 93, 94, 95, 96, 97, 98, 99, 100, 101, 102, 103, 104, 105, 106, 107, 108, 109, 110, 111, 112, 113, 114, 115, 116, 117, 118, 119, 120, 121, 122, 123, 124, 125, 126, 127, 128, 129, 130, 131, 132, 133, 134, 135, 136, 137, 138, 139, 140, 141, 142, 143, 145, 146, 147, 148, 149]

--- Генерація вершинного покриття (зі списку суміжності) ---
Знайдене максимальне парування (M): {(51, 99), (11, 97), (2, 91), (110, 127), (9, 106), (24, 42), (0, 57), (74, 119), (3, 25), (56, 147), (84, 102), (14, 28), (67, 95), (61, 85), (52, 146), (76, 82), (23, 46), (8, 94), (30, 33), (122, 134), (104, 135), (39, 69), (79, 87), (88, 90), (55, 123), (103, 142), (21, 131), (53, 71), (20, 141), (15, 38), (107, 118), (60, 70), (19, 121), (29, 37), (125, 139), (116, 136), (43, 63), (124, 143), (64, 98), (130, 132), (68, 111), (26, 114), (58, 149), (31, 49), (35, 126), (78, 100), (65, 145), (12, 115), (18, 137), (72, 77), (6, 80), (5, 112), (4, 62), (40, 75), (54, 81), (93, 133), (59, 138), (16, 48), (32, 129), (45, 96), (17, 83), (73, 109), (101, 128), (1, 10), (41, 92), (7, 66), (47, 108), (27, 44), (36, 105), (34, 120), (113, 148)}
Згенероване вершинне покриття (C): [0, 1, 2, 3, 4, 5, 6, 7, 8, 9, 10, 11, 12, 14, 15, 16, 17, 18, 19, 20, 21, 23, 24, 25, 26, 27, 28, 29, 30, 31, 32, 33, 34, 35, 36, 37, 38, 39, 40, 41, 42, 43, 44, 45, 46, 47, 48, 49, 51, 52, 53, 54, 55, 56, 57, 58, 59, 60, 61, 62, 63, 64, 65, 66, 67, 68, 69, 70, 71, 72, 73, 74, 75, 76, 77, 78, 79, 80, 81, 82, 83, 84, 85, 87, 88, 90, 91, 92, 93, 94, 95, 96, 97, 98, 99, 100, 101, 102, 103, 104, 105, 106, 107, 108, 109, 110, 111, 112, 113, 114, 115, 116, 118, 119, 120, 121, 122, 123, 124, 125, 126, 127, 128, 129, 130, 131, 132, 133, 134, 135, 136, 137, 138, 139, 141, 142, 143, 145, 146, 147, 148, 149]

--- Генерація вершинного покриття (зі списку суміжності) ---
Знайдене максимальне парування (M): {(53, 72), (79, 149), (71, 87), (21, 74), (14, 132), (50, 119), (12, 19), (29, 84), (110, 145), (80, 141), (31, 93), (85, 128), (34, 92), (33, 130), (61, 140), (32, 134), (62, 114), (30, 94), (56, 58), (4, 48), (65, 91), (52, 97), (51, 101), (37, 57), (75, 108), (137, 144), (28, 112), (41, 106), (6, 142), (8, 45), (26, 35), (36, 70), (64, 86), (2, 47), (68, 96), (99, 117), (116, 127), (10, 118), (126, 131), (89, 146), (60, 73), (105, 139), (3, 27), (17, 20), (44, 129), (22, 46), (113, 125), (107, 148), (7, 122), (123, 135), (11, 25), (136, 138), (120, 121), (40, 67), (111, 124), (0, 147), (13, 83), (90, 98), (88, 104), (38, 42), (5, 69), (78, 81), (15, 43), (18, 39), (49, 115), (82, 109), (16, 54), (23, 102), (9, 24), (55, 100), (1, 77), (66, 76), (59, 95)}
Згенероване вершинне покриття (C): [0, 1, 2, 3, 4, 5, 6, 7, 8, 9, 10, 11, 12, 13, 14, 15, 16, 17, 18, 19, 20, 21, 22, 23, 24, 25, 26, 27, 28, 29, 30, 31, 32, 33, 34, 35, 36, 37, 38, 39, 40, 41, 42, 43, 44, 45, 46, 47, 48, 49, 50, 51, 52, 53, 54, 55, 56, 57, 58, 59, 60, 61, 62, 64, 65, 66, 67, 68, 69, 70, 71, 72, 73, 74, 75, 76, 77, 78, 79, 80, 81, 82, 83, 84, 85, 86, 87, 88, 89, 90, 91, 92, 93, 94, 95, 96, 97, 98, 99, 100, 101, 102, 104, 105, 106, 107, 108, 109, 110, 111, 112, 113, 114, 115, 116, 117, 118, 119, 120, 121, 122, 123, 124, 125, 126, 127, 128, 129, 130, 131, 132, 134, 135, 136, 137, 138, 139, 140, 141, 142, 144, 145, 146, 147, 148, 149]

--- Генерація вершинного покриття (зі списку суміжності) ---
Знайдене максимальне парування (M): {(76, 92), (111, 123), (12, 65), (33, 100), (15, 94), (6, 30), (20, 142), (40, 145), (120, 144), (102, 132), (23, 80), (124, 138), (19, 64), (44, 63), (77, 78), (73, 96), (47, 71), (17, 79), (114, 115), (50, 85), (118, 146), (41, 143), (0, 81), (75, 90), (11, 26), (69, 110), (86, 117), (27, 98), (109, 119), (1, 24), (28, 103), (105, 106), (36, 116), (32, 97), (101, 148), (87, 131), (31, 141), (3, 18), (53, 89), (52, 127), (84, 95), (10, 60), (74, 130), (8, 139), (13, 62), (4, 29), (68, 126), (104, 125), (93, 149), (16, 67), (61, 99), (51, 88), (7, 122), (38, 140), (9, 43), (2, 25), (82, 91), (22, 134), (45, 133), (14, 72), (83, 135), (35, 55), (5, 136), (59, 147), (42, 70), (39, 107), (54, 108), (48, 58), (49, 121), (66, 137), (57, 128), (21, 56), (37, 46)}
Згенероване вершинне покриття (C): [0, 1, 2, 3, 4, 5, 6, 7, 8, 9, 10, 11, 12, 13, 14, 15, 16, 17, 18, 19, 20, 21, 22, 23, 24, 25, 26, 27, 28, 29, 30, 31, 32, 33, 35, 36, 37, 38, 39, 40, 41, 42, 43, 44, 45, 46, 47, 48, 49, 50, 51, 52, 53, 54, 55, 56, 57, 58, 59, 60, 61, 62, 63, 64, 65, 66, 67, 68, 69, 70, 71, 72, 73, 74, 75, 76, 77, 78, 79, 80, 81, 82, 83, 84, 85, 86, 87, 88, 89, 90, 91, 92, 93, 94, 95, 96, 97, 98, 99, 100, 101, 102, 103, 104, 105, 106, 107, 108, 109, 110, 111, 114, 115, 116, 117, 118, 119, 120, 121, 122, 123, 124, 125, 126, 127, 128, 130, 131, 132, 133, 134, 135, 136, 137, 138, 139, 140, 141, 142, 143, 144, 145, 146, 147, 148, 149]

--- Генерація вершинного покриття (зі списку суміжності) ---
Знайдене максимальне парування (M): {(27, 47), (68, 91), (3, 120), (75, 106), (18, 139), (36, 123), (20, 72), (95, 148), (48, 94), (53, 81), (70, 76), (45, 89), (69, 80), (7, 102), (71, 105), (66, 121), (85, 134), (8, 12), (34, 147), (29, 99), (74, 137), (52, 143), (103, 136), (109, 119), (78, 122), (9, 96), (33, 93), (39, 133), (73, 141), (86, 126), (2, 38), (30, 54), (21, 140), (28, 57), (19, 112), (67, 82), (11, 59), (37, 84), (77, 98), (125, 145), (0, 16), (116, 142), (6, 111), (58, 88), (61, 90), (124, 149), (115, 131), (22, 101), (5, 97), (23, 51), (13, 144), (17, 50), (44, 104), (128, 146), (1, 108), (26, 40), (92, 132), (127, 129), (43, 117), (24, 110), (10, 62), (15, 46), (4, 25), (107, 138), (49, 118), (41, 64), (32, 135), (55, 100), (113, 130), (87, 114), (65, 83), (31, 60), (14, 56)}
Згенероване вершинне покриття (C): [0, 1, 2, 3, 4, 5, 6, 7, 8, 9, 10, 11, 12, 13, 14, 15, 16, 17, 18, 19, 20, 21, 22, 23, 24, 25, 26, 27, 28, 29, 30, 31, 32, 33, 34, 36, 37, 38, 39, 40, 41, 43, 44, 45, 46, 47, 48, 49, 50, 51, 52, 53, 54, 55, 56, 57, 58, 59, 60, 61, 62, 64, 65, 66, 67, 68, 69, 70, 71, 72, 73, 74, 75, 76, 77, 78, 80, 81, 82, 83, 84, 85, 86, 87, 88, 89, 90, 91, 92, 93, 94, 95, 96, 97, 98, 99, 100, 101, 102, 103, 104, 105, 106, 107, 108, 109, 110, 111, 112, 113, 114, 115, 116, 117, 118, 119, 120, 121, 122, 123, 124, 125, 126, 127, 128, 129, 130, 131, 132, 133, 134, 135, 136, 137, 138, 139, 140, 141, 142, 143, 144, 145, 146, 147, 148, 149]

--- Генерація вершинного покриття (зі списку суміжності) ---
Знайдене максимальне парування (M): {(3, 59), (52, 110), (40, 81), (36, 129), (89, 132), (18, 26), (0, 57), (47, 80), (60, 71), (65, 119), (96, 134), (101, 127), (14, 34), (2, 8), (24, 75), (7, 123), (37, 100), (27, 95), (78, 107), (109, 122), (77, 117), (15, 72), (17, 45), (19, 42), (51, 92), (103, 145), (29, 74), (106, 141), (116, 118), (13, 102), (23, 82), (31, 144), (61, 66), (69, 79), (11, 114), (22, 83), (125, 133), (46, 56), (16, 113), (21, 91), (5, 140), (33, 126), (108, 135), (32, 139), (55, 104), (85, 148), (10, 20), (76, 142), (63, 124), (4, 44), (67, 112), (43, 90), (25, 88), (30, 41), (120, 136), (53, 143), (1, 38), (6, 147), (28, 62), (49, 97), (50, 68), (84, 94), (86, 149), (12, 35), (9, 70), (73, 115), (130, 137), (98, 138), (121, 128), (54, 111), (58, 99), (48, 64), (93, 105)}
Згенероване вершинне покриття (C): [0, 1, 2, 3, 4, 5, 6, 7, 8, 9, 10, 11, 12, 13, 14, 15, 16, 17, 18, 19, 20, 21, 22, 23, 24, 25, 26, 27, 28, 29, 30, 31, 32, 33, 34, 35, 36, 37, 38, 40, 41, 42, 43, 44, 45, 46, 47, 48, 49, 50, 51, 52, 53, 54, 55, 56, 57, 58, 59, 60, 61, 62, 63, 64, 65, 66, 67, 68, 69, 70, 71, 72, 73, 74, 75, 76, 77, 78, 79, 80, 81, 82, 83, 84, 85, 86, 88, 89, 90, 91, 92, 93, 94, 95, 96, 97, 98, 99, 100, 101, 102, 103, 104, 105, 106, 107, 108, 109, 110, 111, 112, 113, 114, 115, 116, 117, 118, 119, 120, 121, 122, 123, 124, 125, 126, 127, 128, 129, 130, 132, 133, 134, 135, 136, 137, 138, 139, 140, 141, 142, 143, 144, 145, 147, 148, 149]

--- Генерація вершинного покриття (зі списку суміжності) ---
Знайдене максимальне парування (M): {(119, 133), (64, 136), (25, 99), (34, 71), (88, 106), (81, 100), (59, 67), (31, 87), (41, 61), (54, 147), (12, 83), (13, 48), (84, 93), (45, 144), (66, 109), (58, 74), (23, 37), (126, 135), (21, 104), (32, 128), (89, 95), (47, 86), (75, 78), (57, 72), (7, 120), (49, 68), (123, 124), (91, 101), (62, 117), (65, 146), (22, 114), (4, 112), (8, 39), (28, 115), (77, 141), (69, 79), (43, 118), (24, 56), (42, 132), (52, 130), (26, 105), (125, 148), (121, 129), (80, 149), (0, 10), (29, 116), (16, 73), (27, 97), (17, 38), (20, 55), (5, 36), (113, 140), (33, 92), (18, 131), (40, 70), (19, 96), (30, 35), (14, 127), (50, 53), (1, 44), (11, 107), (98, 111), (110, 143), (6, 46), (102, 142), (3, 145), (9, 76), (60, 139), (108, 137), (90, 122), (103, 134), (2, 85), (15, 82)}
Згенероване вершинне покриття (C): [0, 1, 2, 3, 4, 5, 6, 7, 8, 9, 10, 11, 12, 13, 14, 15, 16, 17, 18, 19, 20, 21, 22, 23, 24, 25, 26, 27, 28, 29, 30, 31, 32, 33, 34, 35, 36, 37, 38, 39, 40, 41, 42, 43, 44, 45, 46, 47, 48, 49, 50, 52, 53, 54, 55, 56, 57, 58, 59, 60, 61, 62, 64, 65, 66, 67, 68, 69, 70, 71, 72, 73, 74, 75, 76, 77, 78, 79, 80, 81, 82, 83, 84, 85, 86, 87, 88, 89, 90, 91, 92, 93, 95, 96, 97, 98, 99, 100, 101, 102, 103, 104, 105, 106, 107, 108, 109, 110, 111, 112, 113, 114, 115, 116, 117, 118, 119, 120, 121, 122, 123, 124, 125, 126, 127, 128, 129, 130, 131, 132, 133, 134, 135, 136, 137, 139, 140, 141, 142, 143, 144, 145, 146, 147, 148, 149]

--- Генерація вершинного покриття (зі списку суміжності) ---
Знайдене максимальне парування (M): {(40, 139), (94, 107), (89, 129), (15, 24), (10, 98), (25, 38), (1, 34), (109, 141), (4, 67), (42, 57), (52, 55), (59, 131), (5, 65), (75, 127), (79, 115), (39, 103), (60, 77), (14, 28), (61, 146), (87, 104), (82, 117), (20, 111), (0, 23), (68, 69), (32, 76), (54, 116), (66, 72), (122, 137), (47, 113), (81, 145), (53, 132), (2, 148), (41, 51), (33, 108), (13, 44), (3, 128), (74, 124), (17, 130), (70, 78), (9, 16), (58, 85), (29, 43), (123, 126), (22, 31), (19, 133), (80, 88), (27, 143), (96, 136), (46, 120), (121, 135), (101, 138), (11, 144), (36, 45), (30, 99), (93, 112), (7, 140), (73, 149), (50, 62), (12, 142), (6, 95), (48, 110), (97, 100), (21, 102), (114, 119), (35, 64), (26, 125), (83, 147), (84, 118), (90, 134), (91, 105), (37, 49), (63, 71)}
Згенероване вершинне покриття (C): [0, 1, 2, 3, 4, 5, 6, 7, 9, 10, 11, 12, 13, 14, 15, 16, 17, 19, 20, 21, 22, 23, 24, 25, 26, 27, 28, 29, 30, 31, 32, 33, 34, 35, 36, 37, 38, 39, 40, 41, 42, 43, 44, 45, 46, 47, 48, 49, 50, 51, 52, 53, 54, 55, 57, 58, 59, 60, 61, 62, 63, 64, 65, 66, 67, 68, 69, 70, 71, 72, 73, 74, 75, 76, 77, 78, 79, 80, 81, 82, 83, 84, 85, 87, 88, 89, 90, 91, 93, 94, 95, 96, 97, 98, 99, 100, 101, 102, 103, 104, 105, 107, 108, 109, 110, 111, 112, 113, 114, 115, 116, 117, 118, 119, 120, 121, 122, 123, 124, 125, 126, 127, 128, 129, 130, 131, 132, 133, 134, 135, 136, 137, 138, 139, 140, 141, 142, 143, 144, 145, 146, 147, 148, 149]

--- Генерація вершинного покриття (зі списку суміжності) ---
Знайдене максимальне парування (M): {(64, 66), (27, 53), (39, 79), (48, 140), (43, 46), (95, 142), (24, 36), (44, 103), (84, 127), (30, 55), (99, 124), (96, 131), (42, 63), (26, 115), (112, 121), (1, 67), (107, 146), (15, 69), (75, 148), (5, 98), (89, 116), (71, 138), (54, 134), (72, 81), (8, 106), (12, 128), (17, 51), (50, 109), (86, 132), (20, 28), (70, 133), (82, 113), (9, 129), (6, 111), (65, 130), (22, 40), (4, 93), (60, 91), (108, 144), (10, 23), (31, 58), (57, 74), (11, 147), (119, 122), (13, 83), (37, 52), (2, 25), (14, 105), (92, 120), (73, 76), (59, 123), (38, 94), (97, 137), (41, 114), (18, 33), (139, 149), (0, 49), (68, 110), (56, 78), (34, 145), (7, 45), (3, 87), (61, 141), (32, 126), (85, 135), (35, 125), (80, 90), (29, 118), (88, 143), (47, 102), (104, 136), (100, 117), (21, 62), (19, 101)}
Згенероване вершинне покриття (C): [0, 1, 2, 3, 4, 5, 6, 7, 8, 9, 10, 11, 12, 13, 14, 15, 17, 18, 19, 20, 21, 22, 23, 24, 25, 26, 27, 28, 29, 30, 31, 32, 33, 34, 35, 36, 37, 38, 39, 40, 41, 42, 43, 44, 45, 46, 47, 48, 49, 50, 51, 52, 53, 54, 55, 56, 57, 58, 59, 60, 61, 62, 63, 64, 65, 66, 67, 68, 69, 70, 71, 72, 73, 74, 75, 76, 78, 79, 80, 81, 82, 83, 84, 85, 86, 87, 88, 89, 90, 91, 92, 93, 94, 95, 96, 97, 98, 99, 100, 101, 102, 103, 104, 105, 106, 107, 108, 109, 110, 111, 112, 113, 114, 115, 116, 117, 118, 119, 120, 121, 122, 123, 124, 125, 126, 127, 128, 129, 130, 131, 132, 133, 134, 135, 136, 137, 138, 139, 140, 141, 142, 143, 144, 145, 146, 147, 148, 149]

--- Генерація вершинного покриття (зі списку суміжності) ---
Знайдене максимальне парування (M): {(2, 91), (42, 109), (34, 132), (86, 139), (125, 131), (31, 81), (78, 147), (64, 99), (24, 63), (25, 123), (82, 114), (88, 130), (19, 76), (46, 133), (89, 113), (106, 129), (28, 100), (111, 119), (33, 148), (62, 141), (13, 35), (48, 87), (15, 20), (22, 68), (43, 45), (54, 140), (108, 120), (73, 101), (23, 94), (26, 56), (124, 146), (47, 143), (77, 98), (40, 52), (65, 69), (10, 75), (116, 145), (11, 138), (6, 59), (55, 107), (18, 122), (93, 97), (51, 149), (8, 44), (7, 70), (128, 134), (14, 118), (85, 102), (83, 117), (67, 121), (32, 41), (27, 60), (17, 126), (21, 84), (37, 80), (61, 71), (3, 136), (57, 58), (39, 104), (135, 142), (1, 4), (29, 103), (0, 12), (95, 115), (66, 137), (74, 144), (38, 127), (5, 96), (53, 112), (92, 110), (9, 30), (36, 105)}
Згенероване вершинне покриття (C): [0, 1, 2, 3, 4, 5, 6, 7, 8, 9, 10, 11, 12, 13, 14, 15, 17, 18, 19, 20, 21, 22, 23, 24, 25, 26, 27, 28, 29, 30, 31, 32, 33, 34, 35, 36, 37, 38, 39, 40, 41, 42, 43, 44, 45, 46, 47, 48, 51, 52, 53, 54, 55, 56, 57, 58, 59, 60, 61, 62, 63, 64, 65, 66, 67, 68, 69, 70, 71, 73, 74, 75, 76, 77, 78, 80, 81, 82, 83, 84, 85, 86, 87, 88, 89, 91, 92, 93, 94, 95, 96, 97, 98, 99, 100, 101, 102, 103, 104, 105, 106, 107, 108, 109, 110, 111, 112, 113, 114, 115, 116, 117, 118, 119, 120, 121, 122, 123, 124, 125, 126, 127, 128, 129, 130, 131, 132, 133, 134, 135, 136, 137, 138, 139, 140, 141, 142, 143, 144, 145, 146, 147, 148, 149]

Середній час виконання: 0.0003977966 секунд
