
--- Генерація вершинного покриття (зі списку суміжності) ---
Знайдене максимальне парування (M): {(43, 156), (53, 133), (4, 9), (91, 135), (3, 40), (20, 56), (114, 145), (70, 176), (64, 89), (100, 140), (46, 50), (17, 78), (101, 181), (5, 21), (57, 178), (14, 97), (38, 183), (23, 118), (126, 167), (166, 185), (84, 143), (8, 105), (44, 104), (7, 30), (99, 168), (119, 155), (92, 147), (29, 54), (13, 131), (77, 112), (80, 163), (24, 195), (71, 72), (52, 165), (11, 39), (42, 182), (19, 134), (121, 139), (36, 162), (35, 87), (157, 198), (48, 117), (115, 171), (107, 151), (144, 188), (74, 175), (37, 190), (125, 193), (6, 95), (127, 174), (0, 45), (137, 169), (81, 173), (47, 58), (111, 189), (63, 85), (128, 150), (148, 192), (67, 149), (32, 136), (108, 138), (10, 197), (31, 55), (93, 158), (59, 172), (102, 170), (76, 96), (94, 120), (86, 164), (26, 122), (16, 66), (73, 191), (83, 159), (109, 132), (106, 142), (124, 187), (27, 62), (41, 61), (68, 69), (34, 49), (146, 199), (82, 141), (79, 184), (22, 113), (98, 154), (123, 153), (12, 194), (130, 177), (25, 103), (33, 116), (2, 110), (88, 180), (152, 161)}
Згенероване вершинне покриття (C): [0, 2, 3, 4, 5, 6, 7, 8, 9, 10, 11, 12, 13, 14, 16, 17, 19, 20, 21, 22, 23, 24, 25, 26, 27, 29, 30, 31, 32, 33, 34, 35, 36, 37, 38, 39, 40, 41, 42, 43, 44, 45, 46, 47, 48, 49, 50, 52, 53, 54, 55, 56, 57, 58, 59, 61, 62, 63, 64, 66, 67, 68, 69, 70, 71, 72, 73, 74, 76, 77, 78, 79, 80, 81, 82, 83, 84, 85, 86, 87, 88, 89, 91, 92, 93, 94, 95, 96, 97, 98, 99, 100, 101, 102, 103, 104, 105, 106, 107, 108, 109, 110, 111, 112, 113, 114, 115, 116, 117, 118, 119, 120, 121, 122, 123, 124, 125, 126, 127, 128, 130, 131, 132, 133, 134, 135, 136, 137, 138, 139, 140, 141, 142, 143, 144, 145, 146, 147, 148, 149, 150, 151, 152, 153, 154, 155, 156, 157, 158, 159, 161, 162, 163, 164, 165, 166, 167, 168, 169, 170, 171, 172, 173, 174, 175, 176, 177, 178, 180, 181, 182, 183, 184, 185, 187, 188, 189, 190, 191, 192, 193, 194, 195, 197, 198, 199]

--- Генерація вершинного покриття (зі списку суміжності) ---
Знайдене максимальне парування (M): {(55, 75), (53, 151), (57, 112), (64, 160), (37, 42), (78, 107), (24, 26), (18, 74), (159, 199), (16, 141), (162, 170), (34, 195), (22, 83), (180, 194), (154, 184), (32, 124), (20, 177), (46, 196), (103, 138), (70, 105), (50, 111), (81, 144), (65, 102), (19, 59), (40, 54), (80, 90), (146, 191), (14, 172), (3, 10), (7, 181), (13, 23), (118, 158), (161, 193), (164, 173), (49, 171), (51, 198), (41, 87), (125, 175), (94, 114), (157, 182), (31, 39), (56, 169), (82, 133), (0, 155), (12, 28), (131, 183), (2, 63), (15, 127), (33, 197), (6, 8), (93, 119), (47, 186), (85, 188), (36, 79), (84, 165), (27, 76), (35, 123), (115, 122), (150, 174), (73, 116), (148, 167), (136, 147), (48, 89), (61, 117), (143, 152), (52, 77), (91, 145), (44, 137), (1, 132), (156, 189), (17, 95), (30, 92), (43, 86), (97, 121), (98, 104), (38, 108), (9, 11), (29, 126), (66, 99), (109, 134), (4, 69), (113, 168), (88, 178), (142, 176), (5, 106), (166, 179), (139, 140), (72, 135), (149, 190), (187, 192), (45, 163), (68, 128), (129, 153), (21, 62)}
Згенероване вершинне покриття (C): [0, 1, 2, 3, 4, 5, 6, 7, 8, 9, 10, 11, 12, 13, 14, 15, 16, 17, 18, 19, 20, 21, 22, 23, 24, 26, 27, 28, 29, 30, 31, 32, 33, 34, 35, 36, 37, 38, 39, 40, 41, 42, 43, 44, 45, 46, 47, 48, 49, 50, 51, 52, 53, 54, 55, 56, 57, 59, 61, 62, 63, 64, 65, 66, 68, 69, 70, 72, 73, 74, 75, 76, 77, 78, 79, 80, 81, 82, 83, 84, 85, 86, 87, 88, 89, 90, 91, 92, 93, 94, 95, 97, 98, 99, 102, 103, 104, 105, 106, 107, 108, 109, 111, 112, 113, 114, 115, 116, 117, 118, 119, 121, 122, 123, 124, 125, 126, 127, 128, 129, 131, 132, 133, 134, 135, 136, 137, 138, 139, 140, 141, 142, 143, 144, 145, 146, 147, 148, 149, 150, 151, 152, 153, 154, 155, 156, 157, 158, 159, 160, 161, 162, 163, 164, 165, 166, 167, 168, 169, 170, 171, 172, 173, 174, 175, 176, 177, 178, 179, 180, 181, 182, 183, 184, 186, 187, 188, 189, 190, 191, 192, 193, 194, 195, 196, 197, 198, 199]

--- Генерація вершинного покриття (зі списку суміжності) ---
Знайдене максимальне парування (M): {(107, 168), (65, 116), (54, 150), (97, 102), (4, 94), (44, 84), (50, 100), (15, 87), (158, 179), (10, 155), (27, 70), (64, 162), (69, 152), (174, 180), (55, 171), (78, 173), (58, 115), (127, 175), (134, 135), (17, 71), (108, 189), (76, 184), (28, 153), (7, 197), (8, 52), (1, 110), (59, 198), (23, 86), (38, 169), (26, 148), (99, 163), (57, 157), (9, 117), (30, 63), (85, 182), (0, 178), (36, 91), (37, 53), (5, 185), (12, 136), (33, 186), (14, 96), (24, 73), (101, 128), (18, 194), (21, 95), (129, 195), (19, 143), (142, 177), (49, 77), (6, 72), (25, 156), (48, 151), (43, 164), (83, 191), (41, 75), (90, 132), (34, 109), (42, 92), (125, 172), (93, 176), (3, 11), (51, 124), (140, 181), (80, 139), (160, 193), (104, 170), (13, 61), (126, 154), (114, 192), (81, 88), (35, 45), (105, 119), (89, 144), (32, 122), (16, 68), (39, 118), (47, 165), (137, 187), (161, 199), (141, 196), (67, 82), (138, 188), (31, 98), (147, 190), (79, 159), (121, 183), (56, 145), (22, 106), (2, 146)}
Згенероване вершинне покриття (C): [0, 1, 2, 3, 4, 5, 6, 7, 8, 9, 10, 11, 12, 13, 14, 15, 16, 17, 18, 19, 21, 22, 23, 24, 25, 26, 27, 28, 30, 31, 32, 33, 34, 35, 36, 37, 38, 39, 41, 42, 43, 44, 45, 47, 48, 49, 50, 51, 52, 53, 54, 55, 56, 57, 58, 59, 61, 63, 64, 65, 67, 68, 69, 70, 71, 72, 73, 75, 76, 77, 78, 79, 80, 81, 82, 83, 84, 85, 86, 87, 88, 89, 90, 91, 92, 93, 94, 95, 96, 97, 98, 99, 100, 101, 102, 104, 105, 106, 107, 108, 109, 110, 114, 115, 116, 117, 118, 119, 121, 122, 124, 125, 126, 127, 128, 129, 132, 134, 135, 136, 137, 138, 139, 140, 141, 142, 143, 144, 145, 146, 147, 148, 150, 151, 152, 153, 154, 155, 156, 157, 158, 159, 160, 161, 162, 163, 164, 165, 168, 169, 170, 171, 172, 173, 174, 175, 176, 177, 178, 179, 180, 181, 182, 183, 184, 185, 186, 187, 188, 189, 190, 191, 192, 193, 194, 195, 196, 197, 198, 199]

--- Генерація вершинного покриття (зі списку суміжності) ---
Знайдене максимальне парування (M): {(139, 197), (105, 198), (121, 142), (43, 158), (62, 74), (116, 164), (7, 147), (146, 171), (45, 94), (23, 91), (140, 166), (47, 57), (59, 178), (17, 108), (1, 35), (64, 137), (163, 180), (29, 155), (153, 157), (68, 125), (37, 101), (86, 188), (55, 182), (16, 90), (34, 190), (133, 138), (65, 168), (6, 36), (14, 83), (61, 97), (24, 78), (33, 154), (54, 67), (100, 192), (11, 114), (40, 95), (63, 106), (0, 187), (115, 134), (110, 113), (76, 99), (174, 189), (5, 185), (21, 38), (112, 122), (41, 199), (19, 150), (88, 167), (66, 109), (15, 118), (48, 60), (10, 149), (103, 160), (75, 123), (51, 186), (44, 71), (8, 136), (46, 165), (32, 111), (120, 148), (77, 143), (176, 195), (53, 124), (3, 169), (145, 152), (12, 126), (131, 162), (28, 70), (50, 82), (170, 181), (30, 85), (27, 98), (4, 42), (20, 132), (130, 175), (52, 191), (22, 31), (79, 184), (117, 177), (9, 159), (135, 173), (25, 39), (87, 96), (18, 161), (127, 196), (107, 193), (93, 194), (81, 119), (56, 172), (58, 102)}
Згенероване вершинне покриття (C): [0, 1, 3, 4, 5, 6, 7, 8, 9, 10, 11, 12, 14, 15, 16, 17, 18, 19, 20, 21, 22, 23, 24, 25, 27, 28, 29, 30, 31, 32, 33, 34, 35, 36, 37, 38, 39, 40, 41, 42, 43, 44, 45, 46, 47, 48, 50, 51, 52, 53, 54, 55, 56, 57, 58, 59, 60, 61, 62, 63, 64, 65, 66, 67, 68, 70, 71, 74, 75, 76, 77, 78, 79, 81, 82, 83, 85, 86, 87, 88, 90, 91, 93, 94, 95, 96, 97, 98, 99, 100, 101, 102, 103, 105, 106, 107, 108, 109, 110, 111, 112, 113, 114, 115, 116, 117, 118, 119, 120, 121, 122, 123, 124, 125, 126, 127, 130, 131, 132, 133, 134, 135, 136, 137, 138, 139, 140, 142, 143, 145, 146, 147, 148, 149, 150, 152, 153, 154, 155, 157, 158, 159, 160, 161, 162, 163, 164, 165, 166, 167, 168, 169, 170, 171, 172, 173, 174, 175, 176, 177, 178, 180, 181, 182, 184, 185, 186, 187, 188, 189, 190, 191, 192, 193, 194, 195, 196, 197, 198, 199]

--- Генерація вершинного покриття (зі списку суміжності) ---
Знайдене максимальне парування (M): {(160, 174), (15, 158), (30, 128), (23, 171), (40, 187), (4, 48), (80, 168), (114, 136), (175, 186), (86, 193), (2, 169), (34, 149), (14, 79), (3, 24), (101, 181), (129, 139), (9, 83), (38, 64), (106, 180), (189, 196), (142, 185), (99, 104), (33, 177), (119, 146), (148, 191), (97, 152), (57, 116), (54, 163), (37, 92), (117, 197), (61, 122), (63, 141), (111, 126), (72, 109), (32, 82), (44, 90), (98, 155), (28, 194), (130, 144), (113, 192), (13, 199), (73, 183), (49, 198), (71, 140), (45, 121), (76, 172), (96, 190), (65, 74), (108, 143), (84, 188), (50, 67), (124, 135), (6, 170), (59, 88), (52, 137), (10, 12), (107, 164), (0, 157), (1, 11), (18, 125), (39, 68), (91, 115), (29, 195), (41, 105), (78, 133), (43, 120), (27, 151), (127, 153), (53, 179), (16, 75), (100, 184), (123, 167), (8, 21), (47, 165), (94, 161), (31, 132), (26, 145), (118, 173), (35, 166), (42, 62), (95, 162), (19, 87), (102, 112), (20, 70), (51, 103), (154, 159), (69, 182), (36, 60), (56, 81), (25, 176), (66, 131), (58, 93), (85, 89)}
Згенероване вершинне покриття (C): [0, 1, 2, 3, 4, 6, 8, 9, 10, 11, 12, 13, 14, 15, 16, 18, 19, 20, 21, 23, 24, 25, 26, 27, 28, 29, 30, 31, 32, 33, 34, 35, 36, 37, 38, 39, 40, 41, 42, 43, 44, 45, 47, 48, 49, 50, 51, 52, 53, 54, 56, 57, 58, 59, 60, 61, 62, 63, 64, 65, 66, 67, 68, 69, 70, 71, 72, 73, 74, 75, 76, 78, 79, 80, 81, 82, 83, 84, 85, 86, 87, 88, 89, 90, 91, 92, 93, 94, 95, 96, 97, 98, 99, 100, 101, 102, 103, 104, 105, 106, 107, 108, 109, 111, 112, 113, 114, 115, 116, 117, 118, 119, 120, 121, 122, 123, 124, 125, 126, 127, 128, 129, 130, 131, 132, 133, 135, 136, 137, 139, 140, 141, 142, 143, 144, 145, 146, 148, 149, 151, 152, 153, 154, 155, 157, 158, 159, 160, 161, 162, 163, 164, 165, 166, 167, 168, 169, 170, 171, 172, 173, 174, 175, 176, 177, 179, 180, 181, 182, 183, 184, 185, 186, 187, 188, 189, 190, 191, 192, 193, 194, 195, 196, 197, 198, 199]

--- Генерація вершинного покриття (зі списку суміжності) ---
Знайдене максимальне парування (M): {(6, 91), (79, 115), (145, 179), (3, 159), (172, 196), (123, 157), (27, 180), (72, 93), (34, 140), (143, 165), (24, 193), (2, 153), (36, 185), (19, 114), (125, 141), (70, 107), (49, 139), (62, 124), (42, 45), (28, 55), (81, 155), (1, 110), (63, 104), (78, 86), (146, 175), (89, 177), (100, 119), (96, 112), (85, 173), (20, 92), (26, 105), (130, 190), (43, 194), (122, 160), (21, 84), (41, 181), (8, 13), (56, 59), (16, 23), (0, 109), (33, 197), (133, 174), (77, 178), (116, 176), (58, 128), (118, 121), (75, 187), (167, 199), (30, 90), (17, 47), (101, 150), (98, 166), (67, 151), (25, 69), (64, 170), (22, 164), (108, 149), (48, 73), (39, 189), (32, 168), (97, 148), (61, 183), (4, 76), (44, 57), (94, 195), (50, 192), (11, 191), (5, 95), (120, 171), (129, 158), (29, 80), (54, 198), (14, 134), (18, 31), (138, 188), (88, 169), (82, 162), (37, 111), (46, 144), (132, 147), (126, 161), (53, 131), (65, 68), (71, 127), (51, 142), (40, 66), (87, 117)}
Згенероване вершинне покриття (C): [0, 1, 2, 3, 4, 5, 6, 8, 11, 13, 14, 16, 17, 18, 19, 20, 21, 22, 23, 24, 25, 26, 27, 28, 29, 30, 31, 32, 33, 34, 36, 37, 39, 40, 41, 42, 43, 44, 45, 46, 47, 48, 49, 50, 51, 53, 54, 55, 56, 57, 58, 59, 61, 62, 63, 64, 65, 66, 67, 68, 69, 70, 71, 72, 73, 75, 76, 77, 78, 79, 80, 81, 82, 84, 85, 86, 87, 88, 89, 90, 91, 92, 93, 94, 95, 96, 97, 98, 100, 101, 104, 105, 107, 108, 109, 110, 111, 112, 114, 115, 116, 117, 118, 119, 120, 121, 122, 123, 124, 125, 126, 127, 128, 129, 130, 131, 132, 133, 134, 138, 139, 140, 141, 142, 143, 144, 145, 146, 147, 148, 149, 150, 151, 153, 155, 157, 158, 159, 160, 161, 162, 164, 165, 166, 167, 168, 169, 170, 171, 172, 173, 174, 175, 176, 177, 178, 179, 180, 181, 183, 185, 187, 188, 189, 190, 191, 192, 193, 194, 195, 196, 197, 198, 199]

--- Генерація вершинного покриття (зі списку суміжності) ---
Знайдене максимальне парування (M): {(55, 121), (67, 132), (86, 184), (3, 6), (31, 95), (108, 196), (76, 191), (94, 142), (100, 167), (91, 164), (43, 151), (110, 180), (18, 85), (30, 77), (79, 131), (12, 56), (23, 175), (49, 139), (136, 137), (71, 163), (40, 157), (124, 156), (135, 165), (97, 190), (34, 128), (73, 89), (83, 176), (10, 115), (60, 64), (46, 120), (69, 103), (8, 29), (82, 195), (81, 141), (27, 170), (51, 173), (15, 98), (2, 113), (38, 45), (7, 39), (105, 147), (80, 169), (78, 117), (87, 129), (75, 112), (4, 143), (53, 102), (123, 133), (90, 185), (36, 122), (104, 150), (1, 20), (183, 189), (48, 199), (68, 92), (114, 153), (21, 26), (59, 74), (32, 193), (119, 161), (101, 125), (24, 70), (37, 162), (47, 172), (11, 152), (138, 168), (96, 171), (52, 61), (25, 44), (16, 41), (66, 179), (160, 186), (17, 33), (57, 188), (0, 145), (84, 126), (107, 118), (35, 111), (93, 192), (9, 13), (28, 154), (54, 182), (58, 109), (63, 194), (116, 178), (42, 174), (106, 155), (50, 187), (19, 62), (181, 197), (99, 198), (158, 159)}
Згенероване вершинне покриття (C): [0, 1, 2, 3, 4, 6, 7, 8, 9, 10, 11, 12, 13, 15, 16, 17, 18, 19, 20, 21, 23, 24, 25, 26, 27, 28, 29, 30, 31, 32, 33, 34, 35, 36, 37, 38, 39, 40, 41, 42, 43, 44, 45, 46, 47, 48, 49, 50, 51, 52, 53, 54, 55, 56, 57, 58, 59, 60, 61, 62, 63, 64, 66, 67, 68, 69, 70, 71, 73, 74, 75, 76, 77, 78, 79, 80, 81, 82, 83, 84, 85, 86, 87, 89, 90, 91, 92, 93, 94, 95, 96, 97, 98, 99, 100, 101, 102, 103, 104, 105, 106, 107, 108, 109, 110, 111, 112, 113, 114, 115, 116, 117, 118, 119, 120, 121, 122, 123, 124, 125, 126, 128, 129, 131, 132, 133, 135, 136, 137, 138, 139, 141, 142, 143, 145, 147, 150, 151, 152, 153, 154, 155, 156, 157, 158, 159, 160, 161, 162, 163, 164, 165, 167, 168, 169, 170, 171, 172, 173, 174, 175, 176, 178, 179, 180, 181, 182, 183, 184, 185, 186, 187, 188, 189, 190, 191, 192, 193, 194, 195, 196, 197, 198, 199]

--- Генерація вершинного покриття (зі списку суміжності) ---
Знайдене максимальне парування (M): {(123, 155), (64, 197), (177, 199), (10, 107), (0, 5), (14, 150), (40, 114), (21, 110), (32, 140), (35, 99), (44, 184), (154, 193), (121, 190), (15, 71), (174, 180), (13, 138), (149, 160), (130, 156), (20, 143), (28, 89), (4, 34), (78, 129), (59, 125), (101, 158), (19, 171), (30, 52), (68, 136), (7, 62), (45, 137), (73, 98), (6, 93), (86, 165), (133, 161), (8, 102), (127, 172), (51, 54), (22, 82), (1, 53), (67, 90), (16, 115), (61, 92), (178, 195), (81, 189), (25, 191), (18, 66), (48, 131), (33, 94), (113, 148), (17, 43), (36, 65), (116, 183), (42, 72), (57, 145), (80, 119), (103, 105), (141, 153), (164, 182), (104, 122), (24, 196), (3, 11), (50, 181), (26, 58), (118, 132), (9, 27), (12, 108), (192, 194), (41, 162), (31, 139), (75, 173), (95, 169), (37, 91), (39, 63), (166, 168), (23, 55), (77, 175), (29, 144), (151, 185), (79, 120), (46, 117), (124, 152), (85, 142), (2, 135), (38, 186), (69, 100), (106, 128), (76, 157), (47, 60), (159, 176), (88, 134), (56, 163)}
Згенероване вершинне покриття (C): [0, 1, 2, 3, 4, 5, 6, 7, 8, 9, 10, 11, 12, 13, 14, 15, 16, 17, 18, 19, 20, 21, 22, 23, 24, 25, 26, 27, 28, 29, 30, 31, 32, 33, 34, 35, 36, 37, 38, 39, 40, 41, 42, 43, 44, 45, 46, 47, 48, 50, 51, 52, 53, 54, 55, 56, 57, 58, 59, 60, 61, 62, 63, 64, 65, 66, 67, 68, 69, 71, 72, 73, 75, 76, 77, 78, 79, 80, 81, 82, 85, 86, 88, 89, 90, 91, 92, 93, 94, 95, 98, 99, 100, 101, 102, 103, 104, 105, 106, 107, 108, 110, 113, 114, 115, 116, 117, 118, 119, 120, 121, 122, 123, 124, 125, 127, 128, 129, 130, 131, 132, 133, 134, 135, 136, 137, 138, 139, 140, 141, 142, 143, 144, 145, 148, 149, 150, 151, 152, 153, 154, 155, 156, 157, 158, 159, 160, 161, 162, 163, 164, 165, 166, 168, 169, 171, 172, 173, 174, 175, 176, 177, 178, 180, 181, 182, 183, 184, 185, 186, 189, 190, 191, 192, 193, 194, 195, 196, 197, 199]

--- Генерація вершинного покриття (зі списку суміжності) ---
Знайдене максимальне парування (M): {(61, 180), (110, 139), (47, 135), (82, 111), (14, 31), (37, 170), (78, 116), (24, 90), (27, 52), (32, 103), (50, 63), (22, 92), (56, 94), (0, 71), (68, 187), (58, 97), (13, 129), (86, 122), (21, 66), (26, 144), (34, 60), (36, 194), (9, 177), (45, 142), (23, 148), (51, 75), (15, 137), (87, 123), (17, 192), (109, 156), (11, 130), (85, 198), (38, 178), (113, 190), (96, 149), (55, 65), (107, 112), (120, 140), (3, 131), (48, 163), (46, 175), (114, 172), (29, 49), (186, 188), (101, 126), (18, 183), (16, 195), (81, 141), (10, 35), (7, 146), (95, 161), (53, 173), (77, 185), (118, 128), (33, 69), (106, 117), (64, 166), (41, 155), (62, 132), (91, 168), (5, 43), (136, 145), (83, 127), (28, 191), (70, 154), (100, 164), (147, 193), (12, 197), (25, 115), (72, 165), (98, 138), (20, 121), (59, 67), (40, 160), (108, 124), (1, 6), (73, 184), (19, 158), (54, 125), (80, 171), (151, 167), (79, 93), (84, 162), (30, 133), (76, 157), (169, 196), (152, 189), (4, 199)}
Згенероване вершинне покриття (C): [0, 1, 3, 4, 5, 6, 7, 9, 10, 11, 12, 13, 14, 15, 16, 17, 18, 19, 20, 21, 22, 23, 24, 25, 26, 27, 28, 29, 30, 31, 32, 33, 34, 35, 36, 37, 38, 40, 41, 43, 45, 46, 47, 48, 49, 50, 51, 52, 53, 54, 55, 56, 58, 59, 60, 61, 62, 63, 64, 65, 66, 67, 68, 69, 70, 71, 72, 73, 75, 76, 77, 78, 79, 80, 81, 82, 83, 84, 85, 86, 87, 90, 91, 92, 93, 94, 95, 96, 97, 98, 100, 101, 103, 106, 107, 108, 109, 110, 111, 112, 113, 114, 115, 116, 117, 118, 120, 121, 122, 123, 124, 125, 126, 127, 128, 129, 130, 131, 132, 133, 135, 136, 137, 138, 139, 140, 141, 142, 144, 145, 146, 147, 148, 149, 151, 152, 154, 155, 156, 157, 158, 160, 161, 162, 163, 164, 165, 166, 167, 168, 169, 170, 171, 172, 173, 175, 177, 178, 180, 183, 184, 185, 186, 187, 188, 189, 190, 191, 192, 193, 194, 195, 196, 197, 198, 199]

--- Генерація вершинного покриття (зі списку суміжності) ---
Знайдене максимальне парування (M): {(69, 184), (144, 187), (59, 183), (71, 175), (146, 178), (28, 85), (72, 185), (129, 164), (27, 116), (36, 128), (110, 196), (17, 124), (94, 96), (16, 79), (86, 97), (46, 70), (3, 99), (111, 169), (55, 109), (18, 197), (33, 42), (35, 158), (76, 104), (30, 61), (8, 180), (131, 186), (112, 118), (6, 173), (2, 84), (132, 157), (20, 138), (75, 181), (40, 49), (189, 193), (1, 151), (0, 162), (48, 156), (65, 172), (60, 66), (77, 155), (31, 167), (130, 137), (19, 159), (140, 177), (52, 64), (26, 191), (161, 190), (91, 113), (12, 122), (39, 148), (22, 141), (107, 121), (89, 149), (53, 58), (47, 106), (45, 54), (170, 195), (125, 163), (102, 115), (74, 108), (50, 126), (80, 139), (4, 147), (127, 199), (10, 25), (14, 41), (174, 179), (192, 194), (83, 168), (145, 152), (15, 143), (29, 87), (67, 135), (44, 57), (24, 182), (82, 114), (63, 119), (93, 171), (7, 150), (13, 56), (43, 188), (88, 123), (153, 176), (37, 166), (51, 103), (34, 90), (142, 160), (23, 32), (100, 154), (5, 81), (11, 21), (165, 198), (38, 133)}
Згенероване вершинне покриття (C): [0, 1, 2, 3, 4, 5, 6, 7, 8, 10, 11, 12, 13, 14, 15, 16, 17, 18, 19, 20, 21, 22, 23, 24, 25, 26, 27, 28, 29, 30, 31, 32, 33, 34, 35, 36, 37, 38, 39, 40, 41, 42, 43, 44, 45, 46, 47, 48, 49, 50, 51, 52, 53, 54, 55, 56, 57, 58, 59, 60, 61, 63, 64, 65, 66, 67, 69, 70, 71, 72, 74, 75, 76, 77, 79, 80, 81, 82, 83, 84, 85, 86, 87, 88, 89, 90, 91, 93, 94, 96, 97, 99, 100, 102, 103, 104, 106, 107, 108, 109, 110, 111, 112, 113, 114, 115, 116, 118, 119, 121, 122, 123, 124, 125, 126, 127, 128, 129, 130, 131, 132, 133, 135, 137, 138, 139, 140, 141, 142, 143, 144, 145, 146, 147, 148, 149, 150, 151, 152, 153, 154, 155, 156, 157, 158, 159, 160, 161, 162, 163, 164, 165, 166, 167, 168, 169, 170, 171, 172, 173, 174, 175, 176, 177, 178, 179, 180, 181, 182, 183, 184, 185, 186, 187, 188, 189, 190, 191, 192, 193, 194, 195, 196, 197, 198, 199]

--- Генерація вершинного покриття (зі списку суміжності) ---
Знайдене максимальне парування (M): {(166, 190), (142, 199), (59, 137), (65, 116), (83, 131), (13, 90), (19, 130), (25, 61), (75, 193), (38, 192), (88, 104), (57, 98), (96, 181), (110, 198), (15, 64), (155, 178), (7, 14), (55, 127), (91, 132), (92, 195), (49, 169), (103, 115), (87, 171), (170, 187), (4, 182), (144, 186), (22, 153), (112, 175), (58, 149), (135, 158), (44, 138), (17, 105), (81, 150), (79, 162), (180, 184), (51, 109), (6, 177), (8, 141), (1, 16), (48, 85), (86, 133), (5, 68), (77, 139), (29, 172), (46, 72), (39, 66), (9, 160), (10, 167), (94, 118), (35, 41), (60, 70), (107, 185), (50, 78), (108, 147), (63, 124), (0, 31), (34, 191), (40, 140), (18, 27), (42, 122), (26, 168), (156, 189), (12, 53), (11, 97), (23, 62), (117, 145), (151, 183), (47, 74), (73, 157), (2, 179), (76, 82), (37, 45), (114, 148), (67, 146), (69, 143), (99, 123), (119, 165), (71, 134), (80, 164), (95, 128), (3, 173), (120, 136), (43, 163), (113, 152), (33, 52), (30, 126), (54, 93), (20, 100), (174, 176)}
Згенероване вершинне покриття (C): [0, 1, 2, 3, 4, 5, 6, 7, 8, 9, 10, 11, 12, 13, 14, 15, 16, 17, 18, 19, 20, 22, 23, 25, 26, 27, 29, 30, 31, 33, 34, 35, 37, 38, 39, 40, 41, 42, 43, 44, 45, 46, 47, 48, 49, 50, 51, 52, 53, 54, 55, 57, 58, 59, 60, 61, 62, 63, 64, 65, 66, 67, 68, 69, 70, 71, 72, 73, 74, 75, 76, 77, 78, 79, 80, 81, 82, 83, 85, 86, 87, 88, 90, 91, 92, 93, 94, 95, 96, 97, 98, 99, 100, 103, 104, 105, 107, 108, 109, 110, 112, 113, 114, 115, 116, 117, 118, 119, 120, 122, 123, 124, 126, 127, 128, 130, 131, 132, 133, 134, 135, 136, 137, 138, 139, 140, 141, 142, 143, 144, 145, 146, 147, 148, 149, 150, 151, 152, 153, 155, 156, 157, 158, 160, 162, 163, 164, 165, 166, 167, 168, 169, 170, 171, 172, 173, 174, 175, 176, 177, 178, 179, 180, 181, 182, 183, 184, 185, 186, 187, 189, 190, 191, 192, 193, 195, 198, 199]

--- Генерація вершинного покриття (зі списку суміжності) ---
Знайдене максимальне парування (M): {(33, 100), (108, 185), (11, 188), (80, 95), (66, 96), (161, 196), (21, 137), (98, 167), (47, 183), (42, 123), (56, 140), (30, 75), (114, 193), (90, 156), (71, 115), (102, 148), (54, 129), (55, 72), (91, 187), (29, 111), (150, 184), (69, 174), (4, 173), (36, 116), (82, 83), (10, 106), (88, 163), (134, 139), (57, 166), (20, 147), (51, 180), (92, 133), (61, 145), (89, 179), (79, 144), (5, 112), (86, 94), (32, 178), (132, 189), (197, 199), (44, 158), (162, 171), (76, 110), (37, 192), (6, 152), (24, 103), (46, 170), (109, 153), (7, 41), (97, 169), (104, 120), (13, 130), (67, 165), (87, 113), (31, 117), (28, 118), (74, 124), (155, 198), (105, 151), (136, 138), (25, 149), (45, 127), (22, 143), (15, 168), (39, 43), (1, 141), (12, 53), (49, 99), (35, 63), (19, 131), (122, 125), (0, 191), (14, 34), (146, 190), (3, 107), (9, 157), (177, 186), (18, 159), (50, 194), (64, 101), (48, 68), (84, 119), (52, 93), (17, 172), (78, 176), (160, 181), (27, 121), (8, 62), (60, 154), (23, 59)}
Згенероване вершинне покриття (C): [0, 1, 3, 4, 5, 6, 7, 8, 9, 10, 11, 12, 13, 14, 15, 17, 18, 19, 20, 21, 22, 23, 24, 25, 27, 28, 29, 30, 31, 32, 33, 34, 35, 36, 37, 39, 41, 42, 43, 44, 45, 46, 47, 48, 49, 50, 51, 52, 53, 54, 55, 56, 57, 59, 60, 61, 62, 63, 64, 66, 67, 68, 69, 71, 72, 74, 75, 76, 78, 79, 80, 82, 83, 84, 86, 87, 88, 89, 90, 91, 92, 93, 94, 95, 96, 97, 98, 99, 100, 101, 102, 103, 104, 105, 106, 107, 108, 109, 110, 111, 112, 113, 114, 115, 116, 117, 118, 119, 120, 121, 122, 123, 124, 125, 127, 129, 130, 131, 132, 133, 134, 136, 137, 138, 139, 140, 141, 143, 144, 145, 146, 147, 148, 149, 150, 151, 152, 153, 154, 155, 156, 157, 158, 159, 160, 161, 162, 163, 165, 166, 167, 168, 169, 170, 171, 172, 173, 174, 176, 177, 178, 179, 180, 181, 183, 184, 185, 186, 187, 188, 189, 190, 191, 192, 193, 194, 196, 197, 198, 199]

--- Генерація вершинного покриття (зі списку суміжності) ---
Знайдене максимальне парування (M): {(38, 142), (26, 140), (79, 88), (161, 166), (111, 147), (16, 175), (91, 199), (36, 153), (48, 182), (156, 197), (106, 132), (12, 189), (43, 103), (80, 186), (45, 60), (62, 76), (13, 37), (25, 155), (102, 121), (11, 183), (195, 196), (66, 82), (10, 150), (65, 168), (14, 193), (3, 19), (85, 134), (44, 136), (4, 100), (89, 177), (33, 172), (28, 130), (2, 120), (24, 181), (167, 184), (78, 115), (61, 108), (46, 159), (1, 53), (124, 151), (40, 179), (47, 56), (117, 139), (63, 83), (5, 59), (32, 52), (154, 176), (112, 170), (41, 137), (113, 187), (73, 77), (17, 118), (34, 198), (68, 163), (15, 157), (21, 97), (70, 90), (18, 125), (101, 141), (110, 174), (31, 64), (116, 169), (114, 135), (58, 185), (27, 69), (72, 119), (93, 96), (39, 180), (148, 160), (92, 171), (57, 149), (95, 133), (49, 145), (86, 194), (67, 144), (98, 122), (9, 20), (42, 87), (0, 81), (30, 94), (131, 146), (129, 158), (35, 84), (51, 165), (7, 104), (109, 164), (6, 126), (54, 127), (29, 192), (55, 128), (71, 173), (23, 105), (74, 162)}
Згенероване вершинне покриття (C): [0, 1, 2, 3, 4, 5, 6, 7, 9, 10, 11, 12, 13, 14, 15, 16, 17, 18, 19, 20, 21, 23, 24, 25, 26, 27, 28, 29, 30, 31, 32, 33, 34, 35, 36, 37, 38, 39, 40, 41, 42, 43, 44, 45, 46, 47, 48, 49, 51, 52, 53, 54, 55, 56, 57, 58, 59, 60, 61, 62, 63, 64, 65, 66, 67, 68, 69, 70, 71, 72, 73, 74, 76, 77, 78, 79, 80, 81, 82, 83, 84, 85, 86, 87, 88, 89, 90, 91, 92, 93, 94, 95, 96, 97, 98, 100, 101, 102, 103, 104, 105, 106, 108, 109, 110, 111, 112, 113, 114, 115, 116, 117, 118, 119, 120, 121, 122, 124, 125, 126, 127, 128, 129, 130, 131, 132, 133, 134, 135, 136, 137, 139, 140, 141, 142, 144, 145, 146, 147, 148, 149, 150, 151, 153, 154, 155, 156, 157, 158, 159, 160, 161, 162, 163, 164, 165, 166, 167, 168, 169, 170, 171, 172, 173, 174, 175, 176, 177, 179, 180, 181, 182, 183, 184, 185, 186, 187, 189, 192, 193, 194, 195, 196, 197, 198, 199]

--- Генерація вершинного покриття (зі списку суміжності) ---
Знайдене максимальне парування (M): {(84, 139), (106, 148), (62, 90), (36, 190), (23, 34), (10, 198), (100, 110), (143, 172), (107, 115), (171, 191), (68, 123), (92, 154), (48, 95), (97, 161), (113, 188), (25, 29), (16, 145), (42, 182), (73, 96), (21, 153), (51, 77), (118, 140), (15, 66), (27, 159), (61, 170), (28, 176), (1, 167), (54, 85), (5, 128), (60, 82), (72, 175), (169, 199), (56, 57), (19, 111), (17, 178), (32, 59), (46, 177), (0, 189), (49, 173), (138, 141), (117, 194), (136, 152), (129, 168), (22, 75), (83, 125), (31, 87), (126, 132), (70, 179), (155, 180), (80, 192), (43, 63), (135, 146), (133, 158), (30, 81), (109, 121), (55, 183), (39, 196), (69, 112), (67, 124), (78, 142), (13, 116), (2, 122), (33, 137), (94, 104), (6, 12), (89, 144), (98, 186), (8, 76), (74, 131), (20, 105), (40, 181), (120, 134), (99, 114), (149, 197), (45, 88), (11, 65), (119, 165), (101, 193), (3, 164), (4, 53), (7, 79), (44, 52), (50, 187), (93, 185), (64, 103), (47, 160), (58, 157), (41, 86), (14, 166), (26, 195)}
Згенероване вершинне покриття (C): [0, 1, 2, 3, 4, 5, 6, 7, 8, 10, 11, 12, 13, 14, 15, 16, 17, 19, 20, 21, 22, 23, 25, 26, 27, 28, 29, 30, 31, 32, 33, 34, 36, 39, 40, 41, 42, 43, 44, 45, 46, 47, 48, 49, 50, 51, 52, 53, 54, 55, 56, 57, 58, 59, 60, 61, 62, 63, 64, 65, 66, 67, 68, 69, 70, 72, 73, 74, 75, 76, 77, 78, 79, 80, 81, 82, 83, 84, 85, 86, 87, 88, 89, 90, 92, 93, 94, 95, 96, 97, 98, 99, 100, 101, 103, 104, 105, 106, 107, 109, 110, 111, 112, 113, 114, 115, 116, 117, 118, 119, 120, 121, 122, 123, 124, 125, 126, 128, 129, 131, 132, 133, 134, 135, 136, 137, 138, 139, 140, 141, 142, 143, 144, 145, 146, 148, 149, 152, 153, 154, 155, 157, 158, 159, 160, 161, 164, 165, 166, 167, 168, 169, 170, 171, 172, 173, 175, 176, 177, 178, 179, 180, 181, 182, 183, 185, 186, 187, 188, 189, 190, 191, 192, 193, 194, 195, 196, 197, 198, 199]

--- Генерація вершинного покриття (зі списку суміжності) ---
Знайдене максимальне парування (M): {(55, 185), (75, 115), (34, 193), (18, 172), (21, 37), (86, 102), (15, 124), (161, 187), (132, 151), (40, 196), (14, 177), (49, 89), (127, 182), (53, 153), (122, 188), (38, 119), (7, 12), (47, 48), (130, 156), (98, 160), (79, 92), (56, 133), (3, 72), (157, 194), (2, 116), (41, 83), (35, 195), (70, 180), (165, 197), (19, 100), (163, 175), (103, 108), (39, 169), (1, 5), (13, 190), (78, 106), (17, 32), (80, 167), (144, 170), (135, 176), (44, 101), (85, 184), (57, 113), (23, 145), (146, 179), (24, 137), (99, 149), (16, 142), (22, 121), (128, 139), (66, 118), (112, 117), (26, 129), (50, 96), (159, 186), (71, 192), (73, 189), (125, 181), (111, 191), (46, 67), (94, 104), (74, 110), (93, 178), (31, 84), (42, 60), (36, 138), (27, 199), (152, 166), (8, 76), (126, 147), (10, 82), (62, 120), (63, 64), (20, 59), (45, 58), (114, 148), (131, 164), (107, 109), (52, 54), (4, 69), (25, 174), (88, 123), (77, 168), (11, 28), (43, 90), (68, 162), (141, 143), (105, 150), (136, 183), (51, 87), (9, 33)}
Згенероване вершинне покриття (C): [1, 2, 3, 4, 5, 7, 8, 9, 10, 11, 12, 13, 14, 15, 16, 17, 18, 19, 20, 21, 22, 23, 24, 25, 26, 27, 28, 31, 32, 33, 34, 35, 36, 37, 38, 39, 40, 41, 42, 43, 44, 45, 46, 47, 48, 49, 50, 51, 52, 53, 54, 55, 56, 57, 58, 59, 60, 62, 63, 64, 66, 67, 68, 69, 70, 71, 72, 73, 74, 75, 76, 77, 78, 79, 80, 82, 83, 84, 85, 86, 87, 88, 89, 90, 92, 93, 94, 96, 98, 99, 100, 101, 102, 103, 104, 105, 106, 107, 108, 109, 110, 111, 112, 113, 114, 115, 116, 117, 118, 119, 120, 121, 122, 123, 124, 125, 126, 127, 128, 129, 130, 131, 132, 133, 135, 136, 137, 138, 139, 141, 142, 143, 144, 145, 146, 147, 148, 149, 150, 151, 152, 153, 156, 157, 159, 160, 161, 162, 163, 164, 165, 166, 167, 168, 169, 170, 172, 174, 175, 176, 177, 178, 179, 180, 181, 182, 183, 184, 185, 186, 187, 188, 189, 190, 191, 192, 193, 194, 195, 196, 197, 199]

--- Генерація вершинного покриття (зі списку суміжності) ---
Знайдене максимальне парування (M): {(97, 136), (8, 73), (40, 105), (95, 114), (18, 19), (119, 135), (45, 76), (70, 75), (154, 184), (130, 138), (77, 110), (15, 190), (7, 67), (80, 170), (141, 186), (82, 143), (2, 98), (20, 33), (60, 78), (57, 180), (41, 74), (104, 121), (24, 131), (37, 165), (88, 152), (59, 116), (34, 126), (79, 103), (44, 115), (102, 132), (46, 164), (56, 199), (125, 198), (0, 185), (39, 176), (32, 192), (106, 129), (62, 71), (27, 168), (1, 158), (54, 94), (5, 146), (11, 196), (52, 142), (64, 107), (47, 72), (120, 151), (26, 162), (58, 197), (13, 174), (61, 83), (22, 48), (65, 101), (139, 148), (84, 108), (89, 156), (113, 123), (17, 91), (172, 181), (117, 178), (9, 160), (14, 183), (124, 155), (144, 167), (109, 112), (86, 128), (23, 133), (21, 35), (36, 163), (68, 140), (111, 175), (12, 53), (87, 147), (16, 169), (118, 189), (96, 134), (100, 159), (145, 191), (51, 55), (50, 66), (173, 182), (43, 188), (28, 81), (161, 171), (99, 150), (63, 194), (29, 137), (38, 149), (6, 25), (127, 187), (90, 122), (3, 93), (85, 153)}
Згенероване вершинне покриття (C): [0, 1, 2, 3, 5, 6, 7, 8, 9, 11, 12, 13, 14, 15, 16, 17, 18, 19, 20, 21, 22, 23, 24, 25, 26, 27, 28, 29, 32, 33, 34, 35, 36, 37, 38, 39, 40, 41, 43, 44, 45, 46, 47, 48, 50, 51, 52, 53, 54, 55, 56, 57, 58, 59, 60, 61, 62, 63, 64, 65, 66, 67, 68, 70, 71, 72, 73, 74, 75, 76, 77, 78, 79, 80, 81, 82, 83, 84, 85, 86, 87, 88, 89, 90, 91, 93, 94, 95, 96, 97, 98, 99, 100, 101, 102, 103, 104, 105, 106, 107, 108, 109, 110, 111, 112, 113, 114, 115, 116, 117, 118, 119, 120, 121, 122, 123, 124, 125, 126, 127, 128, 129, 130, 131, 132, 133, 134, 135, 136, 137, 138, 139, 140, 141, 142, 143, 144, 145, 146, 147, 148, 149, 150, 151, 152, 153, 154, 155, 156, 158, 159, 160, 161, 162, 163, 164, 165, 167, 168, 169, 170, 171, 172, 173, 174, 175, 176, 178, 180, 181, 182, 183, 184, 185, 186, 187, 188, 189, 190, 191, 192, 194, 196, 197, 198, 199]

--- Генерація вершинного покриття (зі списку суміжності) ---
Знайдене максимальне парування (M): {(138, 174), (59, 137), (9, 72), (33, 84), (18, 129), (40, 141), (34, 85), (56, 158), (164, 194), (3, 152), (75, 92), (53, 55), (130, 165), (145, 147), (107, 117), (86, 97), (54, 163), (38, 57), (12, 111), (69, 108), (74, 171), (47, 196), (11, 176), (76, 122), (45, 153), (48, 115), (7, 44), (4, 146), (13, 124), (133, 195), (30, 63), (26, 50), (19, 148), (96, 169), (2, 104), (15, 43), (95, 161), (87, 157), (42, 134), (88, 131), (21, 175), (1, 199), (16, 23), (14, 62), (110, 197), (103, 167), (32, 125), (6, 106), (36, 49), (99, 151), (149, 182), (89, 140), (52, 185), (150, 156), (60, 143), (35, 132), (81, 184), (142, 170), (83, 93), (127, 160), (39, 68), (168, 188), (67, 78), (116, 126), (105, 190), (101, 180), (100, 102), (119, 179), (120, 123), (65, 98), (61, 73), (24, 118), (27, 144), (0, 8), (10, 192), (82, 178), (64, 172), (90, 136), (77, 166), (37, 173), (29, 80), (155, 186), (109, 198), (154, 187), (159, 183), (112, 135), (94, 181), (58, 191), (20, 91), (5, 17), (46, 128)}
Згенероване вершинне покриття (C): [0, 1, 2, 3, 4, 5, 6, 7, 8, 9, 10, 11, 12, 13, 14, 15, 16, 17, 18, 19, 20, 21, 23, 24, 26, 27, 29, 30, 32, 33, 34, 35, 36, 37, 38, 39, 40, 42, 43, 44, 45, 46, 47, 48, 49, 50, 52, 53, 54, 55, 56, 57, 58, 59, 60, 61, 62, 63, 64, 65, 67, 68, 69, 72, 73, 74, 75, 76, 77, 78, 80, 81, 82, 83, 84, 85, 86, 87, 88, 89, 90, 91, 92, 93, 94, 95, 96, 97, 98, 99, 100, 101, 102, 103, 104, 105, 106, 107, 108, 109, 110, 111, 112, 115, 116, 117, 118, 119, 120, 122, 123, 124, 125, 126, 127, 128, 129, 130, 131, 132, 133, 134, 135, 136, 137, 138, 140, 141, 142, 143, 144, 145, 146, 147, 148, 149, 150, 151, 152, 153, 154, 155, 156, 157, 158, 159, 160, 161, 163, 164, 165, 166, 167, 168, 169, 170, 171, 172, 173, 174, 175, 176, 178, 179, 180, 181, 182, 183, 184, 185, 186, 187, 188, 190, 191, 192, 194, 195, 196, 197, 198, 199]

--- Генерація вершинного покриття (зі списку суміжності) ---
Знайдене максимальне парування (M): {(131, 159), (47, 62), (118, 177), (93, 187), (96, 186), (14, 86), (110, 157), (30, 139), (66, 71), (15, 181), (43, 151), (23, 127), (21, 194), (136, 153), (44, 113), (19, 59), (124, 163), (18, 188), (99, 106), (39, 94), (109, 156), (123, 173), (69, 92), (67, 104), (80, 165), (64, 178), (56, 82), (22, 199), (41, 60), (129, 145), (35, 190), (73, 128), (0, 98), (81, 150), (49, 100), (97, 158), (77, 164), (78, 108), (10, 101), (51, 102), (11, 45), (63, 147), (5, 68), (48, 167), (24, 57), (149, 198), (38, 120), (84, 172), (85, 88), (7, 34), (130, 132), (26, 65), (87, 115), (140, 154), (111, 182), (134, 184), (121, 168), (83, 193), (13, 125), (25, 179), (90, 189), (8, 37), (6, 12), (119, 133), (32, 95), (4, 58), (52, 70), (148, 171), (138, 170), (3, 180), (152, 196), (16, 162), (1, 54), (144, 146), (2, 53), (107, 191), (36, 103), (74, 160), (40, 192), (91, 176), (29, 137), (114, 141), (166, 197), (75, 122), (55, 155), (142, 169), (9, 161)}
Згенероване вершинне покриття (C): [0, 1, 2, 3, 4, 5, 6, 7, 8, 9, 10, 11, 12, 13, 14, 15, 16, 18, 19, 21, 22, 23, 24, 25, 26, 29, 30, 32, 34, 35, 36, 37, 38, 39, 40, 41, 43, 44, 45, 47, 48, 49, 51, 52, 53, 54, 55, 56, 57, 58, 59, 60, 62, 63, 64, 65, 66, 67, 68, 69, 70, 71, 73, 74, 75, 77, 78, 80, 81, 82, 83, 84, 85, 86, 87, 88, 90, 91, 92, 93, 94, 95, 96, 97, 98, 99, 100, 101, 102, 103, 104, 106, 107, 108, 109, 110, 111, 113, 114, 115, 118, 119, 120, 121, 122, 123, 124, 125, 127, 128, 129, 130, 131, 132, 133, 134, 136, 137, 138, 139, 140, 141, 142, 144, 145, 146, 147, 148, 149, 150, 151, 152, 153, 154, 155, 156, 157, 158, 159, 160, 161, 162, 163, 164, 165, 166, 167, 168, 169, 170, 171, 172, 173, 176, 177, 178, 179, 180, 181, 182, 184, 186, 187, 188, 189, 190, 191, 192, 193, 194, 196, 197, 198, 199]

--- Генерація вершинного покриття (зі списку суміжності) ---
Знайдене максимальне парування (M): {(77, 124), (112, 155), (116, 143), (100, 174), (44, 166), (36, 192), (65, 173), (57, 59), (2, 123), (91, 164), (97, 113), (128, 183), (61, 102), (48, 159), (9, 122), (60, 142), (84, 109), (70, 189), (148, 175), (119, 139), (156, 185), (20, 108), (80, 92), (68, 136), (170, 196), (71, 83), (73, 144), (63, 88), (8, 127), (38, 52), (16, 140), (45, 176), (56, 121), (66, 98), (110, 131), (118, 178), (0, 107), (4, 13), (69, 78), (7, 39), (129, 138), (42, 79), (104, 182), (62, 75), (17, 171), (23, 28), (111, 150), (58, 199), (6, 161), (149, 198), (89, 165), (53, 120), (105, 167), (46, 154), (114, 151), (49, 95), (21, 152), (41, 130), (74, 81), (31, 55), (117, 134), (12, 188), (94, 184), (24, 162), (67, 87), (186, 187), (54, 169), (47, 163), (37, 43), (10, 153), (3, 50), (158, 180), (5, 193), (27, 126), (135, 141), (26, 115), (15, 179), (35, 191), (76, 82), (85, 103), (18, 86), (72, 160), (99, 132), (30, 197), (40, 64), (11, 147), (194, 195), (125, 190), (145, 168), (14, 157)}
Згенероване вершинне покриття (C): [0, 2, 3, 4, 5, 6, 7, 8, 9, 10, 11, 12, 13, 14, 15, 16, 17, 18, 20, 21, 23, 24, 26, 27, 28, 30, 31, 35, 36, 37, 38, 39, 40, 41, 42, 43, 44, 45, 46, 47, 48, 49, 50, 52, 53, 54, 55, 56, 57, 58, 59, 60, 61, 62, 63, 64, 65, 66, 67, 68, 69, 70, 71, 72, 73, 74, 75, 76, 77, 78, 79, 80, 81, 82, 83, 84, 85, 86, 87, 88, 89, 91, 92, 94, 95, 97, 98, 99, 100, 102, 103, 104, 105, 107, 108, 109, 110, 111, 112, 113, 114, 115, 116, 117, 118, 119, 120, 121, 122, 123, 124, 125, 126, 127, 128, 129, 130, 131, 132, 134, 135, 136, 138, 139, 140, 141, 142, 143, 144, 145, 147, 148, 149, 150, 151, 152, 153, 154, 155, 156, 157, 158, 159, 160, 161, 162, 163, 164, 165, 166, 167, 168, 169, 170, 171, 173, 174, 175, 176, 178, 179, 180, 182, 183, 184, 185, 186, 187, 188, 189, 190, 191, 192, 193, 194, 195, 196, 197, 198, 199]

--- Генерація вершинного покриття (зі списку суміжності) ---
Знайдене максимальне парування (M): {(68, 91), (69, 120), (32, 46), (66, 188), (23, 43), (21, 110), (33, 157), (151, 173), (16, 159), (13, 172), (0, 53), (88, 129), (139, 165), (83, 96), (161, 180), (119, 128), (55, 70), (153, 194), (39, 147), (90, 174), (14, 17), (86, 124), (106, 191), (81, 146), (47, 178), (31, 72), (45, 135), (63, 104), (37, 149), (122, 183), (42, 84), (30, 36), (7, 144), (101, 105), (41, 142), (79, 190), (170, 189), (136, 187), (89, 179), (19, 38), (115, 143), (22, 64), (2, 150), (108, 168), (9, 73), (10, 65), (158, 162), (26, 134), (77, 121), (93, 126), (49, 175), (1, 192), (34, 52), (61, 167), (92, 112), (29, 156), (78, 140), (57, 117), (56, 164), (15, 193), (48, 71), (185, 186), (54, 75), (12, 133), (11, 177), (87, 145), (103, 107), (114, 171), (85, 138), (24, 198), (18, 127), (58, 123), (109, 141), (35, 100), (59, 131), (50, 137), (27, 199), (82, 169), (25, 80), (5, 113), (60, 97), (51, 94), (20, 125), (160, 163), (4, 62), (8, 181), (182, 196), (3, 148), (40, 130)}
Згенероване вершинне покриття (C): [0, 1, 2, 3, 4, 5, 7, 8, 9, 10, 11, 12, 13, 14, 15, 16, 17, 18, 19, 20, 21, 22, 23, 24, 25, 26, 27, 29, 30, 31, 32, 33, 34, 35, 36, 37, 38, 39, 40, 41, 42, 43, 45, 46, 47, 48, 49, 50, 51, 52, 53, 54, 55, 56, 57, 58, 59, 60, 61, 62, 63, 64, 65, 66, 68, 69, 70, 71, 72, 73, 75, 77, 78, 79, 80, 81, 82, 83, 84, 85, 86, 87, 88, 89, 90, 91, 92, 93, 94, 96, 97, 100, 101, 103, 104, 105, 106, 107, 108, 109, 110, 112, 113, 114, 115, 117, 119, 120, 121, 122, 123, 124, 125, 126, 127, 128, 129, 130, 131, 133, 134, 135, 136, 137, 138, 139, 140, 141, 142, 143, 144, 145, 146, 147, 148, 149, 150, 151, 153, 156, 157, 158, 159, 160, 161, 162, 163, 164, 165, 167, 168, 169, 170, 171, 172, 173, 174, 175, 177, 178, 179, 180, 181, 182, 183, 185, 186, 187, 188, 189, 190, 191, 192, 193, 194, 196, 198, 199]

--- Генерація вершинного покриття (зі списку суміжності) ---
Знайдене максимальне парування (M): {(52, 177), (73, 90), (110, 194), (67, 141), (91, 190), (21, 37), (39, 115), (31, 166), (26, 124), (100, 158), (83, 87), (85, 148), (68, 196), (96, 99), (147, 162), (118, 126), (102, 139), (5, 14), (119, 164), (6, 70), (189, 198), (0, 30), (45, 62), (10, 49), (94, 137), (15, 57), (77, 160), (88, 117), (76, 188), (72, 120), (29, 186), (135, 167), (127, 181), (41, 53), (46, 113), (95, 97), (84, 106), (44, 122), (161, 170), (50, 156), (169, 192), (36, 129), (131, 165), (11, 54), (154, 176), (13, 103), (101, 121), (187, 191), (7, 59), (123, 197), (134, 173), (34, 180), (125, 179), (51, 168), (80, 128), (4, 81), (69, 146), (61, 78), (114, 178), (93, 140), (109, 130), (92, 132), (112, 174), (138, 193), (20, 185), (63, 144), (60, 175), (55, 133), (19, 58), (33, 66), (159, 172), (79, 182), (65, 82), (25, 199), (75, 157), (12, 64), (40, 89), (111, 195), (18, 86), (16, 153), (2, 108), (142, 149), (145, 184), (27, 155), (1, 38), (42, 183), (9, 24), (48, 143)}
Згенероване вершинне покриття (C): [0, 1, 2, 4, 5, 6, 7, 9, 10, 11, 12, 13, 14, 15, 16, 18, 19, 20, 21, 24, 25, 26, 27, 29, 30, 31, 33, 34, 36, 37, 38, 39, 40, 41, 42, 44, 45, 46, 48, 49, 50, 51, 52, 53, 54, 55, 57, 58, 59, 60, 61, 62, 63, 64, 65, 66, 67, 68, 69, 70, 72, 73, 75, 76, 77, 78, 79, 80, 81, 82, 83, 84, 85, 86, 87, 88, 89, 90, 91, 92, 93, 94, 95, 96, 97, 99, 100, 101, 102, 103, 106, 108, 109, 110, 111, 112, 113, 114, 115, 117, 118, 119, 120, 121, 122, 123, 124, 125, 126, 127, 128, 129, 130, 131, 132, 133, 134, 135, 137, 138, 139, 140, 141, 142, 143, 144, 145, 146, 147, 148, 149, 153, 154, 155, 156, 157, 158, 159, 160, 161, 162, 164, 165, 166, 167, 168, 169, 170, 172, 173, 174, 175, 176, 177, 178, 179, 180, 181, 182, 183, 184, 185, 186, 187, 188, 189, 190, 191, 192, 193, 194, 195, 196, 197, 198, 199]

--- Генерація вершинного покриття (зі списку суміжності) ---
Знайдене максимальне парування (M): {(72, 73), (42, 103), (64, 151), (36, 80), (153, 162), (114, 191), (37, 170), (81, 142), (27, 171), (25, 98), (4, 194), (38, 110), (97, 159), (77, 156), (132, 144), (78, 173), (53, 183), (17, 44), (55, 70), (3, 8), (34, 197), (51, 121), (128, 167), (48, 122), (65, 138), (68, 189), (49, 176), (89, 166), (104, 185), (18, 133), (41, 165), (56, 190), (71, 154), (116, 186), (63, 150), (106, 129), (59, 109), (84, 193), (91, 107), (135, 174), (1, 158), (54, 76), (85, 127), (12, 88), (46, 120), (26, 123), (66, 141), (74, 93), (2, 40), (35, 137), (172, 188), (136, 198), (31, 69), (29, 99), (61, 131), (13, 57), (7, 105), (117, 178), (28, 164), (5, 52), (32, 45), (0, 111), (125, 145), (139, 180), (161, 192), (126, 182), (124, 130), (96, 187), (43, 95), (94, 113), (157, 181), (24, 155), (23, 199), (92, 134), (58, 196), (82, 169), (50, 146), (147, 179), (22, 47), (60, 168), (75, 102), (15, 90), (9, 175), (112, 160), (79, 184), (19, 87), (143, 177), (14, 20), (11, 67), (62, 115), (100, 108), (6, 119), (83, 101)}
Згенероване вершинне покриття (C): [0, 1, 2, 3, 4, 5, 6, 7, 8, 9, 11, 12, 13, 14, 15, 17, 18, 19, 20, 22, 23, 24, 25, 26, 27, 28, 29, 31, 32, 34, 35, 36, 37, 38, 40, 41, 42, 43, 44, 45, 46, 47, 48, 49, 50, 51, 52, 53, 54, 55, 56, 57, 58, 59, 60, 61, 62, 63, 64, 65, 66, 67, 68, 69, 70, 71, 72, 73, 74, 75, 76, 77, 78, 79, 80, 81, 82, 83, 84, 85, 87, 88, 89, 90, 91, 92, 93, 94, 95, 96, 97, 98, 99, 100, 101, 102, 103, 104, 105, 106, 107, 108, 109, 110, 111, 112, 113, 114, 115, 116, 117, 119, 120, 121, 122, 123, 124, 125, 126, 127, 128, 129, 130, 131, 132, 133, 134, 135, 136, 137, 138, 139, 141, 142, 143, 144, 145, 146, 147, 150, 151, 153, 154, 155, 156, 157, 158, 159, 160, 161, 162, 164, 165, 166, 167, 168, 169, 170, 171, 172, 173, 174, 175, 176, 177, 178, 179, 180, 181, 182, 183, 184, 185, 186, 187, 188, 189, 190, 191, 192, 193, 194, 196, 197, 198, 199]

--- Генерація вершинного покриття (зі списку суміжності) ---
Знайдене максимальне парування (M): {(3, 184), (153, 199), (35, 115), (31, 38), (25, 187), (179, 190), (110, 123), (42, 105), (95, 150), (158, 188), (30, 176), (90, 181), (119, 171), (43, 133), (22, 165), (98, 151), (79, 92), (107, 108), (56, 96), (46, 61), (62, 69), (33, 97), (27, 175), (193, 198), (88, 170), (37, 131), (162, 192), (4, 82), (23, 168), (116, 152), (26, 194), (34, 174), (54, 67), (45, 137), (125, 191), (49, 52), (130, 135), (186, 197), (91, 109), (126, 173), (12, 63), (48, 101), (86, 94), (6, 113), (64, 118), (145, 146), (102, 120), (8, 177), (13, 39), (21, 141), (89, 138), (11, 182), (5, 196), (41, 73), (50, 140), (134, 164), (53, 129), (127, 167), (55, 74), (114, 160), (157, 195), (1, 2), (139, 180), (47, 51), (19, 154), (121, 159), (122, 166), (40, 103), (58, 84), (10, 117), (156, 189), (0, 24), (75, 100), (60, 111), (14, 178), (77, 136), (7, 29), (44, 57), (99, 112), (81, 106), (78, 144), (16, 68), (85, 149), (32, 143), (17, 72), (9, 132), (15, 65), (59, 71), (18, 161), (36, 142), (20, 155)}
Згенероване вершинне покриття (C): [0, 1, 2, 3, 4, 5, 6, 7, 8, 9, 10, 11, 12, 13, 14, 15, 16, 17, 18, 19, 20, 21, 22, 23, 24, 25, 26, 27, 29, 30, 31, 32, 33, 34, 35, 36, 37, 38, 39, 40, 41, 42, 43, 44, 45, 46, 47, 48, 49, 50, 51, 52, 53, 54, 55, 56, 57, 58, 59, 60, 61, 62, 63, 64, 65, 67, 68, 69, 71, 72, 73, 74, 75, 77, 78, 79, 81, 82, 84, 85, 86, 88, 89, 90, 91, 92, 94, 95, 96, 97, 98, 99, 100, 101, 102, 103, 105, 106, 107, 108, 109, 110, 111, 112, 113, 114, 115, 116, 117, 118, 119, 120, 121, 122, 123, 125, 126, 127, 129, 130, 131, 132, 133, 134, 135, 136, 137, 138, 139, 140, 141, 142, 143, 144, 145, 146, 149, 150, 151, 152, 153, 154, 155, 156, 157, 158, 159, 160, 161, 162, 164, 165, 166, 167, 168, 170, 171, 173, 174, 175, 176, 177, 178, 179, 180, 181, 182, 184, 186, 187, 188, 189, 190, 191, 192, 193, 194, 195, 196, 197, 198, 199]

--- Генерація вершинного покриття (зі списку суміжності) ---
Знайдене максимальне парування (M): {(6, 18), (38, 142), (35, 97), (25, 160), (13, 179), (107, 131), (57, 176), (22, 108), (86, 111), (82, 193), (40, 132), (104, 135), (43, 94), (32, 149), (113, 156), (181, 183), (11, 53), (50, 84), (83, 151), (63, 182), (31, 122), (175, 197), (91, 121), (180, 196), (60, 78), (58, 117), (123, 127), (33, 72), (152, 163), (81, 185), (20, 65), (99, 172), (5, 73), (95, 159), (115, 116), (79, 190), (8, 29), (110, 168), (1, 87), (39, 89), (51, 173), (85, 184), (126, 130), (0, 125), (7, 167), (44, 195), (45, 187), (70, 186), (28, 189), (52, 128), (109, 162), (27, 138), (133, 174), (147, 191), (30, 170), (134, 136), (61, 69), (98, 118), (129, 188), (49, 177), (90, 141), (14, 103), (37, 178), (46, 101), (26, 150), (112, 165), (171, 199), (36, 154), (74, 92), (9, 155), (66, 88), (3, 169), (23, 62), (68, 158), (4, 21), (76, 164), (67, 192), (144, 146), (24, 120), (102, 140), (10, 139), (56, 106), (48, 77), (137, 198), (15, 19), (41, 157), (96, 166), (12, 194), (16, 54), (2, 119)}
Згенероване вершинне покриття (C): [0, 1, 2, 3, 4, 5, 6, 7, 8, 9, 10, 11, 12, 13, 14, 15, 16, 18, 19, 20, 21, 22, 23, 24, 25, 26, 27, 28, 29, 30, 31, 32, 33, 35, 36, 37, 38, 39, 40, 41, 43, 44, 45, 46, 48, 49, 50, 51, 52, 53, 54, 56, 57, 58, 60, 61, 62, 63, 65, 66, 67, 68, 69, 70, 72, 73, 74, 76, 77, 78, 79, 81, 82, 83, 84, 85, 86, 87, 88, 89, 90, 91, 92, 94, 95, 96, 97, 98, 99, 101, 102, 103, 104, 106, 107, 108, 109, 110, 111, 112, 113, 115, 116, 117, 118, 119, 120, 121, 122, 123, 125, 126, 127, 128, 129, 130, 131, 132, 133, 134, 135, 136, 137, 138, 139, 140, 141, 142, 144, 146, 147, 149, 150, 151, 152, 154, 155, 156, 157, 158, 159, 160, 162, 163, 164, 165, 166, 167, 168, 169, 170, 171, 172, 173, 174, 175, 176, 177, 178, 179, 180, 181, 182, 183, 184, 185, 186, 187, 188, 189, 190, 191, 192, 193, 194, 195, 196, 197, 198, 199]

--- Генерація вершинного покриття (зі списку суміжності) ---
Знайдене максимальне парування (M): {(58, 175), (1, 95), (25, 50), (26, 167), (99, 118), (127, 134), (13, 179), (135, 147), (27, 77), (93, 141), (20, 47), (54, 168), (4, 176), (181, 183), (64, 89), (59, 139), (119, 153), (6, 114), (67, 164), (3, 106), (69, 161), (98, 142), (29, 189), (32, 151), (24, 92), (10, 38), (70, 178), (37, 65), (56, 197), (22, 30), (68, 171), (63, 111), (130, 140), (52, 83), (46, 198), (129, 159), (0, 94), (49, 96), (117, 160), (42, 191), (154, 188), (84, 193), (76, 88), (19, 100), (143, 187), (7, 80), (28, 48), (79, 105), (71, 101), (115, 125), (18, 192), (55, 186), (90, 128), (133, 163), (36, 157), (16, 124), (11, 155), (17, 116), (136, 152), (138, 180), (9, 185), (51, 74), (5, 43), (60, 107), (41, 112), (86, 144), (15, 102), (66, 120), (61, 78), (75, 196), (172, 174), (108, 156), (122, 166), (123, 165), (126, 145), (23, 53), (40, 87), (149, 177), (31, 148), (33, 121), (8, 12), (131, 146), (2, 62), (91, 158), (109, 182), (103, 150), (110, 137), (35, 113), (162, 184), (39, 104)}
Згенероване вершинне покриття (C): [0, 1, 2, 3, 4, 5, 6, 7, 8, 9, 10, 11, 12, 13, 15, 16, 17, 18, 19, 20, 22, 23, 24, 25, 26, 27, 28, 29, 30, 31, 32, 33, 35, 36, 37, 38, 39, 40, 41, 42, 43, 46, 47, 48, 49, 50, 51, 52, 53, 54, 55, 56, 58, 59, 60, 61, 62, 63, 64, 65, 66, 67, 68, 69, 70, 71, 74, 75, 76, 77, 78, 79, 80, 83, 84, 86, 87, 88, 89, 90, 91, 92, 93, 94, 95, 96, 98, 99, 100, 101, 102, 103, 104, 105, 106, 107, 108, 109, 110, 111, 112, 113, 114, 115, 116, 117, 118, 119, 120, 121, 122, 123, 124, 125, 126, 127, 128, 129, 130, 131, 133, 134, 135, 136, 137, 138, 139, 140, 141, 142, 143, 144, 145, 146, 147, 148, 149, 150, 151, 152, 153, 154, 155, 156, 157, 158, 159, 160, 161, 162, 163, 164, 165, 166, 167, 168, 171, 172, 174, 175, 176, 177, 178, 179, 180, 181, 182, 183, 184, 185, 186, 187, 188, 189, 191, 192, 193, 196, 197, 198]

--- Генерація вершинного покриття (зі списку суміжності) ---
Знайдене максимальне парування (M): {(116, 171), (36, 62), (16, 93), (73, 90), (27, 196), (20, 102), (31, 47), (48, 182), (76, 198), (137, 193), (1, 24), (155, 183), (42, 160), (17, 78), (0, 80), (118, 163), (30, 114), (3, 8), (21, 96), (68, 180), (5, 32), (7, 124), (53, 57), (61, 122), (56, 190), (2, 109), (65, 131), (46, 63), (41, 140), (91, 143), (84, 168), (97, 110), (136, 187), (101, 153), (11, 98), (28, 178), (128, 146), (108, 177), (50, 92), (115, 191), (105, 174), (6, 152), (104, 157), (55, 81), (103, 112), (4, 88), (54, 192), (111, 189), (165, 169), (10, 60), (129, 133), (70, 99), (22, 52), (100, 173), (120, 121), (117, 134), (51, 161), (14, 176), (149, 175), (13, 43), (79, 107), (159, 170), (49, 179), (185, 197), (69, 86), (44, 130), (89, 162), (9, 75), (45, 58), (25, 144), (82, 141), (29, 71), (123, 151), (83, 188), (18, 40), (64, 156), (147, 172), (19, 23), (74, 142), (85, 87), (38, 67), (37, 166), (148, 164), (26, 138), (12, 66), (72, 135), (35, 150), (59, 181), (77, 195), (33, 125), (119, 158), (145, 186)}
Згенероване вершинне покриття (C): [0, 1, 2, 3, 4, 5, 6, 7, 8, 9, 10, 11, 12, 13, 14, 16, 17, 18, 19, 20, 21, 22, 23, 24, 25, 26, 27, 28, 29, 30, 31, 32, 33, 35, 36, 37, 38, 40, 41, 42, 43, 44, 45, 46, 47, 48, 49, 50, 51, 52, 53, 54, 55, 56, 57, 58, 59, 60, 61, 62, 63, 64, 65, 66, 67, 68, 69, 70, 71, 72, 73, 74, 75, 76, 77, 78, 79, 80, 81, 82, 83, 84, 85, 86, 87, 88, 89, 90, 91, 92, 93, 96, 97, 98, 99, 100, 101, 102, 103, 104, 105, 107, 108, 109, 110, 111, 112, 114, 115, 116, 117, 118, 119, 120, 121, 122, 123, 124, 125, 128, 129, 130, 131, 133, 134, 135, 136, 137, 138, 140, 141, 142, 143, 144, 145, 146, 147, 148, 149, 150, 151, 152, 153, 155, 156, 157, 158, 159, 160, 161, 162, 163, 164, 165, 166, 168, 169, 170, 171, 172, 173, 174, 175, 176, 177, 178, 179, 180, 181, 182, 183, 185, 186, 187, 188, 189, 190, 191, 192, 193, 195, 196, 197, 198]

--- Генерація вершинного покриття (зі списку суміжності) ---
Знайдене максимальне парування (M): {(141, 182), (118, 168), (34, 138), (22, 81), (65, 125), (171, 198), (90, 188), (11, 133), (58, 95), (156, 197), (20, 120), (97, 184), (49, 199), (50, 54), (136, 142), (87, 146), (99, 175), (40, 98), (2, 123), (92, 108), (86, 122), (62, 76), (88, 159), (128, 149), (180, 196), (93, 145), (26, 64), (121, 137), (75, 85), (1, 74), (130, 158), (80, 117), (14, 19), (30, 134), (16, 193), (44, 154), (18, 135), (5, 183), (6, 47), (13, 126), (78, 106), (25, 143), (107, 169), (17, 59), (32, 41), (77, 192), (48, 101), (7, 176), (82, 124), (67, 172), (36, 102), (46, 79), (61, 140), (15, 127), (119, 166), (56, 162), (71, 181), (8, 152), (45, 116), (39, 84), (114, 151), (37, 139), (24, 68), (112, 190), (69, 155), (52, 148), (53, 186), (177, 191), (83, 129), (132, 195), (72, 174), (51, 163), (0, 161), (63, 144), (3, 187), (23, 89), (110, 160), (31, 105), (109, 189), (4, 60), (27, 55), (35, 38), (10, 66), (153, 167), (131, 194), (100, 115), (12, 57), (9, 104), (103, 150), (43, 147), (94, 165)}
Згенероване вершинне покриття (C): [0, 1, 2, 3, 4, 5, 6, 7, 8, 9, 10, 11, 12, 13, 14, 15, 16, 17, 18, 19, 20, 22, 23, 24, 25, 26, 27, 30, 31, 32, 34, 35, 36, 37, 38, 39, 40, 41, 43, 44, 45, 46, 47, 48, 49, 50, 51, 52, 53, 54, 55, 56, 57, 58, 59, 60, 61, 62, 63, 64, 65, 66, 67, 68, 69, 71, 72, 74, 75, 76, 77, 78, 79, 80, 81, 82, 83, 84, 85, 86, 87, 88, 89, 90, 92, 93, 94, 95, 97, 98, 99, 100, 101, 102, 103, 104, 105, 106, 107, 108, 109, 110, 112, 114, 115, 116, 117, 118, 119, 120, 121, 122, 123, 124, 125, 126, 127, 128, 129, 130, 131, 132, 133, 134, 135, 136, 137, 138, 139, 140, 141, 142, 143, 144, 145, 146, 147, 148, 149, 150, 151, 152, 153, 154, 155, 156, 158, 159, 160, 161, 162, 163, 165, 166, 167, 168, 169, 171, 172, 174, 175, 176, 177, 180, 181, 182, 183, 184, 186, 187, 188, 189, 190, 191, 192, 193, 194, 195, 196, 197, 198, 199]

--- Генерація вершинного покриття (зі списку суміжності) ---
Знайдене максимальне парування (M): {(44, 91), (32, 37), (58, 184), (28, 186), (63, 162), (51, 153), (24, 35), (59, 176), (105, 173), (0, 108), (95, 171), (68, 196), (118, 154), (29, 198), (15, 89), (50, 175), (53, 82), (31, 79), (71, 97), (151, 187), (120, 172), (192, 197), (16, 81), (36, 123), (99, 106), (124, 174), (137, 147), (54, 140), (26, 169), (55, 159), (11, 25), (107, 160), (103, 165), (182, 199), (21, 38), (98, 132), (84, 188), (39, 64), (8, 104), (76, 156), (13, 167), (85, 195), (101, 121), (43, 143), (30, 152), (66, 102), (92, 185), (83, 191), (14, 146), (75, 77), (134, 157), (142, 170), (34, 164), (57, 74), (109, 130), (52, 114), (46, 110), (126, 127), (18, 45), (48, 119), (10, 144), (23, 181), (22, 72), (113, 166), (96, 125), (1, 61), (2, 5), (90, 136), (94, 161), (56, 122), (40, 190), (183, 193), (4, 179), (78, 128), (135, 180), (60, 67), (70, 133), (42, 62), (3, 27), (88, 141), (9, 150), (86, 116), (138, 163), (49, 149), (111, 145), (148, 194), (20, 100), (73, 115), (69, 93), (158, 168)}
Згенероване вершинне покриття (C): [0, 1, 2, 3, 4, 5, 8, 9, 10, 11, 13, 14, 15, 16, 18, 20, 21, 22, 23, 24, 25, 26, 27, 28, 29, 30, 31, 32, 34, 35, 36, 37, 38, 39, 40, 42, 43, 44, 45, 46, 48, 49, 50, 51, 52, 53, 54, 55, 56, 57, 58, 59, 60, 61, 62, 63, 64, 66, 67, 68, 69, 70, 71, 72, 73, 74, 75, 76, 77, 78, 79, 81, 82, 83, 84, 85, 86, 88, 89, 90, 91, 92, 93, 94, 95, 96, 97, 98, 99, 100, 101, 102, 103, 104, 105, 106, 107, 108, 109, 110, 111, 113, 114, 115, 116, 118, 119, 120, 121, 122, 123, 124, 125, 126, 127, 128, 130, 132, 133, 134, 135, 136, 137, 138, 140, 141, 142, 143, 144, 145, 146, 147, 148, 149, 150, 151, 152, 153, 154, 156, 157, 158, 159, 160, 161, 162, 163, 164, 165, 166, 167, 168, 169, 170, 171, 172, 173, 174, 175, 176, 179, 180, 181, 182, 183, 184, 185, 186, 187, 188, 190, 191, 192, 193, 194, 195, 196, 197, 198, 199]

--- Генерація вершинного покриття (зі списку суміжності) ---
Знайдене максимальне парування (M): {(1, 86), (125, 183), (75, 179), (153, 199), (48, 164), (12, 89), (45, 156), (22, 44), (70, 103), (99, 157), (146, 171), (11, 16), (49, 174), (129, 139), (72, 132), (39, 147), (19, 178), (97, 161), (14, 154), (4, 34), (101, 149), (100, 126), (108, 118), (28, 128), (38, 50), (40, 111), (172, 175), (69, 110), (55, 120), (144, 186), (94, 112), (74, 173), (46, 102), (3, 131), (84, 104), (67, 115), (134, 169), (17, 41), (10, 35), (31, 195), (82, 158), (148, 188), (98, 114), (57, 122), (136, 198), (54, 71), (90, 155), (32, 116), (9, 194), (88, 133), (53, 184), (30, 42), (56, 180), (138, 191), (130, 141), (61, 160), (5, 109), (73, 143), (77, 79), (59, 65), (24, 162), (13, 107), (33, 119), (26, 113), (127, 135), (96, 187), (52, 196), (21, 193), (83, 177), (15, 152), (66, 170), (81, 106), (159, 190), (68, 197), (121, 145), (80, 189), (18, 150), (27, 64), (117, 168), (8, 142), (6, 62), (37, 166), (29, 192), (23, 185), (124, 182), (43, 181), (20, 91), (58, 93), (0, 140), (123, 137)}
Згенероване вершинне покриття (C): [0, 1, 3, 4, 5, 6, 8, 9, 10, 11, 12, 13, 14, 15, 16, 17, 18, 19, 20, 21, 22, 23, 24, 26, 27, 28, 29, 30, 31, 32, 33, 34, 35, 37, 38, 39, 40, 41, 42, 43, 44, 45, 46, 48, 49, 50, 52, 53, 54, 55, 56, 57, 58, 59, 61, 62, 64, 65, 66, 67, 68, 69, 70, 71, 72, 73, 74, 75, 77, 79, 80, 81, 82, 83, 84, 86, 88, 89, 90, 91, 93, 94, 96, 97, 98, 99, 100, 101, 102, 103, 104, 106, 107, 108, 109, 110, 111, 112, 113, 114, 115, 116, 117, 118, 119, 120, 121, 122, 123, 124, 125, 126, 127, 128, 129, 130, 131, 132, 133, 134, 135, 136, 137, 138, 139, 140, 141, 142, 143, 144, 145, 146, 147, 148, 149, 150, 152, 153, 154, 155, 156, 157, 158, 159, 160, 161, 162, 164, 166, 168, 169, 170, 171, 172, 173, 174, 175, 177, 178, 179, 180, 181, 182, 183, 184, 185, 186, 187, 188, 189, 190, 191, 192, 193, 194, 195, 196, 197, 198, 199]

--- Генерація вершинного покриття (зі списку суміжності) ---
Знайдене максимальне парування (M): {(55, 66), (28, 186), (182, 198), (75, 108), (73, 74), (24, 154), (132, 160), (35, 99), (50, 127), (139, 147), (51, 137), (32, 188), (41, 145), (0, 37), (34, 78), (162, 181), (29, 91), (23, 84), (11, 64), (97, 152), (6, 98), (123, 180), (120, 172), (63, 184), (95, 191), (90, 149), (102, 187), (68, 100), (19, 70), (85, 143), (12, 49), (26, 130), (144, 168), (158, 167), (16, 138), (47, 61), (71, 92), (185, 196), (9, 117), (52, 60), (4, 148), (40, 58), (101, 126), (93, 161), (82, 140), (3, 133), (165, 183), (72, 104), (121, 189), (118, 135), (77, 164), (153, 166), (8, 150), (79, 155), (48, 94), (86, 142), (87, 159), (156, 194), (44, 96), (5, 171), (65, 103), (151, 170), (141, 199), (13, 105), (136, 175), (39, 114), (33, 89), (53, 122), (129, 163), (38, 106), (15, 113), (57, 67), (81, 131), (116, 119), (169, 173), (7, 111), (20, 59), (31, 178), (36, 174), (69, 107), (128, 193), (134, 179), (157, 192), (43, 115), (1, 109), (42, 80), (62, 177), (21, 124), (18, 88), (2, 46), (110, 146), (30, 190), (14, 56)}
Згенероване вершинне покриття (C): [0, 1, 2, 3, 4, 5, 6, 7, 8, 9, 11, 12, 13, 14, 15, 16, 18, 19, 20, 21, 23, 24, 26, 28, 29, 30, 31, 32, 33, 34, 35, 36, 37, 38, 39, 40, 41, 42, 43, 44, 46, 47, 48, 49, 50, 51, 52, 53, 55, 56, 57, 58, 59, 60, 61, 62, 63, 64, 65, 66, 67, 68, 69, 70, 71, 72, 73, 74, 75, 77, 78, 79, 80, 81, 82, 84, 85, 86, 87, 88, 89, 90, 91, 92, 93, 94, 95, 96, 97, 98, 99, 100, 101, 102, 103, 104, 105, 106, 107, 108, 109, 110, 111, 113, 114, 115, 116, 117, 118, 119, 120, 121, 122, 123, 124, 126, 127, 128, 129, 130, 131, 132, 133, 134, 135, 136, 137, 138, 139, 140, 141, 142, 143, 144, 145, 146, 147, 148, 149, 150, 151, 152, 153, 154, 155, 156, 157, 158, 159, 160, 161, 162, 163, 164, 165, 166, 167, 168, 169, 170, 171, 172, 173, 174, 175, 177, 178, 179, 180, 181, 182, 183, 184, 185, 186, 187, 188, 189, 190, 191, 192, 193, 194, 196, 198, 199]

--- Генерація вершинного покриття (зі списку суміжності) ---
Знайдене максимальне парування (M): {(146, 157), (19, 46), (50, 116), (99, 109), (8, 64), (56, 156), (12, 43), (5, 37), (105, 173), (10, 118), (114, 129), (42, 98), (55, 61), (95, 198), (89, 191), (25, 100), (110, 134), (162, 181), (36, 139), (60, 69), (58, 145), (77, 158), (122, 135), (123, 189), (87, 169), (31, 179), (113, 133), (103, 115), (86, 108), (49, 132), (161, 184), (21, 125), (32, 155), (62, 199), (90, 96), (88, 172), (20, 83), (57, 111), (163, 193), (70, 148), (81, 196), (79, 153), (0, 52), (2, 168), (3, 197), (6, 159), (176, 180), (84, 170), (152, 167), (7, 121), (59, 177), (54, 71), (48, 94), (63, 147), (106, 154), (85, 186), (23, 92), (26, 127), (78, 165), (35, 194), (53, 120), (44, 160), (14, 174), (80, 82), (41, 185), (13, 178), (34, 182), (119, 140), (40, 149), (27, 124), (130, 143), (39, 171), (91, 117), (22, 72), (1, 107), (4, 195), (18, 102), (30, 67), (141, 166), (16, 187), (104, 138), (93, 128), (11, 28), (15, 74), (45, 136), (126, 188), (17, 65), (47, 142), (38, 51), (164, 190), (68, 183), (66, 76), (112, 137)}
Згенероване вершинне покриття (C): [0, 1, 2, 3, 4, 5, 6, 7, 8, 10, 11, 12, 13, 14, 15, 16, 17, 18, 19, 20, 21, 22, 23, 25, 26, 27, 28, 30, 31, 32, 34, 35, 36, 37, 38, 39, 40, 41, 42, 43, 44, 45, 46, 47, 48, 49, 50, 51, 52, 53, 54, 55, 56, 57, 58, 59, 60, 61, 62, 63, 64, 65, 66, 67, 68, 69, 70, 71, 72, 74, 76, 77, 78, 79, 80, 81, 82, 83, 84, 85, 86, 87, 88, 89, 90, 91, 92, 93, 94, 95, 96, 98, 99, 100, 102, 103, 104, 105, 106, 107, 108, 109, 110, 111, 112, 113, 114, 115, 116, 117, 118, 119, 120, 121, 122, 123, 124, 125, 126, 127, 128, 129, 130, 132, 133, 134, 135, 136, 137, 138, 139, 140, 141, 142, 143, 145, 146, 147, 148, 149, 152, 153, 154, 155, 156, 157, 158, 159, 160, 161, 162, 163, 164, 165, 166, 167, 168, 169, 170, 171, 172, 173, 174, 176, 177, 178, 179, 180, 181, 182, 183, 184, 185, 186, 187, 188, 189, 190, 191, 193, 194, 195, 196, 197, 198, 199]

--- Генерація вершинного покриття (зі списку суміжності) ---
Знайдене максимальне парування (M): {(1, 40), (16, 38), (24, 51), (99, 136), (68, 185), (22, 172), (25, 98), (142, 155), (102, 146), (37, 154), (121, 135), (3, 161), (152, 177), (107, 163), (7, 158), (10, 86), (34, 53), (70, 171), (141, 188), (79, 94), (46, 91), (45, 71), (164, 180), (78, 159), (106, 129), (73, 190), (105, 115), (18, 153), (110, 138), (5, 183), (39, 96), (48, 181), (59, 148), (61, 90), (19, 20), (72, 120), (149, 157), (44, 92), (69, 176), (118, 169), (49, 100), (122, 178), (52, 144), (9, 57), (111, 196), (31, 32), (21, 95), (26, 109), (112, 124), (116, 140), (187, 191), (166, 189), (43, 127), (130, 132), (126, 143), (50, 87), (42, 147), (88, 162), (28, 56), (160, 175), (83, 184), (58, 84), (33, 128), (76, 89), (77, 173), (137, 194), (151, 156), (108, 167), (6, 85), (66, 170), (60, 65), (67, 199), (0, 63), (74, 131), (101, 182), (8, 30), (11, 81), (47, 174), (54, 134), (13, 29), (23, 82), (55, 80), (36, 195), (139, 168), (17, 35), (145, 193), (12, 103), (75, 150), (41, 93), (4, 62), (165, 198), (123, 192), (104, 133)}
Згенероване вершинне покриття (C): [0, 1, 3, 4, 5, 6, 7, 8, 9, 10, 11, 12, 13, 16, 17, 18, 19, 20, 21, 22, 23, 24, 25, 26, 28, 29, 30, 31, 32, 33, 34, 35, 36, 37, 38, 39, 40, 41, 42, 43, 44, 45, 46, 47, 48, 49, 50, 51, 52, 53, 54, 55, 56, 57, 58, 59, 60, 61, 62, 63, 65, 66, 67, 68, 69, 70, 71, 72, 73, 74, 75, 76, 77, 78, 79, 80, 81, 82, 83, 84, 85, 86, 87, 88, 89, 90, 91, 92, 93, 94, 95, 96, 98, 99, 100, 101, 102, 103, 104, 105, 106, 107, 108, 109, 110, 111, 112, 115, 116, 118, 120, 121, 122, 123, 124, 126, 127, 128, 129, 130, 131, 132, 133, 134, 135, 136, 137, 138, 139, 140, 141, 142, 143, 144, 145, 146, 147, 148, 149, 150, 151, 152, 153, 154, 155, 156, 157, 158, 159, 160, 161, 162, 163, 164, 165, 166, 167, 168, 169, 170, 171, 172, 173, 174, 175, 176, 177, 178, 180, 181, 182, 183, 184, 185, 187, 188, 189, 190, 191, 192, 193, 194, 195, 196, 198, 199]

--- Генерація вершинного покриття (зі списку суміжності) ---
Знайдене максимальне парування (M): {(14, 175), (41, 122), (56, 138), (125, 137), (92, 97), (42, 96), (11, 108), (29, 107), (57, 77), (18, 21), (2, 153), (101, 174), (95, 100), (84, 109), (166, 169), (79, 131), (170, 194), (62, 78), (28, 55), (73, 142), (20, 35), (15, 112), (68, 93), (30, 173), (3, 186), (52, 60), (58, 158), (126, 164), (82, 140), (53, 198), (45, 130), (139, 146), (23, 136), (51, 182), (22, 91), (50, 83), (25, 63), (150, 179), (36, 47), (70, 177), (17, 171), (124, 144), (159, 184), (118, 155), (76, 167), (111, 134), (5, 61), (163, 181), (89, 94), (66, 193), (156, 187), (39, 59), (0, 141), (6, 19), (32, 38), (86, 192), (12, 197), (106, 149), (116, 190), (7, 54), (87, 172), (49, 81), (44, 48), (40, 160), (168, 199), (143, 154), (114, 121), (99, 148), (85, 103), (4, 188), (72, 151), (27, 64), (90, 102), (10, 176), (8, 69), (31, 34), (33, 132), (119, 183), (157, 185), (105, 178), (13, 113), (65, 123), (165, 180), (9, 24), (46, 128), (74, 98), (104, 133)}
Згенероване вершинне покриття (C): [0, 2, 3, 4, 5, 6, 7, 8, 9, 10, 11, 12, 13, 14, 15, 17, 18, 19, 20, 21, 22, 23, 24, 25, 27, 28, 29, 30, 31, 32, 33, 34, 35, 36, 38, 39, 40, 41, 42, 44, 45, 46, 47, 48, 49, 50, 51, 52, 53, 54, 55, 56, 57, 58, 59, 60, 61, 62, 63, 64, 65, 66, 68, 69, 70, 72, 73, 74, 76, 77, 78, 79, 81, 82, 83, 84, 85, 86, 87, 89, 90, 91, 92, 93, 94, 95, 96, 97, 98, 99, 100, 101, 102, 103, 104, 105, 106, 107, 108, 109, 111, 112, 113, 114, 116, 118, 119, 121, 122, 123, 124, 125, 126, 128, 130, 131, 132, 133, 134, 136, 137, 138, 139, 140, 141, 142, 143, 144, 146, 148, 149, 150, 151, 153, 154, 155, 156, 157, 158, 159, 160, 163, 164, 165, 166, 167, 168, 169, 170, 171, 172, 173, 174, 175, 176, 177, 178, 179, 180, 181, 182, 183, 184, 185, 186, 187, 188, 190, 192, 193, 194, 197, 198, 199]

--- Генерація вершинного покриття (зі списку суміжності) ---
Знайдене максимальне парування (M): {(61, 189), (88, 173), (82, 166), (62, 163), (165, 182), (29, 178), (14, 177), (15, 32), (8, 185), (154, 175), (31, 150), (5, 76), (83, 87), (49, 64), (40, 70), (167, 196), (77, 119), (159, 192), (10, 38), (21, 139), (11, 110), (25, 54), (0, 174), (46, 171), (4, 153), (51, 148), (78, 193), (30, 116), (2, 45), (190, 199), (97, 172), (24, 197), (33, 145), (85, 109), (50, 136), (7, 183), (113, 137), (142, 191), (93, 179), (128, 164), (121, 134), (26, 180), (135, 169), (81, 143), (12, 92), (74, 195), (6, 115), (37, 103), (125, 170), (41, 66), (60, 79), (130, 132), (105, 151), (16, 73), (39, 187), (19, 44), (146, 158), (43, 65), (80, 157), (104, 124), (63, 117), (20, 57), (9, 91), (3, 56), (23, 53), (111, 129), (18, 84), (35, 100), (99, 112), (67, 89), (42, 69), (59, 149), (133, 162), (71, 123), (102, 156), (127, 155), (120, 198), (140, 176), (181, 186), (131, 194), (48, 68), (22, 58), (126, 161), (94, 108), (34, 72), (47, 188), (90, 168), (107, 138), (17, 101), (86, 118), (52, 95), (98, 147)}
Згенероване вершинне покриття (C): [0, 2, 3, 4, 5, 6, 7, 8, 9, 10, 11, 12, 14, 15, 16, 17, 18, 19, 20, 21, 22, 23, 24, 25, 26, 29, 30, 31, 32, 33, 34, 35, 37, 38, 39, 40, 41, 42, 43, 44, 45, 46, 47, 48, 49, 50, 51, 52, 53, 54, 56, 57, 58, 59, 60, 61, 62, 63, 64, 65, 66, 67, 68, 69, 70, 71, 72, 73, 74, 76, 77, 78, 79, 80, 81, 82, 83, 84, 85, 86, 87, 88, 89, 90, 91, 92, 93, 94, 95, 97, 98, 99, 100, 101, 102, 103, 104, 105, 107, 108, 109, 110, 111, 112, 113, 115, 116, 117, 118, 119, 120, 121, 123, 124, 125, 126, 127, 128, 129, 130, 131, 132, 133, 134, 135, 136, 137, 138, 139, 140, 142, 143, 145, 146, 147, 148, 149, 150, 151, 153, 154, 155, 156, 157, 158, 159, 161, 162, 163, 164, 165, 166, 167, 168, 169, 170, 171, 172, 173, 174, 175, 176, 177, 178, 179, 180, 181, 182, 183, 185, 186, 187, 188, 189, 190, 191, 192, 193, 194, 195, 196, 197, 198, 199]

--- Генерація вершинного покриття (зі списку суміжності) ---
Знайдене максимальне парування (M): {(72, 146), (142, 199), (82, 157), (55, 148), (180, 192), (92, 152), (94, 103), (83, 167), (150, 187), (79, 81), (124, 177), (74, 112), (8, 57), (91, 137), (48, 111), (106, 171), (49, 183), (123, 141), (27, 54), (16, 33), (23, 29), (10, 193), (13, 58), (37, 165), (24, 140), (34, 62), (145, 149), (52, 174), (40, 166), (97, 99), (87, 98), (138, 155), (53, 68), (19, 100), (11, 160), (44, 108), (102, 125), (71, 101), (51, 189), (114, 147), (26, 162), (1, 190), (117, 121), (85, 159), (3, 80), (20, 96), (32, 134), (0, 75), (39, 139), (47, 186), (9, 50), (86, 135), (31, 127), (69, 128), (60, 70), (153, 170), (110, 119), (56, 118), (17, 175), (28, 184), (35, 107), (113, 164), (84, 158), (115, 161), (136, 168), (65, 126), (104, 188), (90, 198), (2, 195), (122, 196), (30, 156), (93, 105), (61, 64), (59, 131), (38, 163), (67, 144), (169, 173), (176, 197), (14, 43), (22, 129), (18, 77), (42, 172), (4, 133), (41, 182), (25, 46), (73, 95), (116, 185), (45, 88), (5, 143), (12, 194), (66, 76), (21, 181)}
Згенероване вершинне покриття (C): [0, 1, 2, 3, 4, 5, 8, 9, 10, 11, 12, 13, 14, 16, 17, 18, 19, 20, 21, 22, 23, 24, 25, 26, 27, 28, 29, 30, 31, 32, 33, 34, 35, 37, 38, 39, 40, 41, 42, 43, 44, 45, 46, 47, 48, 49, 50, 51, 52, 53, 54, 55, 56, 57, 58, 59, 60, 61, 62, 64, 65, 66, 67, 68, 69, 70, 71, 72, 73, 74, 75, 76, 77, 79, 80, 81, 82, 83, 84, 85, 86, 87, 88, 90, 91, 92, 93, 94, 95, 96, 97, 98, 99, 100, 101, 102, 103, 104, 105, 106, 107, 108, 110, 111, 112, 113, 114, 115, 116, 117, 118, 119, 121, 122, 123, 124, 125, 126, 127, 128, 129, 131, 133, 134, 135, 136, 137, 138, 139, 140, 141, 142, 143, 144, 145, 146, 147, 148, 149, 150, 152, 153, 155, 156, 157, 158, 159, 160, 161, 162, 163, 164, 165, 166, 167, 168, 169, 170, 171, 172, 173, 174, 175, 176, 177, 180, 181, 182, 183, 184, 185, 186, 187, 188, 189, 190, 192, 193, 194, 195, 196, 197, 198, 199]

--- Генерація вершинного покриття (зі списку суміжності) ---
Знайдене максимальне парування (M): {(118, 159), (59, 174), (18, 136), (106, 157), (134, 140), (1, 58), (117, 163), (17, 149), (0, 23), (29, 141), (5, 12), (46, 178), (6, 68), (79, 110), (56, 142), (51, 121), (145, 183), (37, 101), (150, 173), (70, 107), (25, 139), (11, 39), (47, 123), (7, 151), (34, 135), (148, 175), (164, 171), (74, 180), (130, 133), (165, 197), (97, 190), (172, 193), (2, 93), (75, 126), (167, 184), (10, 72), (28, 96), (13, 144), (88, 147), (45, 57), (62, 146), (43, 50), (105, 138), (84, 115), (15, 189), (27, 99), (44, 94), (30, 104), (20, 78), (14, 199), (31, 160), (114, 185), (42, 81), (26, 191), (128, 132), (40, 83), (87, 161), (9, 89), (69, 112), (64, 195), (52, 169), (158, 187), (176, 177), (66, 186), (24, 125), (153, 181), (54, 196), (35, 36), (4, 21), (80, 86), (8, 67), (152, 166), (19, 85), (131, 137), (38, 129), (102, 119), (124, 198), (53, 156), (16, 116), (73, 113), (77, 168), (111, 170), (95, 192), (32, 154), (100, 188), (3, 63), (60, 179), (41, 65), (55, 155), (71, 127), (48, 143)}
Згенероване вершинне покриття (C): [0, 1, 2, 3, 4, 5, 6, 7, 8, 9, 10, 11, 12, 13, 14, 15, 16, 17, 18, 19, 20, 21, 23, 24, 25, 26, 27, 28, 29, 30, 31, 32, 34, 35, 36, 37, 38, 39, 40, 41, 42, 43, 44, 45, 46, 47, 48, 50, 51, 52, 53, 54, 55, 56, 57, 58, 59, 60, 62, 63, 64, 65, 66, 67, 68, 69, 70, 71, 72, 73, 74, 75, 77, 78, 79, 80, 81, 83, 84, 85, 86, 87, 88, 89, 93, 94, 95, 96, 97, 99, 100, 101, 102, 104, 105, 106, 107, 110, 111, 112, 113, 114, 115, 116, 117, 118, 119, 121, 123, 124, 125, 126, 127, 128, 129, 130, 131, 132, 133, 134, 135, 136, 137, 138, 139, 140, 141, 142, 143, 144, 145, 146, 147, 148, 149, 150, 151, 152, 153, 154, 155, 156, 157, 158, 159, 160, 161, 163, 164, 165, 166, 167, 168, 169, 170, 171, 172, 173, 174, 175, 176, 177, 178, 179, 180, 181, 183, 184, 185, 186, 187, 188, 189, 190, 191, 192, 193, 195, 196, 197, 198, 199]

--- Генерація вершинного покриття (зі списку суміжності) ---
Знайдене максимальне парування (M): {(118, 159), (92, 122), (73, 81), (62, 145), (24, 106), (33, 182), (38, 135), (32, 94), (98, 149), (27, 180), (89, 198), (2, 105), (36, 137), (20, 31), (22, 101), (57, 68), (93, 152), (15, 117), (12, 100), (45, 167), (95, 134), (34, 133), (102, 185), (8, 123), (103, 168), (154, 186), (138, 199), (113, 142), (1, 28), (18, 151), (162, 192), (29, 56), (150, 184), (37, 51), (163, 166), (156, 169), (3, 195), (91, 143), (120, 158), (41, 197), (42, 77), (99, 147), (160, 187), (48, 110), (74, 129), (63, 108), (43, 196), (75, 146), (39, 55), (7, 130), (128, 157), (86, 87), (44, 60), (164, 189), (178, 188), (35, 194), (90, 139), (17, 109), (64, 193), (16, 119), (165, 171), (115, 170), (26, 177), (127, 144), (50, 153), (0, 88), (14, 59), (11, 136), (9, 84), (54, 116), (97, 114), (23, 174), (125, 176), (132, 172), (69, 79), (70, 78), (121, 181), (173, 191), (10, 148), (40, 183), (5, 161), (21, 124), (13, 141), (52, 111), (126, 179), (4, 80), (72, 107), (30, 190), (47, 96), (66, 76)}
Згенероване вершинне покриття (C): [0, 1, 2, 3, 4, 5, 7, 8, 9, 10, 11, 12, 13, 14, 15, 16, 17, 18, 20, 21, 22, 23, 24, 26, 27, 28, 29, 30, 31, 32, 33, 34, 35, 36, 37, 38, 39, 40, 41, 42, 43, 44, 45, 47, 48, 50, 51, 52, 54, 55, 56, 57, 59, 60, 62, 63, 64, 66, 68, 69, 70, 72, 73, 74, 75, 76, 77, 78, 79, 80, 81, 84, 86, 87, 88, 89, 90, 91, 92, 93, 94, 95, 96, 97, 98, 99, 100, 101, 102, 103, 105, 106, 107, 108, 109, 110, 111, 113, 114, 115, 116, 117, 118, 119, 120, 121, 122, 123, 124, 125, 126, 127, 128, 129, 130, 132, 133, 134, 135, 136, 137, 138, 139, 141, 142, 143, 144, 145, 146, 147, 148, 149, 150, 151, 152, 153, 154, 156, 157, 158, 159, 160, 161, 162, 163, 164, 165, 166, 167, 168, 169, 170, 171, 172, 173, 174, 176, 177, 178, 179, 180, 181, 182, 183, 184, 185, 186, 187, 188, 189, 190, 191, 192, 193, 194, 195, 196, 197, 198, 199]

--- Генерація вершинного покриття (зі списку суміжності) ---
Знайдене максимальне парування (M): {(60, 108), (89, 123), (38, 44), (32, 67), (68, 194), (9, 35), (27, 34), (84, 141), (96, 170), (42, 178), (85, 185), (71, 113), (86, 95), (66, 126), (12, 100), (87, 130), (73, 76), (115, 155), (173, 181), (23, 93), (58, 90), (148, 154), (59, 180), (119, 139), (116, 131), (51, 196), (103, 133), (53, 114), (16, 129), (10, 33), (101, 105), (56, 82), (78, 79), (46, 120), (150, 186), (124, 176), (74, 157), (64, 70), (137, 140), (0, 162), (110, 195), (40, 88), (91, 191), (14, 188), (50, 147), (102, 175), (6, 106), (24, 75), (142, 177), (25, 138), (111, 171), (117, 187), (31, 144), (160, 182), (3, 18), (80, 146), (151, 197), (7, 189), (48, 199), (57, 156), (1, 169), (77, 152), (61, 135), (22, 45), (4, 49), (92, 125), (8, 122), (11, 63), (153, 174), (94, 161), (29, 190), (26, 136), (52, 164), (121, 163), (13, 47), (30, 69), (20, 98), (28, 145), (97, 107), (83, 99), (54, 127), (41, 166), (15, 37), (19, 62), (132, 183), (5, 72), (112, 128), (165, 198), (21, 172), (109, 184), (158, 168)}
Згенероване вершинне покриття (C): [0, 1, 3, 4, 5, 6, 7, 8, 9, 10, 11, 12, 13, 14, 15, 16, 18, 19, 20, 21, 22, 23, 24, 25, 26, 27, 28, 29, 30, 31, 32, 33, 34, 35, 37, 38, 40, 41, 42, 44, 45, 46, 47, 48, 49, 50, 51, 52, 53, 54, 56, 57, 58, 59, 60, 61, 62, 63, 64, 66, 67, 68, 69, 70, 71, 72, 73, 74, 75, 76, 77, 78, 79, 80, 82, 83, 84, 85, 86, 87, 88, 89, 90, 91, 92, 93, 94, 95, 96, 97, 98, 99, 100, 101, 102, 103, 105, 106, 107, 108, 109, 110, 111, 112, 113, 114, 115, 116, 117, 119, 120, 121, 122, 123, 124, 125, 126, 127, 128, 129, 130, 131, 132, 133, 135, 136, 137, 138, 139, 140, 141, 142, 144, 145, 146, 147, 148, 150, 151, 152, 153, 154, 155, 156, 157, 158, 160, 161, 162, 163, 164, 165, 166, 168, 169, 170, 171, 172, 173, 174, 175, 176, 177, 178, 180, 181, 182, 183, 184, 185, 186, 187, 188, 189, 190, 191, 194, 195, 196, 197, 198, 199]

--- Генерація вершинного покриття (зі списку суміжності) ---
Знайдене максимальне парування (M): {(58, 120), (90, 152), (101, 179), (5, 147), (39, 188), (41, 88), (61, 173), (31, 86), (102, 146), (80, 161), (11, 46), (134, 190), (8, 59), (45, 87), (29, 155), (112, 125), (0, 137), (32, 89), (36, 105), (98, 107), (56, 71), (68, 118), (23, 159), (44, 72), (78, 113), (144, 186), (85, 164), (128, 162), (74, 191), (169, 181), (140, 145), (132, 141), (136, 187), (121, 150), (33, 92), (37, 108), (65, 154), (75, 110), (19, 184), (57, 122), (35, 183), (81, 116), (158, 171), (27, 163), (79, 82), (18, 139), (24, 103), (26, 100), (12, 28), (6, 170), (62, 123), (9, 151), (15, 47), (69, 91), (42, 138), (16, 64), (117, 189), (17, 166), (40, 131), (66, 95), (76, 160), (34, 127), (49, 106), (55, 149), (54, 96), (1, 13), (50, 153), (7, 182), (63, 135), (20, 130), (148, 178), (43, 104), (67, 126), (83, 177), (60, 175), (73, 93), (25, 172), (99, 185), (22, 38), (30, 94), (129, 167), (4, 133), (124, 143), (70, 142), (53, 156), (48, 114), (21, 51), (84, 119), (3, 109), (52, 111), (115, 176), (77, 97)}
Згенероване вершинне покриття (C): [0, 1, 3, 4, 5, 6, 7, 8, 9, 11, 12, 13, 15, 16, 17, 18, 19, 20, 21, 22, 23, 24, 25, 26, 27, 28, 29, 30, 31, 32, 33, 34, 35, 36, 37, 38, 39, 40, 41, 42, 43, 44, 45, 46, 47, 48, 49, 50, 51, 52, 53, 54, 55, 56, 57, 58, 59, 60, 61, 62, 63, 64, 65, 66, 67, 68, 69, 70, 71, 72, 73, 74, 75, 76, 77, 78, 79, 80, 81, 82, 83, 84, 85, 86, 87, 88, 89, 90, 91, 92, 93, 94, 95, 96, 97, 98, 99, 100, 101, 102, 103, 104, 105, 106, 107, 108, 109, 110, 111, 112, 113, 114, 115, 116, 117, 118, 119, 120, 121, 122, 123, 124, 125, 126, 127, 128, 129, 130, 131, 132, 133, 134, 135, 136, 137, 138, 139, 140, 141, 142, 143, 144, 145, 146, 147, 148, 149, 150, 151, 152, 153, 154, 155, 156, 158, 159, 160, 161, 162, 163, 164, 166, 167, 169, 170, 171, 172, 173, 175, 176, 177, 178, 179, 181, 182, 183, 184, 185, 186, 187, 188, 189, 190, 191]

--- Генерація вершинного покриття (зі списку суміжності) ---
Знайдене максимальне парування (M): {(47, 144), (11, 124), (150, 159), (139, 156), (165, 193), (21, 103), (41, 145), (155, 167), (15, 190), (53, 137), (48, 86), (119, 192), (147, 153), (6, 34), (27, 136), (92, 138), (94, 135), (29, 45), (46, 125), (38, 66), (57, 100), (60, 71), (141, 154), (32, 128), (72, 118), (13, 133), (140, 152), (26, 130), (170, 187), (184, 186), (67, 113), (177, 180), (93, 168), (56, 183), (76, 115), (171, 188), (12, 88), (37, 151), (95, 131), (16, 149), (91, 191), (65, 117), (122, 169), (50, 129), (52, 126), (14, 87), (49, 63), (123, 195), (18, 194), (161, 197), (0, 109), (77, 84), (1, 82), (9, 105), (114, 142), (19, 179), (75, 132), (17, 148), (22, 134), (3, 185), (74, 181), (24, 162), (68, 110), (43, 120), (36, 90), (106, 176), (73, 173), (30, 83), (101, 198), (5, 102), (35, 164), (40, 160), (78, 98), (25, 62), (64, 163), (28, 79), (39, 127), (80, 116), (51, 174), (42, 172), (10, 112), (23, 146), (81, 108), (61, 178), (96, 175), (70, 89), (44, 189), (8, 199), (31, 54), (99, 143), (69, 157), (58, 111)}
Згенероване вершинне покриття (C): [0, 1, 3, 5, 6, 8, 9, 10, 11, 12, 13, 14, 15, 16, 17, 18, 19, 21, 22, 23, 24, 25, 26, 27, 28, 29, 30, 31, 32, 34, 35, 36, 37, 38, 39, 40, 41, 42, 43, 44, 45, 46, 47, 48, 49, 50, 51, 52, 53, 54, 56, 57, 58, 60, 61, 62, 63, 64, 65, 66, 67, 68, 69, 70, 71, 72, 73, 74, 75, 76, 77, 78, 79, 80, 81, 82, 83, 84, 86, 87, 88, 89, 90, 91, 92, 93, 94, 95, 96, 98, 99, 100, 101, 102, 103, 105, 106, 108, 109, 110, 111, 112, 113, 114, 115, 116, 117, 118, 119, 120, 122, 123, 124, 125, 126, 127, 128, 129, 130, 131, 132, 133, 134, 135, 136, 137, 138, 139, 140, 141, 142, 143, 144, 145, 146, 147, 148, 149, 150, 151, 152, 153, 154, 155, 156, 157, 159, 160, 161, 162, 163, 164, 165, 167, 168, 169, 170, 171, 172, 173, 174, 175, 176, 177, 178, 179, 180, 181, 183, 184, 185, 186, 187, 188, 189, 190, 191, 192, 193, 194, 195, 197, 198, 199]

--- Генерація вершинного покриття (зі списку суміжності) ---
Знайдене максимальне парування (M): {(31, 191), (40, 148), (113, 154), (115, 160), (7, 35), (127, 189), (48, 164), (30, 73), (96, 152), (104, 144), (80, 186), (43, 60), (91, 146), (6, 50), (58, 161), (51, 155), (14, 170), (16, 24), (19, 41), (67, 136), (147, 153), (86, 88), (4, 107), (133, 184), (45, 181), (22, 124), (111, 135), (65, 177), (62, 117), (85, 109), (8, 118), (5, 64), (0, 114), (10, 179), (105, 145), (187, 196), (125, 157), (99, 138), (25, 198), (55, 122), (26, 180), (13, 128), (42, 79), (56, 169), (28, 162), (18, 139), (188, 199), (84, 108), (1, 192), (76, 140), (66, 93), (134, 182), (75, 178), (29, 101), (82, 119), (130, 150), (110, 183), (83, 166), (11, 95), (12, 69), (123, 156), (89, 197), (61, 71), (167, 174), (32, 129), (172, 176), (34, 47), (37, 52), (46, 149), (21, 74), (126, 193), (33, 185), (3, 98), (57, 78), (143, 175), (112, 151), (132, 163), (72, 87), (70, 142), (90, 120), (77, 159), (102, 158), (54, 173), (38, 131), (194, 195), (81, 92), (59, 190), (44, 171), (15, 165), (116, 141), (53, 103), (39, 168)}
Згенероване вершинне покриття (C): [0, 1, 3, 4, 5, 6, 7, 8, 10, 11, 12, 13, 14, 15, 16, 18, 19, 21, 22, 24, 25, 26, 28, 29, 30, 31, 32, 33, 34, 35, 37, 38, 39, 40, 41, 42, 43, 44, 45, 46, 47, 48, 50, 51, 52, 53, 54, 55, 56, 57, 58, 59, 60, 61, 62, 64, 65, 66, 67, 69, 70, 71, 72, 73, 74, 75, 76, 77, 78, 79, 80, 81, 82, 83, 84, 85, 86, 87, 88, 89, 90, 91, 92, 93, 95, 96, 98, 99, 101, 102, 103, 104, 105, 107, 108, 109, 110, 111, 112, 113, 114, 115, 116, 117, 118, 119, 120, 122, 123, 124, 125, 126, 127, 128, 129, 130, 131, 132, 133, 134, 135, 136, 138, 139, 140, 141, 142, 143, 144, 145, 146, 147, 148, 149, 150, 151, 152, 153, 154, 155, 156, 157, 158, 159, 160, 161, 162, 163, 164, 165, 166, 167, 168, 169, 170, 171, 172, 173, 174, 175, 176, 177, 178, 179, 180, 181, 182, 183, 184, 185, 186, 187, 188, 189, 190, 191, 192, 193, 194, 195, 196, 197, 198, 199]

--- Генерація вершинного покриття (зі списку суміжності) ---
Знайдене максимальне парування (M): {(21, 80), (25, 114), (19, 128), (39, 179), (0, 197), (149, 158), (95, 132), (43, 94), (62, 83), (188, 189), (2, 160), (70, 75), (16, 168), (138, 142), (121, 144), (30, 41), (136, 171), (86, 152), (26, 55), (3, 99), (57, 198), (23, 111), (47, 169), (31, 145), (17, 192), (141, 154), (183, 187), (113, 199), (105, 161), (36, 61), (59, 182), (14, 122), (34, 82), (67, 79), (12, 33), (52, 87), (150, 177), (104, 134), (116, 172), (37, 71), (29, 42), (159, 173), (133, 163), (35, 137), (130, 155), (81, 143), (9, 185), (32, 180), (78, 92), (7, 123), (10, 140), (6, 8), (73, 196), (157, 195), (98, 191), (5, 91), (74, 90), (44, 153), (54, 194), (77, 125), (24, 162), (131, 178), (112, 174), (124, 139), (45, 102), (147, 186), (20, 66), (56, 65), (108, 167), (22, 72), (60, 120), (84, 151), (97, 148), (40, 96), (126, 129), (15, 106), (51, 190), (88, 176), (18, 166), (63, 110), (53, 117), (76, 164), (38, 101), (27, 64), (115, 165), (119, 156), (1, 127), (11, 193), (58, 100), (69, 109), (4, 181), (13, 49), (85, 89), (68, 146)}
Згенероване вершинне покриття (C): [0, 1, 2, 3, 4, 5, 6, 7, 8, 9, 10, 11, 12, 13, 14, 15, 16, 17, 18, 19, 20, 21, 22, 23, 24, 25, 26, 27, 29, 30, 31, 32, 33, 34, 35, 36, 37, 38, 39, 40, 41, 42, 43, 44, 45, 47, 49, 51, 52, 53, 54, 55, 56, 57, 58, 59, 60, 61, 62, 63, 64, 65, 66, 67, 68, 69, 70, 71, 72, 73, 74, 75, 76, 77, 78, 79, 80, 81, 82, 83, 84, 85, 86, 87, 88, 89, 90, 91, 92, 94, 95, 96, 97, 98, 99, 100, 101, 102, 104, 105, 106, 108, 109, 110, 111, 112, 113, 114, 115, 116, 117, 119, 120, 121, 122, 123, 124, 125, 126, 127, 128, 129, 130, 131, 132, 133, 134, 136, 137, 138, 139, 140, 141, 142, 143, 144, 145, 146, 147, 148, 149, 150, 151, 152, 153, 154, 155, 156, 157, 158, 159, 160, 161, 162, 163, 164, 165, 166, 167, 168, 169, 171, 172, 173, 174, 176, 177, 178, 179, 180, 181, 182, 183, 185, 186, 187, 188, 189, 190, 191, 192, 193, 194, 195, 196, 197, 198, 199]

--- Генерація вершинного покриття (зі списку суміжності) ---
Знайдене максимальне парування (M): {(36, 53), (50, 171), (19, 64), (100, 147), (27, 141), (34, 37), (54, 159), (145, 188), (39, 124), (178, 194), (112, 148), (98, 167), (105, 182), (99, 120), (108, 187), (22, 165), (169, 184), (90, 138), (1, 154), (82, 143), (52, 181), (73, 149), (45, 142), (101, 174), (0, 119), (3, 81), (2, 61), (60, 78), (129, 132), (122, 190), (89, 157), (104, 176), (85, 150), (23, 175), (13, 94), (18, 87), (42, 118), (116, 131), (92, 140), (40, 111), (109, 110), (103, 133), (67, 113), (30, 91), (10, 115), (66, 68), (63, 170), (114, 117), (15, 59), (137, 183), (96, 197), (130, 144), (74, 93), (41, 135), (26, 125), (49, 191), (4, 168), (9, 158), (38, 47), (7, 160), (43, 70), (79, 185), (72, 179), (8, 33), (44, 151), (139, 196), (146, 156), (62, 162), (152, 180), (21, 136), (80, 84), (97, 164), (127, 199), (28, 95), (14, 77), (32, 58), (107, 198), (76, 128), (17, 106), (31, 123), (16, 25), (126, 177), (56, 88), (55, 153), (65, 121), (35, 193), (46, 71), (29, 192), (20, 189), (12, 75), (24, 186), (11, 195), (69, 166)}
Згенероване вершинне покриття (C): [0, 1, 2, 3, 4, 7, 8, 9, 10, 11, 12, 13, 14, 15, 16, 17, 18, 19, 20, 21, 22, 23, 24, 25, 26, 27, 28, 29, 30, 31, 32, 33, 34, 35, 36, 37, 38, 39, 40, 41, 42, 43, 44, 45, 46, 47, 49, 50, 52, 53, 54, 55, 56, 58, 59, 60, 61, 62, 63, 64, 65, 66, 67, 68, 69, 70, 71, 72, 73, 74, 75, 76, 77, 78, 79, 80, 81, 82, 84, 85, 87, 88, 89, 90, 91, 92, 93, 94, 95, 96, 97, 98, 99, 100, 101, 103, 104, 105, 106, 107, 108, 109, 110, 111, 112, 113, 114, 115, 116, 117, 118, 119, 120, 121, 122, 123, 124, 125, 126, 127, 128, 129, 130, 131, 132, 133, 135, 136, 137, 138, 139, 140, 141, 142, 143, 144, 145, 146, 147, 148, 149, 150, 151, 152, 153, 154, 156, 157, 158, 159, 160, 162, 164, 165, 166, 167, 168, 169, 170, 171, 174, 175, 176, 177, 178, 179, 180, 181, 182, 183, 184, 185, 186, 187, 188, 189, 190, 191, 192, 193, 194, 195, 196, 197, 198, 199]

--- Генерація вершинного покриття (зі списку суміжності) ---
Знайдене максимальне парування (M): {(31, 191), (118, 159), (35, 42), (93, 150), (56, 110), (65, 143), (26, 69), (61, 100), (81, 151), (19, 176), (9, 147), (68, 141), (7, 67), (96, 172), (139, 167), (122, 190), (38, 66), (132, 137), (112, 134), (15, 73), (17, 55), (6, 36), (23, 86), (58, 138), (21, 98), (87, 116), (119, 123), (33, 154), (11, 32), (174, 196), (76, 124), (74, 136), (59, 102), (30, 157), (107, 160), (10, 99), (188, 197), (29, 88), (46, 113), (1, 71), (53, 54), (175, 178), (18, 185), (20, 60), (91, 111), (103, 140), (101, 155), (13, 39), (3, 16), (0, 182), (135, 199), (129, 195), (41, 82), (45, 189), (162, 173), (80, 128), (70, 163), (22, 180), (109, 194), (12, 14), (24, 43), (127, 153), (95, 133), (97, 130), (2, 158), (63, 144), (4, 131), (90, 164), (77, 166), (142, 183), (62, 193), (84, 126), (5, 177), (44, 114), (25, 165), (28, 72), (79, 184), (27, 146), (94, 145), (51, 85), (49, 186), (50, 169), (75, 168), (89, 148), (117, 152), (57, 64), (37, 40), (34, 108), (92, 104), (48, 198), (121, 149)}
Згенероване вершинне покриття (C): [0, 1, 2, 3, 4, 5, 6, 7, 9, 10, 11, 12, 13, 14, 15, 16, 17, 18, 19, 20, 21, 22, 23, 24, 25, 26, 27, 28, 29, 30, 31, 32, 33, 34, 35, 36, 37, 38, 39, 40, 41, 42, 43, 44, 45, 46, 48, 49, 50, 51, 53, 54, 55, 56, 57, 58, 59, 60, 61, 62, 63, 64, 65, 66, 67, 68, 69, 70, 71, 72, 73, 74, 75, 76, 77, 79, 80, 81, 82, 84, 85, 86, 87, 88, 89, 90, 91, 92, 93, 94, 95, 96, 97, 98, 99, 100, 101, 102, 103, 104, 107, 108, 109, 110, 111, 112, 113, 114, 116, 117, 118, 119, 121, 122, 123, 124, 126, 127, 128, 129, 130, 131, 132, 133, 134, 135, 136, 137, 138, 139, 140, 141, 142, 143, 144, 145, 146, 147, 148, 149, 150, 151, 152, 153, 154, 155, 157, 158, 159, 160, 162, 163, 164, 165, 166, 167, 168, 169, 172, 173, 174, 175, 176, 177, 178, 180, 182, 183, 184, 185, 186, 188, 189, 190, 191, 193, 194, 195, 196, 197, 198, 199]

--- Генерація вершинного покриття (зі списку суміжності) ---
Знайдене максимальне парування (M): {(57, 91), (50, 107), (7, 163), (1, 58), (176, 185), (63, 162), (151, 155), (86, 184), (90, 145), (104, 144), (35, 154), (6, 148), (64, 80), (127, 191), (4, 87), (22, 165), (67, 100), (62, 195), (34, 133), (40, 109), (59, 98), (30, 43), (20, 26), (84, 157), (8, 198), (60, 199), (14, 37), (49, 123), (149, 164), (65, 88), (147, 194), (28, 167), (45, 73), (119, 150), (17, 130), (114, 117), (103, 181), (32, 139), (135, 158), (72, 129), (116, 172), (140, 193), (15, 171), (21, 111), (110, 115), (79, 146), (38, 102), (92, 137), (53, 93), (44, 69), (27, 156), (126, 159), (25, 138), (9, 105), (74, 170), (48, 96), (10, 78), (24, 196), (94, 120), (121, 177), (52, 68), (66, 186), (136, 168), (99, 128), (23, 169), (0, 134), (81, 131), (29, 188), (3, 178), (143, 182), (18, 166), (2, 5), (76, 192), (108, 142), (47, 101), (51, 83), (12, 46), (174, 190), (41, 54), (55, 71), (125, 197), (82, 180), (95, 183), (19, 160), (31, 36), (11, 122), (161, 173), (85, 153), (75, 97), (77, 179)}
Згенероване вершинне покриття (C): [0, 1, 2, 3, 4, 5, 6, 7, 8, 9, 10, 11, 12, 14, 15, 17, 18, 19, 20, 21, 22, 23, 24, 25, 26, 27, 28, 29, 30, 31, 32, 34, 35, 36, 37, 38, 40, 41, 43, 44, 45, 46, 47, 48, 49, 50, 51, 52, 53, 54, 55, 57, 58, 59, 60, 62, 63, 64, 65, 66, 67, 68, 69, 71, 72, 73, 74, 75, 76, 77, 78, 79, 80, 81, 82, 83, 84, 85, 86, 87, 88, 90, 91, 92, 93, 94, 95, 96, 97, 98, 99, 100, 101, 102, 103, 104, 105, 107, 108, 109, 110, 111, 114, 115, 116, 117, 119, 120, 121, 122, 123, 125, 126, 127, 128, 129, 130, 131, 133, 134, 135, 136, 137, 138, 139, 140, 142, 143, 144, 145, 146, 147, 148, 149, 150, 151, 153, 154, 155, 156, 157, 158, 159, 160, 161, 162, 163, 164, 165, 166, 167, 168, 169, 170, 171, 172, 173, 174, 176, 177, 178, 179, 180, 181, 182, 183, 184, 185, 186, 188, 190, 191, 192, 193, 194, 195, 196, 197, 198, 199]

--- Генерація вершинного покриття (зі списку суміжності) ---
Знайдене максимальне парування (M): {(152, 182), (70, 137), (94, 131), (64, 160), (29, 169), (2, 130), (109, 113), (149, 158), (37, 170), (61, 155), (24, 99), (41, 115), (162, 188), (57, 59), (30, 148), (32, 78), (86, 177), (120, 179), (27, 54), (101, 183), (23, 157), (84, 118), (114, 186), (33, 79), (92, 110), (112, 143), (71, 136), (58, 181), (0, 103), (85, 171), (91, 187), (146, 166), (8, 189), (156, 176), (1, 12), (10, 161), (18, 89), (125, 127), (39, 87), (60, 119), (140, 173), (14, 195), (5, 192), (15, 123), (31, 174), (185, 198), (63, 90), (46, 104), (151, 193), (4, 159), (56, 105), (175, 178), (34, 196), (126, 132), (124, 144), (51, 138), (75, 139), (88, 133), (16, 190), (128, 141), (6, 81), (76, 96), (11, 95), (80, 194), (43, 184), (150, 167), (36, 145), (17, 77), (153, 163), (116, 199), (22, 100), (74, 147), (47, 108), (38, 72), (62, 191), (65, 98), (9, 164), (25, 117), (93, 135), (20, 50), (49, 129), (3, 107), (111, 122), (7, 13), (26, 35), (19, 197), (67, 121), (154, 180), (28, 83), (21, 44), (68, 73), (45, 172), (48, 134)}
Згенероване вершинне покриття (C): [0, 1, 2, 3, 4, 5, 6, 7, 8, 9, 10, 11, 12, 13, 14, 15, 16, 17, 18, 19, 20, 21, 22, 23, 24, 25, 26, 27, 28, 29, 30, 31, 32, 33, 34, 35, 36, 37, 38, 39, 41, 43, 44, 45, 46, 47, 48, 49, 50, 51, 54, 56, 57, 58, 59, 60, 61, 62, 63, 64, 65, 67, 68, 70, 71, 72, 73, 74, 75, 76, 77, 78, 79, 80, 81, 83, 84, 85, 86, 87, 88, 89, 90, 91, 92, 93, 94, 95, 96, 98, 99, 100, 101, 103, 104, 105, 107, 108, 109, 110, 111, 112, 113, 114, 115, 116, 117, 118, 119, 120, 121, 122, 123, 124, 125, 126, 127, 128, 129, 130, 131, 132, 133, 134, 135, 136, 137, 138, 139, 140, 141, 143, 144, 145, 146, 147, 148, 149, 150, 151, 152, 153, 154, 155, 156, 157, 158, 159, 160, 161, 162, 163, 164, 166, 167, 169, 170, 171, 172, 173, 174, 175, 176, 177, 178, 179, 180, 181, 182, 183, 184, 185, 186, 187, 188, 189, 190, 191, 192, 193, 194, 195, 196, 197, 198, 199]

--- Генерація вершинного покриття (зі списку суміжності) ---
Знайдене максимальне парування (M): {(158, 177), (151, 171), (80, 138), (72, 155), (56, 147), (16, 175), (68, 121), (30, 146), (45, 165), (114, 136), (15, 23), (37, 63), (2, 169), (111, 140), (12, 36), (50, 148), (55, 107), (5, 167), (24, 28), (7, 195), (172, 198), (29, 91), (20, 170), (57, 134), (44, 106), (31, 81), (22, 142), (10, 122), (65, 186), (48, 188), (43, 137), (1, 76), (161, 184), (84, 129), (70, 118), (27, 58), (88, 117), (18, 174), (41, 160), (13, 153), (39, 199), (85, 166), (4, 150), (32, 34), (11, 100), (77, 185), (82, 96), (83, 180), (60, 196), (97, 105), (33, 197), (62, 123), (42, 154), (64, 193), (92, 176), (94, 182), (3, 192), (73, 125), (93, 103), (19, 163), (47, 179), (102, 115), (69, 194), (101, 116), (66, 79), (51, 90), (17, 49), (40, 78), (168, 181), (21, 74), (38, 99), (130, 173), (54, 98), (112, 133), (86, 178), (89, 119), (67, 128), (35, 157), (59, 87), (127, 139), (8, 14), (124, 152), (6, 25), (75, 113), (52, 120), (71, 109), (164, 190), (46, 183)}
Згенероване вершинне покриття (C): [1, 2, 3, 4, 5, 6, 7, 8, 10, 11, 12, 13, 14, 15, 16, 17, 18, 19, 20, 21, 22, 23, 24, 25, 27, 28, 29, 30, 31, 32, 33, 34, 35, 36, 37, 38, 39, 40, 41, 42, 43, 44, 45, 46, 47, 48, 49, 50, 51, 52, 54, 55, 56, 57, 58, 59, 60, 62, 63, 64, 65, 66, 67, 68, 69, 70, 71, 72, 73, 74, 75, 76, 77, 78, 79, 80, 81, 82, 83, 84, 85, 86, 87, 88, 89, 90, 91, 92, 93, 94, 96, 97, 98, 99, 100, 101, 102, 103, 105, 106, 107, 109, 111, 112, 113, 114, 115, 116, 117, 118, 119, 120, 121, 122, 123, 124, 125, 127, 128, 129, 130, 133, 134, 136, 137, 138, 139, 140, 142, 146, 147, 148, 150, 151, 152, 153, 154, 155, 157, 158, 160, 161, 163, 164, 165, 166, 167, 168, 169, 170, 171, 172, 173, 174, 175, 176, 177, 178, 179, 180, 181, 182, 183, 184, 185, 186, 188, 190, 192, 193, 194, 195, 196, 197, 198, 199]

--- Генерація вершинного покриття (зі списку суміжності) ---
Знайдене максимальне парування (M): {(6, 192), (41, 168), (130, 170), (7, 145), (28, 122), (45, 147), (3, 22), (31, 157), (123, 185), (21, 183), (27, 189), (29, 43), (5, 140), (34, 158), (114, 184), (126, 149), (97, 177), (36, 84), (61, 86), (47, 50), (73, 78), (8, 171), (125, 134), (63, 150), (44, 179), (16, 83), (15, 148), (17, 57), (109, 195), (51, 180), (12, 24), (46, 56), (85, 136), (42, 77), (55, 104), (52, 151), (75, 153), (37, 108), (116, 181), (9, 64), (33, 58), (1, 190), (98, 141), (106, 188), (144, 172), (81, 143), (90, 91), (128, 194), (80, 135), (133, 165), (48, 69), (10, 39), (11, 93), (82, 89), (159, 186), (2, 92), (88, 162), (111, 127), (32, 102), (60, 182), (67, 142), (112, 119), (18, 164), (117, 173), (110, 176), (155, 175), (100, 129), (95, 197), (0, 191), (99, 139), (137, 187), (20, 178), (30, 103), (74, 167), (68, 160), (49, 156), (59, 124), (105, 121), (107, 118), (79, 193), (154, 196), (53, 174), (71, 198), (138, 163), (152, 161), (62, 115), (66, 131), (120, 166), (13, 70), (23, 169), (26, 76)}
Згенероване вершинне покриття (C): [0, 1, 2, 3, 5, 6, 7, 8, 9, 10, 11, 12, 13, 15, 16, 17, 18, 20, 21, 22, 23, 24, 26, 27, 28, 29, 30, 31, 32, 33, 34, 36, 37, 39, 41, 42, 43, 44, 45, 46, 47, 48, 49, 50, 51, 52, 53, 55, 56, 57, 58, 59, 60, 61, 62, 63, 64, 66, 67, 68, 69, 70, 71, 73, 74, 75, 76, 77, 78, 79, 80, 81, 82, 83, 84, 85, 86, 88, 89, 90, 91, 92, 93, 95, 97, 98, 99, 100, 102, 103, 104, 105, 106, 107, 108, 109, 110, 111, 112, 114, 115, 116, 117, 118, 119, 120, 121, 122, 123, 124, 125, 126, 127, 128, 129, 130, 131, 133, 134, 135, 136, 137, 138, 139, 140, 141, 142, 143, 144, 145, 147, 148, 149, 150, 151, 152, 153, 154, 155, 156, 157, 158, 159, 160, 161, 162, 163, 164, 165, 166, 167, 168, 169, 170, 171, 172, 173, 174, 175, 176, 177, 178, 179, 180, 181, 182, 183, 184, 185, 186, 187, 188, 189, 190, 191, 192, 193, 194, 195, 196, 197, 198]

--- Генерація вершинного покриття (зі списку суміжності) ---
Знайдене максимальне парування (M): {(113, 154), (141, 145), (48, 109), (2, 121), (129, 192), (58, 95), (14, 168), (84, 187), (16, 77), (15, 142), (105, 118), (81, 169), (43, 69), (51, 91), (9, 92), (174, 180), (32, 160), (65, 166), (11, 110), (136, 162), (20, 161), (104, 112), (27, 93), (10, 22), (38, 194), (33, 143), (59, 125), (35, 103), (45, 80), (60, 126), (5, 25), (131, 140), (86, 172), (159, 196), (87, 198), (82, 147), (75, 181), (67, 152), (123, 184), (26, 68), (106, 122), (135, 158), (133, 170), (73, 183), (13, 89), (134, 178), (116, 117), (56, 130), (97, 149), (41, 199), (57, 79), (83, 107), (23, 74), (29, 90), (148, 190), (18, 96), (42, 63), (12, 37), (3, 153), (62, 114), (21, 177), (167, 197), (0, 157), (28, 173), (119, 138), (8, 72), (88, 144), (76, 151), (19, 44), (17, 175), (47, 163), (150, 185), (64, 124), (30, 156), (39, 189), (99, 155), (6, 195), (50, 128), (101, 127), (179, 193), (71, 132), (7, 31), (98, 188), (137, 171), (34, 115), (54, 182), (78, 176), (52, 111), (1, 102), (53, 85), (24, 49), (108, 146), (94, 165)}
Згенероване вершинне покриття (C): [0, 1, 2, 3, 5, 6, 7, 8, 9, 10, 11, 12, 13, 14, 15, 16, 17, 18, 19, 20, 21, 22, 23, 24, 25, 26, 27, 28, 29, 30, 31, 32, 33, 34, 35, 37, 38, 39, 41, 42, 43, 44, 45, 47, 48, 49, 50, 51, 52, 53, 54, 56, 57, 58, 59, 60, 62, 63, 64, 65, 67, 68, 69, 71, 72, 73, 74, 75, 76, 77, 78, 79, 80, 81, 82, 83, 84, 85, 86, 87, 88, 89, 90, 91, 92, 93, 94, 95, 96, 97, 98, 99, 101, 102, 103, 104, 105, 106, 107, 108, 109, 110, 111, 112, 113, 114, 115, 116, 117, 118, 119, 121, 122, 123, 124, 125, 126, 127, 128, 129, 130, 131, 132, 133, 134, 135, 136, 137, 138, 140, 141, 142, 143, 144, 145, 146, 147, 148, 149, 150, 151, 152, 153, 154, 155, 156, 157, 158, 159, 160, 161, 162, 163, 165, 166, 167, 168, 169, 170, 171, 172, 173, 174, 175, 176, 177, 178, 179, 180, 181, 182, 183, 184, 185, 187, 188, 189, 190, 192, 193, 194, 195, 196, 197, 198, 199]

--- Генерація вершинного покриття (зі списку суміжності) ---
Знайдене максимальне парування (M): {(132, 167), (30, 110), (35, 170), (25, 50), (65, 171), (47, 144), (138, 140), (19, 112), (16, 40), (17, 124), (29, 34), (101, 172), (0, 181), (8, 75), (134, 151), (32, 78), (31, 58), (69, 106), (38, 82), (59, 114), (71, 143), (45, 133), (33, 177), (63, 111), (135, 154), (41, 165), (44, 115), (56, 80), (20, 26), (11, 176), (2, 118), (147, 173), (149, 192), (1, 3), (27, 113), (36, 125), (90, 169), (22, 98), (104, 116), (62, 128), (23, 145), (77, 91), (57, 186), (15, 61), (10, 74), (152, 185), (9, 39), (60, 68), (97, 160), (7, 123), (89, 174), (52, 155), (79, 148), (64, 193), (6, 72), (137, 162), (5, 189), (14, 18), (107, 121), (4, 81), (43, 182), (153, 161), (67, 103), (28, 84), (122, 130), (83, 129), (12, 142), (99, 119), (48, 55), (196, 198), (70, 156), (76, 199), (73, 127), (102, 108), (93, 105), (117, 191), (175, 187), (46, 94), (96, 180), (86, 157), (53, 163), (141, 166), (100, 168), (87, 131), (49, 92), (42, 190), (24, 184), (85, 197), (13, 150), (95, 146), (136, 183), (139, 179)}
Згенероване вершинне покриття (C): [0, 1, 2, 3, 4, 5, 6, 7, 8, 9, 10, 11, 12, 13, 14, 15, 16, 17, 18, 19, 20, 22, 23, 24, 25, 26, 27, 28, 29, 30, 31, 32, 33, 34, 35, 36, 38, 39, 40, 41, 42, 43, 44, 45, 46, 47, 48, 49, 50, 52, 53, 55, 56, 57, 58, 59, 60, 61, 62, 63, 64, 65, 67, 68, 69, 70, 71, 72, 73, 74, 75, 76, 77, 78, 79, 80, 81, 82, 83, 84, 85, 86, 87, 89, 90, 91, 92, 93, 94, 95, 96, 97, 98, 99, 100, 101, 102, 103, 104, 105, 106, 107, 108, 110, 111, 112, 113, 114, 115, 116, 117, 118, 119, 121, 122, 123, 124, 125, 127, 128, 129, 130, 131, 132, 133, 134, 135, 136, 137, 138, 139, 140, 141, 142, 143, 144, 145, 146, 147, 148, 149, 150, 151, 152, 153, 154, 155, 156, 157, 160, 161, 162, 163, 165, 166, 167, 168, 169, 170, 171, 172, 173, 174, 175, 176, 177, 179, 180, 181, 182, 183, 184, 185, 186, 187, 189, 190, 191, 192, 193, 196, 197, 198, 199]

Середній час виконання: 0.0001978207 секунд
