
--- Генерація вершинного покриття (зі списку суміжності) ---
Знайдене максимальне парування (M): {(59, 61), (17, 73), (12, 28), (60, 71), (65, 67), (29, 47), (11, 69), (8, 15), (21, 52), (53, 63), (36, 43), (24, 35), (41, 51), (44, 56), (13, 50), (20, 37), (66, 68), (10, 32), (5, 45), (33, 34), (16, 27), (7, 30), (25, 57), (39, 49), (6, 58), (48, 70), (4, 46), (54, 62)}
Згенероване вершинне покриття (C): [4, 5, 6, 7, 8, 10, 11, 12, 13, 15, 16, 17, 20, 21, 24, 25, 27, 28, 29, 30, 32, 33, 34, 35, 36, 37, 39, 41, 43, 44, 45, 46, 47, 48, 49, 50, 51, 52, 53, 54, 56, 57, 58, 59, 60, 61, 62, 63, 65, 66, 67, 68, 69, 70, 71, 73]

--- Генерація вершинного покриття (зі списку суміжності) ---
Знайдене максимальне парування (M): {(55, 57), (51, 53), (2, 36), (13, 45), (59, 73), (41, 70), (11, 63), (1, 6), (17, 24), (19, 21), (49, 62), (14, 40), (8, 27), (54, 61), (9, 38), (20, 74), (7, 31), (58, 67), (46, 47), (30, 66), (22, 37), (3, 33), (34, 42), (23, 39), (10, 26), (4, 65), (50, 68), (48, 52), (5, 35), (12, 44), (16, 72)}
Згенероване вершинне покриття (C): [1, 2, 3, 4, 5, 6, 7, 8, 9, 10, 11, 12, 13, 14, 16, 17, 19, 20, 21, 22, 23, 24, 26, 27, 30, 31, 33, 34, 35, 36, 37, 38, 39, 40, 41, 42, 44, 45, 46, 47, 48, 49, 50, 51, 52, 53, 54, 55, 57, 58, 59, 61, 62, 63, 65, 66, 67, 68, 70, 72, 73, 74]

--- Генерація вершинного покриття (зі списку суміжності) ---
Знайдене максимальне парування (M): {(9, 39), (34, 62), (2, 51), (45, 49), (53, 65), (63, 67), (13, 26), (16, 28), (73, 74), (4, 14), (3, 41), (20, 37), (38, 52), (57, 59), (30, 72), (18, 61), (22, 55), (5, 54), (25, 42), (33, 46), (15, 58), (35, 64), (21, 50), (23, 47), (7, 66), (11, 24), (12, 56), (27, 44), (8, 40)}
Згенероване вершинне покриття (C): [2, 3, 4, 5, 7, 8, 9, 11, 12, 13, 14, 15, 16, 18, 20, 21, 22, 23, 24, 25, 26, 27, 28, 30, 33, 34, 35, 37, 38, 39, 40, 41, 42, 44, 45, 46, 47, 49, 50, 51, 52, 53, 54, 55, 56, 57, 58, 59, 61, 62, 63, 64, 65, 66, 67, 72, 73, 74]

--- Генерація вершинного покриття (зі списку суміжності) ---
Знайдене максимальне парування (M): {(37, 58), (15, 27), (17, 61), (10, 46), (49, 50), (14, 31), (24, 69), (13, 72), (6, 66), (34, 55), (18, 19), (16, 25), (1, 36), (47, 70), (42, 59), (33, 53), (35, 56), (43, 63), (11, 62), (9, 74), (21, 45), (48, 65), (28, 40), (29, 64), (22, 52), (20, 67), (23, 32), (57, 73), (3, 41), (5, 38)}
Згенероване вершинне покриття (C): [1, 3, 5, 6, 9, 10, 11, 13, 14, 15, 16, 17, 18, 19, 20, 21, 22, 23, 24, 25, 27, 28, 29, 31, 32, 33, 34, 35, 36, 37, 38, 40, 41, 42, 43, 45, 46, 47, 48, 49, 50, 52, 53, 55, 56, 57, 58, 59, 61, 62, 63, 64, 65, 66, 67, 69, 70, 72, 73, 74]

--- Генерація вершинного покриття (зі списку суміжності) ---
Знайдене максимальне парування (M): {(44, 48), (35, 63), (57, 72), (36, 43), (49, 74), (32, 33), (6, 23), (42, 56), (18, 25), (13, 41), (58, 67), (29, 37), (8, 11), (16, 52), (68, 71), (31, 61), (54, 60), (62, 73), (22, 64), (4, 7), (47, 66), (0, 46), (3, 69), (26, 34), (10, 59), (9, 15), (20, 39), (14, 38)}
Згенероване вершинне покриття (C): [0, 3, 4, 6, 7, 8, 9, 10, 11, 13, 14, 15, 16, 18, 20, 22, 23, 25, 26, 29, 31, 32, 33, 34, 35, 36, 37, 38, 39, 41, 42, 43, 44, 46, 47, 48, 49, 52, 54, 56, 57, 58, 59, 60, 61, 62, 63, 64, 66, 67, 68, 69, 71, 72, 73, 74]

--- Генерація вершинного покриття (зі списку суміжності) ---
Знайдене максимальне парування (M): {(2, 33), (1, 31), (54, 71), (11, 48), (6, 51), (68, 72), (23, 46), (3, 43), (19, 42), (30, 45), (47, 61), (15, 32), (24, 35), (5, 52), (44, 56), (41, 66), (12, 27), (9, 16), (65, 69), (40, 58), (26, 62), (8, 38), (53, 64), (14, 63), (55, 73), (18, 39), (4, 28), (20, 36), (17, 22), (57, 70)}
Згенероване вершинне покриття (C): [1, 2, 3, 4, 5, 6, 8, 9, 11, 12, 14, 15, 16, 17, 18, 19, 20, 22, 23, 24, 26, 27, 28, 30, 31, 32, 33, 35, 36, 38, 39, 40, 41, 42, 43, 44, 45, 46, 47, 48, 51, 52, 53, 54, 55, 56, 57, 58, 61, 62, 63, 64, 65, 66, 68, 69, 70, 71, 72, 73]

--- Генерація вершинного покриття (зі списку суміжності) ---
Знайдене максимальне парування (M): {(9, 42), (67, 74), (16, 44), (31, 38), (15, 57), (39, 60), (19, 24), (27, 37), (1, 18), (49, 71), (22, 56), (59, 72), (65, 69), (0, 13), (2, 10), (48, 68), (17, 32), (14, 51), (7, 73), (3, 63), (8, 47), (34, 66), (11, 43), (30, 50), (54, 62), (33, 52), (35, 46), (21, 29), (4, 28), (20, 45), (26, 64), (6, 70), (23, 53), (5, 41)}
Згенероване вершинне покриття (C): [0, 1, 2, 3, 4, 5, 6, 7, 8, 9, 10, 11, 13, 14, 15, 16, 17, 18, 19, 20, 21, 22, 23, 24, 26, 27, 28, 29, 30, 31, 32, 33, 34, 35, 37, 38, 39, 41, 42, 43, 44, 45, 46, 47, 48, 49, 50, 51, 52, 53, 54, 56, 57, 59, 60, 62, 63, 64, 65, 66, 67, 68, 69, 70, 71, 72, 73, 74]

--- Генерація вершинного покриття (зі списку суміжності) ---
Знайдене максимальне парування (M): {(23, 68), (20, 72), (11, 48), (27, 41), (35, 54), (9, 69), (14, 43), (1, 24), (10, 39), (0, 32), (53, 74), (26, 44), (18, 49), (5, 30), (57, 71), (40, 61), (3, 42), (22, 52), (38, 70), (2, 31), (58, 60), (37, 65), (29, 45), (33, 67), (19, 28), (15, 73), (7, 63), (36, 50)}
Згенероване вершинне покриття (C): [0, 1, 2, 3, 5, 7, 9, 10, 11, 14, 15, 18, 19, 20, 22, 23, 24, 26, 27, 28, 29, 30, 31, 32, 33, 35, 36, 37, 38, 39, 40, 41, 42, 43, 44, 45, 48, 49, 50, 52, 53, 54, 57, 58, 60, 61, 63, 65, 67, 68, 69, 70, 71, 72, 73, 74]

--- Генерація вершинного покриття (зі списку суміжності) ---
Знайдене максимальне парування (M): {(35, 42), (16, 38), (6, 39), (10, 55), (65, 67), (29, 50), (20, 47), (11, 72), (31, 62), (40, 74), (3, 61), (18, 25), (30, 63), (5, 21), (4, 23), (7, 58), (45, 48), (28, 56), (27, 54), (2, 34), (8, 53), (13, 52), (26, 49), (51, 66), (68, 70), (0, 15), (12, 44), (1, 19)}
Згенероване вершинне покриття (C): [0, 1, 2, 3, 4, 5, 6, 7, 8, 10, 11, 12, 13, 15, 16, 18, 19, 20, 21, 23, 25, 26, 27, 28, 29, 30, 31, 34, 35, 38, 39, 40, 42, 44, 45, 47, 48, 49, 50, 51, 52, 53, 54, 55, 56, 58, 61, 62, 63, 65, 66, 67, 68, 70, 72, 74]

--- Генерація вершинного покриття (зі списку суміжності) ---
Знайдене максимальне парування (M): {(11, 45), (9, 54), (3, 7), (55, 69), (43, 49), (32, 64), (38, 53), (21, 73), (5, 58), (18, 22), (60, 61), (20, 25), (30, 57), (23, 24), (39, 44), (10, 66), (0, 4), (26, 65), (27, 33), (6, 74), (1, 29), (50, 56), (37, 59), (70, 71), (40, 48), (35, 67), (12, 41), (17, 31)}
Згенероване вершинне покриття (C): [0, 1, 3, 4, 5, 6, 7, 9, 10, 11, 12, 17, 18, 20, 21, 22, 23, 24, 25, 26, 27, 29, 30, 31, 32, 33, 35, 37, 38, 39, 40, 41, 43, 44, 45, 48, 49, 50, 53, 54, 55, 56, 57, 58, 59, 60, 61, 64, 65, 66, 67, 69, 70, 71, 73, 74]

--- Генерація вершинного покриття (зі списку суміжності) ---
Знайдене максимальне парування (M): {(7, 72), (34, 68), (11, 39), (54, 74), (55, 69), (20, 23), (60, 65), (25, 41), (61, 64), (15, 57), (53, 62), (27, 49), (9, 50), (43, 51), (18, 31), (3, 12), (19, 66), (38, 46), (0, 4), (2, 10), (14, 42), (47, 48), (35, 40), (30, 59), (21, 29), (13, 52), (44, 70), (5, 32), (1, 22)}
Згенероване вершинне покриття (C): [0, 1, 2, 3, 4, 5, 7, 9, 10, 11, 12, 13, 14, 15, 18, 19, 20, 21, 22, 23, 25, 27, 29, 30, 31, 32, 34, 35, 38, 39, 40, 41, 42, 43, 44, 46, 47, 48, 49, 50, 51, 52, 53, 54, 55, 57, 59, 60, 61, 62, 64, 65, 66, 68, 69, 70, 72, 74]

--- Генерація вершинного покриття (зі списку суміжності) ---
Знайдене максимальне парування (M): {(12, 62), (58, 65), (9, 54), (7, 26), (28, 73), (16, 50), (23, 31), (49, 74), (21, 64), (15, 17), (36, 55), (33, 44), (24, 32), (56, 67), (42, 68), (6, 38), (0, 1), (10, 60), (14, 30), (29, 61), (46, 71), (2, 13), (34, 63), (5, 48), (51, 66), (18, 57), (27, 35), (8, 37), (19, 40)}
Згенероване вершинне покриття (C): [0, 1, 2, 5, 6, 7, 8, 9, 10, 12, 13, 14, 15, 16, 17, 18, 19, 21, 23, 24, 26, 27, 28, 29, 30, 31, 32, 33, 34, 35, 36, 37, 38, 40, 42, 44, 46, 48, 49, 50, 51, 54, 55, 56, 57, 58, 60, 61, 62, 63, 64, 65, 66, 67, 68, 71, 73, 74]

--- Генерація вершинного покриття (зі списку суміжності) ---
Знайдене максимальне парування (M): {(5, 56), (22, 66), (58, 68), (3, 10), (42, 69), (29, 53), (28, 36), (45, 55), (11, 32), (0, 41), (27, 64), (52, 57), (51, 61), (24, 62), (48, 59), (9, 31), (15, 16), (18, 67), (54, 60), (47, 63), (13, 34), (2, 40), (33, 49), (21, 26), (14, 23), (12, 38), (46, 70), (65, 74), (8, 25), (1, 19), (6, 73)}
Згенероване вершинне покриття (C): [0, 1, 2, 3, 5, 6, 8, 9, 10, 11, 12, 13, 14, 15, 16, 18, 19, 21, 22, 23, 24, 25, 26, 27, 28, 29, 31, 32, 33, 34, 36, 38, 40, 41, 42, 45, 46, 47, 48, 49, 51, 52, 53, 54, 55, 56, 57, 58, 59, 60, 61, 62, 63, 64, 65, 66, 67, 68, 69, 70, 73, 74]

--- Генерація вершинного покриття (зі списку суміжності) ---
Знайдене максимальне парування (M): {(15, 21), (16, 20), (3, 4), (37, 58), (6, 30), (33, 54), (35, 63), (52, 73), (24, 60), (13, 66), (34, 40), (22, 68), (0, 47), (39, 41), (49, 61), (29, 55), (1, 14), (2, 74), (59, 62), (12, 23), (5, 11), (9, 64), (32, 56), (27, 69), (38, 51), (31, 45), (57, 70), (17, 25), (71, 72)}
Згенероване вершинне покриття (C): [0, 1, 2, 3, 4, 5, 6, 9, 11, 12, 13, 14, 15, 16, 17, 20, 21, 22, 23, 24, 25, 27, 29, 30, 31, 32, 33, 34, 35, 37, 38, 39, 40, 41, 45, 47, 49, 51, 52, 54, 55, 56, 57, 58, 59, 60, 61, 62, 63, 64, 66, 68, 69, 70, 71, 72, 73, 74]

--- Генерація вершинного покриття (зі списку суміжності) ---
Знайдене максимальне парування (M): {(55, 57), (56, 68), (4, 9), (36, 71), (61, 70), (14, 25), (35, 63), (15, 66), (5, 31), (24, 26), (42, 44), (67, 73), (20, 37), (28, 72), (7, 43), (18, 52), (8, 23), (16, 58), (10, 17), (39, 65), (12, 48), (2, 22), (54, 60), (19, 47), (45, 69), (41, 50), (0, 3), (40, 51), (34, 38), (1, 13)}
Згенероване вершинне покриття (C): [0, 1, 2, 3, 4, 5, 7, 8, 9, 10, 12, 13, 14, 15, 16, 17, 18, 19, 20, 22, 23, 24, 25, 26, 28, 31, 34, 35, 36, 37, 38, 39, 40, 41, 42, 43, 44, 45, 47, 48, 50, 51, 52, 54, 55, 56, 57, 58, 60, 61, 63, 65, 66, 67, 68, 69, 70, 71, 72, 73]

--- Генерація вершинного покриття (зі списку суміжності) ---
Знайдене максимальне парування (M): {(0, 48), (33, 54), (7, 32), (6, 36), (52, 64), (30, 67), (12, 31), (1, 55), (15, 60), (13, 72), (49, 71), (10, 39), (24, 35), (42, 50), (18, 22), (23, 70), (11, 53), (61, 69), (41, 66), (51, 73), (20, 43), (5, 27), (2, 74), (45, 57), (19, 38), (28, 59), (21, 29), (34, 47)}
Згенероване вершинне покриття (C): [0, 1, 2, 5, 6, 7, 10, 11, 12, 13, 15, 18, 19, 20, 21, 22, 23, 24, 27, 28, 29, 30, 31, 32, 33, 34, 35, 36, 38, 39, 41, 42, 43, 45, 47, 48, 49, 50, 51, 52, 53, 54, 55, 57, 59, 60, 61, 64, 66, 67, 69, 70, 71, 72, 73, 74]

--- Генерація вершинного покриття (зі списку суміжності) ---
Знайдене максимальне парування (M): {(9, 57), (16, 47), (23, 31), (32, 70), (19, 30), (5, 40), (10, 42), (25, 43), (28, 66), (44, 59), (3, 21), (2, 53), (14, 27), (4, 35), (11, 13), (1, 69), (48, 62), (39, 71), (41, 56), (0, 46), (15, 34), (37, 74), (61, 65), (12, 26), (38, 51), (49, 60), (20, 54), (6, 64), (36, 50)}
Згенероване вершинне покриття (C): [0, 1, 2, 3, 4, 5, 6, 9, 10, 11, 12, 13, 14, 15, 16, 19, 20, 21, 23, 25, 26, 27, 28, 30, 31, 32, 34, 35, 36, 37, 38, 39, 40, 41, 42, 43, 44, 46, 47, 48, 49, 50, 51, 53, 54, 56, 57, 59, 60, 61, 62, 64, 65, 66, 69, 70, 71, 74]

--- Генерація вершинного покриття (зі списку суміжності) ---
Знайдене максимальне парування (M): {(0, 30), (55, 66), (42, 54), (4, 67), (5, 65), (15, 48), (38, 56), (23, 37), (2, 8), (12, 52), (18, 74), (9, 53), (60, 70), (14, 21), (10, 63), (20, 34), (29, 43), (32, 72), (11, 19), (40, 64), (16, 24), (59, 68), (17, 62), (36, 69), (6, 31), (57, 61), (22, 39), (13, 58), (49, 51), (33, 73), (3, 44)}
Згенероване вершинне покриття (C): [0, 2, 3, 4, 5, 6, 8, 9, 10, 11, 12, 13, 14, 15, 16, 17, 18, 19, 20, 21, 22, 23, 24, 29, 30, 31, 32, 33, 34, 36, 37, 38, 39, 40, 42, 43, 44, 48, 49, 51, 52, 53, 54, 55, 56, 57, 58, 59, 60, 61, 62, 63, 64, 65, 66, 67, 68, 69, 70, 72, 73, 74]

--- Генерація вершинного покриття (зі списку суміжності) ---
Знайдене максимальне парування (M): {(55, 63), (14, 59), (8, 46), (50, 61), (10, 58), (2, 48), (28, 73), (31, 47), (9, 26), (37, 42), (3, 43), (30, 36), (1, 27), (24, 35), (15, 32), (64, 74), (20, 22), (49, 52), (13, 65), (12, 51), (62, 67), (5, 45), (41, 44), (69, 72), (38, 57), (23, 56), (40, 60), (29, 66), (0, 33)}
Згенероване вершинне покриття (C): [0, 1, 2, 3, 5, 8, 9, 10, 12, 13, 14, 15, 20, 22, 23, 24, 26, 27, 28, 29, 30, 31, 32, 33, 35, 36, 37, 38, 40, 41, 42, 43, 44, 45, 46, 47, 48, 49, 50, 51, 52, 55, 56, 57, 58, 59, 60, 61, 62, 63, 64, 65, 66, 67, 69, 72, 73, 74]

--- Генерація вершинного покриття (зі списку суміжності) ---
Знайдене максимальне парування (M): {(11, 39), (8, 46), (3, 68), (18, 26), (5, 53), (25, 38), (44, 48), (10, 52), (58, 71), (50, 55), (47, 74), (27, 28), (66, 72), (20, 56), (63, 73), (12, 64), (32, 45), (23, 24), (7, 49), (0, 16), (14, 36), (21, 51), (22, 67), (35, 40), (13, 43), (29, 33), (17, 19), (4, 31), (34, 41), (54, 59), (30, 37)}
Згенероване вершинне покриття (C): [0, 3, 4, 5, 7, 8, 10, 11, 12, 13, 14, 16, 17, 18, 19, 20, 21, 22, 23, 24, 25, 26, 27, 28, 29, 30, 31, 32, 33, 34, 35, 36, 37, 38, 39, 40, 41, 43, 44, 45, 46, 47, 48, 49, 50, 51, 52, 53, 54, 55, 56, 58, 59, 63, 64, 66, 67, 68, 71, 72, 73, 74]

--- Генерація вершинного покриття (зі списку суміжності) ---
Знайдене максимальне парування (M): {(15, 21), (29, 72), (19, 55), (5, 13), (0, 24), (64, 68), (62, 74), (2, 35), (18, 25), (59, 69), (3, 6), (51, 61), (42, 65), (43, 66), (11, 71), (54, 57), (17, 50), (30, 47), (44, 52), (7, 33), (32, 56), (26, 34), (48, 49), (10, 16), (12, 41), (8, 22), (46, 73), (28, 31), (9, 27), (37, 40), (20, 63), (39, 70), (23, 53)}
Згенероване вершинне покриття (C): [0, 2, 3, 5, 6, 7, 8, 9, 10, 11, 12, 13, 15, 16, 17, 18, 19, 20, 21, 22, 23, 24, 25, 26, 27, 28, 29, 30, 31, 32, 33, 34, 35, 37, 39, 40, 41, 42, 43, 44, 46, 47, 48, 49, 50, 51, 52, 53, 54, 55, 56, 57, 59, 61, 62, 63, 64, 65, 66, 68, 69, 70, 71, 72, 73, 74]

--- Генерація вершинного покриття (зі списку суміжності) ---
Знайдене максимальне парування (M): {(9, 39), (13, 27), (56, 68), (30, 49), (7, 17), (2, 42), (28, 64), (25, 47), (10, 55), (61, 73), (41, 45), (26, 29), (20, 34), (48, 50), (31, 43), (38, 58), (1, 14), (15, 74), (22, 67), (5, 63), (23, 72), (8, 59), (19, 62), (6, 46), (44, 70), (0, 12), (53, 54), (16, 69), (11, 24)}
Згенероване вершинне покриття (C): [0, 1, 2, 5, 6, 7, 8, 9, 10, 11, 12, 13, 14, 15, 16, 17, 19, 20, 22, 23, 24, 25, 26, 27, 28, 29, 30, 31, 34, 38, 39, 41, 42, 43, 44, 45, 46, 47, 48, 49, 50, 53, 54, 55, 56, 58, 59, 61, 62, 63, 64, 67, 68, 69, 70, 72, 73, 74]

--- Генерація вершинного покриття (зі списку суміжності) ---
Знайдене максимальне парування (M): {(26, 27), (13, 42), (67, 71), (70, 73), (33, 51), (16, 44), (12, 40), (48, 66), (2, 72), (21, 61), (53, 65), (28, 39), (8, 36), (47, 58), (20, 25), (4, 69), (15, 41), (1, 63), (7, 46), (17, 32), (56, 57), (18, 24), (59, 68), (35, 55), (43, 62), (0, 6), (14, 29), (19, 22), (31, 60)}
Згенероване вершинне покриття (C): [0, 1, 2, 4, 6, 7, 8, 12, 13, 14, 15, 16, 17, 18, 19, 20, 21, 22, 24, 25, 26, 27, 28, 29, 31, 32, 33, 35, 36, 39, 40, 41, 42, 43, 44, 46, 47, 48, 51, 53, 55, 56, 57, 58, 59, 60, 61, 62, 63, 65, 66, 67, 68, 69, 70, 71, 72, 73]

--- Генерація вершинного покриття (зі списку суміжності) ---
Знайдене максимальне парування (M): {(25, 35), (3, 71), (44, 54), (5, 7), (13, 48), (33, 57), (51, 62), (23, 28), (9, 11), (27, 31), (1, 18), (10, 39), (73, 74), (34, 67), (42, 56), (47, 64), (37, 72), (24, 50), (46, 59), (2, 19), (20, 61), (21, 66), (16, 30), (0, 52), (41, 53), (8, 68), (14, 29), (49, 60), (36, 38), (17, 40)}
Згенероване вершинне покриття (C): [0, 1, 2, 3, 5, 7, 8, 9, 10, 11, 13, 14, 16, 17, 18, 19, 20, 21, 23, 24, 25, 27, 28, 29, 30, 31, 33, 34, 35, 36, 37, 38, 39, 40, 41, 42, 44, 46, 47, 48, 49, 50, 51, 52, 53, 54, 56, 57, 59, 60, 61, 62, 64, 66, 67, 68, 71, 72, 73, 74]

--- Генерація вершинного покриття (зі списку суміжності) ---
Знайдене максимальне парування (M): {(23, 68), (14, 59), (55, 72), (56, 71), (26, 39), (50, 58), (13, 54), (43, 61), (21, 34), (40, 41), (17, 30), (25, 74), (38, 65), (31, 53), (18, 69), (28, 51), (3, 64), (32, 45), (19, 66), (16, 52), (7, 70), (47, 57), (36, 60), (2, 49), (1, 62), (5, 44), (0, 27)}
Згенероване вершинне покриття (C): [0, 1, 2, 3, 5, 7, 13, 14, 16, 17, 18, 19, 21, 23, 25, 26, 27, 28, 30, 31, 32, 34, 36, 38, 39, 40, 41, 43, 44, 45, 47, 49, 50, 51, 52, 53, 54, 55, 56, 57, 58, 59, 60, 61, 62, 64, 65, 66, 68, 69, 70, 71, 72, 74]

--- Генерація вершинного покриття (зі списку суміжності) ---
Знайдене максимальне парування (M): {(14, 53), (12, 74), (52, 67), (20, 47), (27, 31), (17, 39), (30, 42), (0, 41), (10, 45), (69, 70), (28, 60), (37, 72), (24, 65), (21, 51), (6, 62), (55, 58), (19, 32), (7, 15), (16, 36), (8, 59), (26, 34), (43, 56), (2, 46), (57, 61), (49, 63), (40, 54), (3, 38), (5, 35), (48, 73), (1, 22)}
Згенероване вершинне покриття (C): [0, 1, 2, 3, 5, 6, 7, 8, 10, 12, 14, 15, 16, 17, 19, 20, 21, 22, 24, 26, 27, 28, 30, 31, 32, 34, 35, 36, 37, 38, 39, 40, 41, 42, 43, 45, 46, 47, 48, 49, 51, 52, 53, 54, 55, 56, 57, 58, 59, 60, 61, 62, 63, 65, 67, 69, 70, 72, 73, 74]

--- Генерація вершинного покриття (зі списку суміжності) ---
Знайдене максимальне парування (M): {(53, 72), (32, 34), (58, 59), (12, 19), (38, 50), (21, 43), (39, 48), (11, 20), (49, 74), (2, 29), (17, 54), (1, 42), (3, 18), (41, 63), (13, 62), (25, 67), (22, 46), (24, 71), (5, 27), (7, 70), (56, 60), (45, 66), (15, 28), (14, 57), (0, 61), (26, 52), (16, 51), (36, 44)}
Згенероване вершинне покриття (C): [0, 1, 2, 3, 5, 7, 11, 12, 13, 14, 15, 16, 17, 18, 19, 20, 21, 22, 24, 25, 26, 27, 28, 29, 32, 34, 36, 38, 39, 41, 42, 43, 44, 45, 46, 48, 49, 50, 51, 52, 53, 54, 56, 57, 58, 59, 60, 61, 62, 63, 66, 67, 70, 71, 72, 74]

--- Генерація вершинного покриття (зі списку суміжності) ---
Знайдене максимальне парування (M): {(17, 61), (1, 46), (20, 26), (42, 66), (3, 50), (10, 18), (38, 65), (34, 52), (31, 62), (23, 58), (28, 51), (32, 45), (21, 27), (12, 30), (2, 59), (0, 4), (11, 16), (68, 71), (53, 55), (6, 7), (36, 54), (63, 72), (39, 74), (19, 56), (25, 60), (14, 29), (35, 67), (48, 70), (37, 43), (40, 69)}
Згенероване вершинне покриття (C): [0, 1, 2, 3, 4, 6, 7, 10, 11, 12, 14, 16, 17, 18, 19, 20, 21, 23, 25, 26, 27, 28, 29, 30, 31, 32, 34, 35, 36, 37, 38, 39, 40, 42, 43, 45, 46, 48, 50, 51, 52, 53, 54, 55, 56, 58, 59, 60, 61, 62, 63, 65, 66, 67, 68, 69, 70, 71, 72, 74]

--- Генерація вершинного покриття (зі списку суміжності) ---
Знайдене максимальне парування (M): {(6, 21), (41, 58), (9, 57), (5, 10), (68, 72), (18, 53), (30, 33), (3, 46), (36, 52), (62, 71), (24, 35), (23, 67), (27, 55), (38, 40), (43, 63), (51, 64), (22, 31), (14, 39), (11, 28), (54, 66), (17, 56), (2, 34), (15, 37), (4, 16), (59, 74), (12, 26), (29, 42), (32, 65), (8, 13), (48, 61), (1, 19)}
Згенероване вершинне покриття (C): [1, 2, 3, 4, 5, 6, 8, 9, 10, 11, 12, 13, 14, 15, 16, 17, 18, 19, 21, 22, 23, 24, 26, 27, 28, 29, 30, 31, 32, 33, 34, 35, 36, 37, 38, 39, 40, 41, 42, 43, 46, 48, 51, 52, 53, 54, 55, 56, 57, 58, 59, 61, 62, 63, 64, 65, 66, 67, 68, 71, 72, 74]

--- Генерація вершинного покриття (зі списку суміжності) ---
Знайдене максимальне парування (M): {(25, 32), (9, 54), (10, 46), (69, 71), (15, 42), (33, 51), (19, 64), (6, 57), (1, 24), (12, 58), (27, 55), (14, 70), (18, 34), (28, 72), (0, 68), (39, 47), (35, 62), (37, 50), (56, 66), (36, 63), (20, 73), (4, 7), (3, 11), (43, 53), (8, 59), (13, 52), (26, 49), (44, 67), (16, 60)}
Згенероване вершинне покриття (C): [0, 1, 3, 4, 6, 7, 8, 9, 10, 11, 12, 13, 14, 15, 16, 18, 19, 20, 24, 25, 26, 27, 28, 32, 33, 34, 35, 36, 37, 39, 42, 43, 44, 46, 47, 49, 50, 51, 52, 53, 54, 55, 56, 57, 58, 59, 60, 62, 63, 64, 66, 67, 68, 69, 70, 71, 72, 73]

--- Генерація вершинного покриття (зі списку суміжності) ---
Знайдене максимальне парування (M): {(3, 7), (4, 67), (41, 55), (25, 44), (6, 36), (23, 31), (18, 50), (68, 69), (37, 39), (21, 64), (14, 52), (47, 58), (26, 32), (9, 56), (30, 60), (28, 72), (13, 59), (35, 65), (2, 74), (16, 73), (8, 38), (27, 66), (0, 61), (17, 49), (40, 42), (43, 62), (10, 71), (29, 54), (57, 70), (1, 22)}
Згенероване вершинне покриття (C): [0, 1, 2, 3, 4, 6, 7, 8, 9, 10, 13, 14, 16, 17, 18, 21, 22, 23, 25, 26, 27, 28, 29, 30, 31, 32, 35, 36, 37, 38, 39, 40, 41, 42, 43, 44, 47, 49, 50, 52, 54, 55, 56, 57, 58, 59, 60, 61, 62, 64, 65, 66, 67, 68, 69, 70, 71, 72, 73, 74]

--- Генерація вершинного покриття (зі списку суміжності) ---
Знайдене максимальне парування (M): {(8, 55), (14, 74), (24, 63), (39, 45), (5, 22), (9, 26), (0, 20), (16, 19), (36, 52), (37, 66), (11, 50), (3, 12), (46, 47), (51, 67), (18, 34), (6, 44), (57, 65), (35, 62), (27, 30), (29, 61), (53, 58), (23, 54), (28, 41), (31, 64), (4, 56), (21, 72), (2, 43), (15, 49), (32, 71), (68, 70)}
Згенероване вершинне покриття (C): [0, 2, 3, 4, 5, 6, 8, 9, 11, 12, 14, 15, 16, 18, 19, 20, 21, 22, 23, 24, 26, 27, 28, 29, 30, 31, 32, 34, 35, 36, 37, 39, 41, 43, 44, 45, 46, 47, 49, 50, 51, 52, 53, 54, 55, 56, 57, 58, 61, 62, 63, 64, 65, 66, 67, 68, 70, 71, 72, 74]

--- Генерація вершинного покриття (зі списку суміжності) ---
Знайдене максимальне парування (M): {(34, 68), (28, 61), (20, 26), (13, 57), (44, 66), (43, 70), (49, 50), (11, 14), (12, 52), (18, 74), (19, 39), (36, 67), (38, 40), (31, 37), (3, 30), (46, 59), (21, 45), (29, 58), (0, 22), (23, 51), (62, 73), (27, 54), (6, 25), (7, 24), (32, 47), (4, 71), (5, 17), (9, 15)}
Згенероване вершинне покриття (C): [0, 3, 4, 5, 6, 7, 9, 11, 12, 13, 14, 15, 17, 18, 19, 20, 21, 22, 23, 24, 25, 26, 27, 28, 29, 30, 31, 32, 34, 36, 37, 38, 39, 40, 43, 44, 45, 46, 47, 49, 50, 51, 52, 54, 57, 58, 59, 61, 62, 66, 67, 68, 70, 71, 73, 74]

--- Генерація вершинного покриття (зі списку суміжності) ---
Знайдене максимальне парування (M): {(22, 63), (47, 59), (32, 34), (54, 74), (58, 68), (17, 73), (52, 70), (9, 14), (38, 50), (15, 57), (12, 40), (28, 33), (45, 46), (1, 27), (5, 6), (4, 11), (25, 55), (35, 53), (3, 30), (8, 72), (20, 49), (39, 65), (7, 21), (0, 37), (18, 24), (67, 69), (2, 43), (10, 71), (31, 66)}
Згенероване вершинне покриття (C): [0, 1, 2, 3, 4, 5, 6, 7, 8, 9, 10, 11, 12, 14, 15, 17, 18, 20, 21, 22, 24, 25, 27, 28, 30, 31, 32, 33, 34, 35, 37, 38, 39, 40, 43, 45, 46, 47, 49, 50, 52, 53, 54, 55, 57, 58, 59, 63, 65, 66, 67, 68, 69, 70, 71, 72, 73, 74]

--- Генерація вершинного покриття (зі списку суміжності) ---
Знайдене максимальне парування (M): {(1, 46), (60, 65), (11, 48), (10, 52), (27, 71), (2, 57), (21, 49), (29, 50), (9, 20), (12, 43), (0, 23), (19, 24), (4, 39), (28, 45), (22, 62), (17, 54), (14, 73), (36, 67), (16, 37), (33, 53), (5, 18), (31, 34), (38, 55), (15, 68), (13, 74), (30, 35), (47, 66), (8, 59), (32, 56), (7, 42), (40, 63), (3, 41)}
Згенероване вершинне покриття (C): [0, 1, 2, 3, 4, 5, 7, 8, 9, 10, 11, 12, 13, 14, 15, 16, 17, 18, 19, 20, 21, 22, 23, 24, 27, 28, 29, 30, 31, 32, 33, 34, 35, 36, 37, 38, 39, 40, 41, 42, 43, 45, 46, 47, 48, 49, 50, 52, 53, 54, 55, 56, 57, 59, 60, 62, 63, 65, 66, 67, 68, 71, 73, 74]

--- Генерація вершинного покриття (зі списку суміжності) ---
Знайдене максимальне парування (M): {(58, 65), (44, 45), (47, 68), (2, 39), (41, 55), (4, 48), (63, 73), (29, 74), (5, 70), (43, 54), (30, 60), (50, 69), (18, 40), (12, 27), (24, 59), (3, 36), (22, 49), (1, 17), (25, 33), (26, 28), (19, 56), (0, 46), (42, 67), (14, 20), (8, 71), (38, 51), (35, 64), (11, 15), (21, 62)}
Згенероване вершинне покриття (C): [0, 1, 2, 3, 4, 5, 8, 11, 12, 14, 15, 17, 18, 19, 20, 21, 22, 24, 25, 26, 27, 28, 29, 30, 33, 35, 36, 38, 39, 40, 41, 42, 43, 44, 45, 46, 47, 48, 49, 50, 51, 54, 55, 56, 58, 59, 60, 62, 63, 64, 65, 67, 68, 69, 70, 71, 73, 74]

--- Генерація вершинного покриття (зі списку суміжності) ---
Знайдене максимальне парування (M): {(13, 30), (22, 66), (7, 29), (3, 19), (39, 60), (23, 46), (31, 53), (17, 42), (5, 61), (10, 45), (18, 25), (59, 69), (36, 67), (58, 73), (8, 51), (43, 72), (35, 62), (44, 71), (6, 56), (21, 57), (38, 70), (33, 40), (41, 47), (55, 64), (32, 50), (4, 68), (26, 49), (20, 48), (0, 24)}
Згенероване вершинне покриття (C): [0, 3, 4, 5, 6, 7, 8, 10, 13, 17, 18, 19, 20, 21, 22, 23, 24, 25, 26, 29, 30, 31, 32, 33, 35, 36, 38, 39, 40, 41, 42, 43, 44, 45, 46, 47, 48, 49, 50, 51, 53, 55, 56, 57, 58, 59, 60, 61, 62, 64, 66, 67, 68, 69, 70, 71, 72, 73]

--- Генерація вершинного покриття (зі списку суміжності) ---
Знайдене максимальне парування (M): {(51, 53), (45, 71), (27, 59), (4, 67), (42, 54), (10, 52), (26, 36), (5, 16), (18, 47), (0, 69), (19, 30), (13, 72), (40, 62), (12, 64), (31, 74), (61, 63), (21, 33), (23, 24), (32, 57), (39, 44), (9, 25), (34, 48), (38, 73), (2, 22), (28, 56), (11, 43), (8, 50), (15, 37), (58, 66), (14, 17), (41, 68)}
Згенероване вершинне покриття (C): [0, 2, 4, 5, 8, 9, 10, 11, 12, 13, 14, 15, 16, 17, 18, 19, 21, 22, 23, 24, 25, 26, 27, 28, 30, 31, 32, 33, 34, 36, 37, 38, 39, 40, 41, 42, 43, 44, 45, 47, 48, 50, 51, 52, 53, 54, 56, 57, 58, 59, 61, 62, 63, 64, 66, 67, 68, 69, 71, 72, 73, 74]

--- Генерація вершинного покриття (зі списку суміжності) ---
Знайдене максимальне парування (M): {(3, 53), (30, 43), (19, 46), (28, 61), (6, 33), (36, 74), (50, 73), (11, 63), (21, 37), (0, 72), (20, 56), (7, 68), (17, 45), (27, 52), (12, 18), (15, 47), (9, 31), (39, 62), (22, 64), (5, 54), (55, 70), (4, 10), (2, 49), (51, 66), (8, 65), (24, 58), (14, 35), (23, 41), (38, 60), (13, 67)}
Згенероване вершинне покриття (C): [0, 2, 3, 4, 5, 6, 7, 8, 9, 10, 11, 12, 13, 14, 15, 17, 18, 19, 20, 21, 22, 23, 24, 27, 28, 30, 31, 33, 35, 36, 37, 38, 39, 41, 43, 45, 46, 47, 49, 50, 51, 52, 53, 54, 55, 56, 58, 60, 61, 62, 63, 64, 65, 66, 67, 68, 70, 72, 73, 74]

--- Генерація вершинного покриття (зі списку суміжності) ---
Знайдене максимальне парування (M): {(16, 20), (33, 36), (22, 66), (30, 46), (9, 51), (44, 57), (23, 34), (26, 63), (15, 60), (53, 56), (29, 68), (19, 39), (2, 35), (50, 69), (5, 18), (40, 58), (13, 71), (45, 48), (28, 47), (1, 32), (25, 27), (24, 31), (4, 65), (3, 8), (0, 49), (52, 62), (42, 67), (21, 41), (37, 43), (7, 14)}
Згенероване вершинне покриття (C): [0, 1, 2, 3, 4, 5, 7, 8, 9, 13, 14, 15, 16, 18, 19, 20, 21, 22, 23, 24, 25, 26, 27, 28, 29, 30, 31, 32, 33, 34, 35, 36, 37, 39, 40, 41, 42, 43, 44, 45, 46, 47, 48, 49, 50, 51, 52, 53, 56, 57, 58, 60, 62, 63, 65, 66, 67, 68, 69, 71]

--- Генерація вершинного покриття (зі списку суміжності) ---
Знайдене максимальне парування (M): {(1, 31), (67, 68), (18, 20), (19, 52), (30, 73), (26, 54), (13, 60), (21, 49), (12, 34), (11, 72), (4, 36), (46, 69), (28, 42), (5, 6), (8, 51), (32, 66), (44, 71), (35, 74), (29, 64), (53, 55), (22, 61), (25, 33), (27, 48), (17, 59), (10, 56), (9, 58), (3, 14), (38, 45), (39, 40), (2, 70), (7, 63), (47, 50)}
Згенероване вершинне покриття (C): [1, 2, 3, 4, 5, 6, 7, 8, 9, 10, 11, 12, 13, 14, 17, 18, 19, 20, 21, 22, 25, 26, 27, 28, 29, 30, 31, 32, 33, 34, 35, 36, 38, 39, 40, 42, 44, 45, 46, 47, 48, 49, 50, 51, 52, 53, 54, 55, 56, 58, 59, 60, 61, 63, 64, 66, 67, 68, 69, 70, 71, 72, 73, 74]

--- Генерація вершинного покриття (зі списку суміжності) ---
Знайдене максимальне парування (M): {(28, 52), (3, 68), (30, 61), (33, 57), (65, 70), (13, 69), (26, 66), (37, 42), (34, 55), (22, 59), (35, 47), (20, 31), (51, 64), (43, 60), (1, 63), (39, 53), (0, 4), (12, 36), (7, 9), (8, 44), (18, 24), (11, 49), (32, 41), (23, 72), (16, 45), (38, 54), (29, 48)}
Згенероване вершинне покриття (C): [0, 1, 3, 4, 7, 8, 9, 11, 12, 13, 16, 18, 20, 22, 23, 24, 26, 28, 29, 30, 31, 32, 33, 34, 35, 36, 37, 38, 39, 41, 42, 43, 44, 45, 47, 48, 49, 51, 52, 53, 54, 55, 57, 59, 60, 61, 63, 64, 65, 66, 68, 69, 70, 72]

--- Генерація вершинного покриття (зі списку суміжності) ---
Знайдене максимальне парування (M): {(19, 43), (34, 68), (41, 52), (21, 28), (4, 18), (20, 44), (1, 6), (54, 64), (63, 70), (7, 22), (8, 48), (53, 74), (50, 66), (24, 62), (29, 55), (10, 17), (13, 16), (37, 47), (15, 71), (9, 40), (12, 57), (11, 31), (23, 69), (3, 5), (27, 60), (42, 58), (2, 46), (38, 45), (35, 61), (56, 59)}
Згенероване вершинне покриття (C): [1, 2, 3, 4, 5, 6, 7, 8, 9, 10, 11, 12, 13, 15, 16, 17, 18, 19, 20, 21, 22, 23, 24, 27, 28, 29, 31, 34, 35, 37, 38, 40, 41, 42, 43, 44, 45, 46, 47, 48, 50, 52, 53, 54, 55, 56, 57, 58, 59, 60, 61, 62, 63, 64, 66, 68, 69, 70, 71, 74]

--- Генерація вершинного покриття (зі списку суміжності) ---
Знайдене максимальне парування (M): {(59, 61), (15, 30), (58, 68), (27, 74), (3, 28), (48, 54), (34, 37), (10, 67), (46, 72), (13, 26), (56, 73), (42, 53), (60, 70), (25, 55), (57, 62), (8, 17), (19, 35), (4, 44), (11, 31), (12, 66), (9, 52), (36, 69), (7, 33), (38, 45), (22, 24), (29, 39), (21, 41), (18, 51), (23, 47)}
Згенероване вершинне покриття (C): [3, 4, 7, 8, 9, 10, 11, 12, 13, 15, 17, 18, 19, 21, 22, 23, 24, 25, 26, 27, 28, 29, 30, 31, 33, 34, 35, 36, 37, 38, 39, 41, 42, 44, 45, 46, 47, 48, 51, 52, 53, 54, 55, 56, 57, 58, 59, 60, 61, 62, 66, 67, 68, 69, 70, 72, 73, 74]

--- Генерація вершинного покриття (зі списку суміжності) ---
Знайдене максимальне парування (M): {(26, 42), (6, 33), (35, 66), (57, 72), (16, 56), (9, 20), (37, 45), (38, 74), (21, 67), (22, 62), (1, 36), (51, 61), (46, 50), (60, 73), (44, 65), (18, 52), (23, 39), (28, 32), (40, 64), (29, 58), (24, 31), (0, 43), (4, 7), (3, 5), (19, 53), (25, 48), (17, 71), (27, 69), (10, 59), (15, 49), (8, 68)}
Згенероване вершинне покриття (C): [0, 1, 3, 4, 5, 6, 7, 8, 9, 10, 15, 16, 17, 18, 19, 20, 21, 22, 23, 24, 25, 26, 27, 28, 29, 31, 32, 33, 35, 36, 37, 38, 39, 40, 42, 43, 44, 45, 46, 48, 49, 50, 51, 52, 53, 56, 57, 58, 59, 60, 61, 62, 64, 65, 66, 67, 68, 69, 71, 72, 73, 74]

--- Генерація вершинного покриття (зі списку суміжності) ---
Знайдене максимальне парування (M): {(44, 51), (19, 61), (8, 67), (40, 41), (32, 70), (38, 53), (66, 69), (15, 63), (9, 23), (7, 68), (55, 65), (27, 58), (16, 31), (1, 36), (0, 50), (4, 14), (30, 57), (3, 21), (10, 60), (48, 59), (22, 46), (49, 64), (5, 39), (24, 74), (28, 47), (2, 43), (12, 17), (45, 72), (29, 54), (35, 73)}
Згенероване вершинне покриття (C): [0, 1, 2, 3, 4, 5, 7, 8, 9, 10, 12, 14, 15, 16, 17, 19, 21, 22, 23, 24, 27, 28, 29, 30, 31, 32, 35, 36, 38, 39, 40, 41, 43, 44, 45, 46, 47, 48, 49, 50, 51, 53, 54, 55, 57, 58, 59, 60, 61, 63, 64, 65, 66, 67, 68, 69, 70, 72, 73, 74]

--- Генерація вершинного покриття (зі списку суміжності) ---
Знайдене максимальне парування (M): {(0, 36), (12, 65), (8, 46), (35, 48), (49, 53), (18, 56), (1, 3), (10, 27), (15, 32), (16, 25), (52, 63), (14, 30), (17, 29), (34, 45), (7, 9), (62, 67), (19, 47), (24, 37), (58, 69), (43, 50), (5, 72), (2, 61), (42, 73), (41, 74), (23, 38), (40, 57), (20, 54), (6, 55), (13, 70)}
Згенероване вершинне покриття (C): [0, 1, 2, 3, 5, 6, 7, 8, 9, 10, 12, 13, 14, 15, 16, 17, 18, 19, 20, 23, 24, 25, 27, 29, 30, 32, 34, 35, 36, 37, 38, 40, 41, 42, 43, 45, 46, 47, 48, 49, 50, 52, 53, 54, 55, 56, 57, 58, 61, 62, 63, 65, 67, 69, 70, 72, 73, 74]

--- Генерація вершинного покриття (зі списку суміжності) ---
Знайдене максимальне парування (M): {(6, 12), (27, 62), (61, 64), (58, 74), (8, 21), (11, 38), (13, 29), (1, 39), (30, 48), (41, 54), (37, 63), (2, 56), (42, 71), (18, 43), (9, 28), (40, 55), (0, 22), (47, 51), (36, 66), (45, 72), (17, 68), (4, 25), (33, 67), (10, 16), (14, 44), (5, 35), (26, 73), (53, 57), (3, 50)}
Згенероване вершинне покриття (C): [0, 1, 2, 3, 4, 5, 6, 8, 9, 10, 11, 12, 13, 14, 16, 17, 18, 21, 22, 25, 26, 27, 28, 29, 30, 33, 35, 36, 37, 38, 39, 40, 41, 42, 43, 44, 45, 47, 48, 50, 51, 53, 54, 55, 56, 57, 58, 61, 62, 63, 64, 66, 67, 68, 71, 72, 73, 74]

--- Генерація вершинного покриття (зі списку суміжності) ---
Знайдене максимальне парування (M): {(55, 72), (9, 60), (30, 70), (10, 64), (7, 47), (5, 25), (0, 11), (2, 17), (54, 73), (37, 66), (51, 58), (21, 33), (8, 69), (15, 50), (48, 56), (12, 36), (20, 49), (26, 65), (14, 42), (22, 43), (27, 45), (32, 35), (24, 40), (1, 38), (16, 39), (6, 34), (61, 74), (23, 29), (41, 71), (4, 31), (57, 67), (13, 18), (63, 68)}
Згенероване вершинне покриття (C): [0, 1, 2, 4, 5, 6, 7, 8, 9, 10, 11, 12, 13, 14, 15, 16, 17, 18, 20, 21, 22, 23, 24, 25, 26, 27, 29, 30, 31, 32, 33, 34, 35, 36, 37, 38, 39, 40, 41, 42, 43, 45, 47, 48, 49, 50, 51, 54, 55, 56, 57, 58, 60, 61, 63, 64, 65, 66, 67, 68, 69, 70, 71, 72, 73, 74]

--- Генерація вершинного покриття (зі списку суміжності) ---
Знайдене максимальне парування (M): {(10, 37), (36, 68), (21, 25), (0, 57), (60, 71), (7, 41), (30, 73), (49, 56), (5, 22), (48, 72), (39, 63), (34, 46), (19, 45), (2, 38), (14, 67), (42, 62), (3, 15), (18, 43), (32, 66), (24, 65), (6, 74), (28, 50), (8, 47), (12, 17), (11, 61), (35, 58), (9, 70), (20, 54), (40, 69)}
Згенероване вершинне покриття (C): [0, 2, 3, 5, 6, 7, 8, 9, 10, 11, 12, 14, 15, 17, 18, 19, 20, 21, 22, 24, 25, 28, 30, 32, 34, 35, 36, 37, 38, 39, 40, 41, 42, 43, 45, 46, 47, 48, 49, 50, 54, 56, 57, 58, 60, 61, 62, 63, 65, 66, 67, 68, 69, 70, 71, 72, 73, 74]

Середній час виконання: 0.0000359297 секунд
