
--- Генерація вершинного покриття (зі списку суміжності) ---
Знайдене максимальне парування (M): {(46, 143), (26, 146), (113, 145), (30, 49), (40, 136), (15, 94), (31, 78), (96, 107), (51, 56), (119, 139), (17, 125), (27, 68), (42, 54), (41, 116), (66, 118), (14, 19), (102, 135), (38, 105), (134, 140), (32, 61), (3, 141), (81, 115), (108, 133), (20, 47), (0, 11), (7, 120), (80, 95), (103, 121), (9, 90), (63, 128), (23, 55), (65, 91), (57, 87), (53, 126), (6, 67), (39, 148), (72, 131), (12, 70), (18, 25), (34, 82), (4, 110), (58, 76), (22, 28), (64, 127), (5, 79), (33, 71), (45, 106), (10, 84), (129, 142), (48, 62), (13, 74), (36, 100), (44, 89), (24, 138), (16, 85), (111, 130), (29, 88), (52, 114), (117, 149), (37, 77), (21, 93), (2, 73), (59, 101), (1, 132), (97, 109), (69, 99), (112, 137), (86, 124), (50, 104), (43, 92)}
Згенероване вершинне покриття (C): [0, 1, 2, 3, 4, 5, 6, 7, 9, 10, 11, 12, 13, 14, 15, 16, 17, 18, 19, 20, 21, 22, 23, 24, 25, 26, 27, 28, 29, 30, 31, 32, 33, 34, 36, 37, 38, 39, 40, 41, 42, 43, 44, 45, 46, 47, 48, 49, 50, 51, 52, 53, 54, 55, 56, 57, 58, 59, 61, 62, 63, 64, 65, 66, 67, 68, 69, 70, 71, 72, 73, 74, 76, 77, 78, 79, 80, 81, 82, 84, 85, 86, 87, 88, 89, 90, 91, 92, 93, 94, 95, 96, 97, 99, 100, 101, 102, 103, 104, 105, 106, 107, 108, 109, 110, 111, 112, 113, 114, 115, 116, 117, 118, 119, 120, 121, 124, 125, 126, 127, 128, 129, 130, 131, 132, 133, 134, 135, 136, 137, 138, 139, 140, 141, 142, 143, 145, 146, 148, 149]

--- Генерація вершинного покриття (зі списку суміжності) ---
Знайдене максимальне парування (M): {(137, 139), (71, 136), (6, 18), (122, 144), (10, 101), (62, 148), (17, 64), (75, 127), (98, 116), (37, 146), (85, 134), (46, 57), (22, 99), (15, 63), (54, 107), (27, 86), (30, 149), (5, 95), (20, 120), (41, 88), (14, 43), (13, 81), (48, 84), (35, 145), (83, 109), (42, 105), (56, 67), (38, 89), (80, 128), (45, 76), (9, 117), (1, 51), (92, 133), (33, 50), (96, 124), (78, 82), (29, 104), (25, 61), (108, 126), (2, 68), (0, 16), (121, 132), (3, 36), (28, 32), (123, 135), (66, 147), (40, 73), (100, 118), (93, 106), (49, 140), (69, 72), (19, 53), (58, 130), (55, 143), (52, 65), (70, 129), (24, 113), (59, 77), (34, 90), (39, 110), (103, 119), (4, 31), (21, 47), (11, 131), (97, 112), (26, 125), (74, 138), (8, 141), (44, 79), (12, 114)}
Згенероване вершинне покриття (C): [0, 1, 2, 3, 4, 5, 6, 8, 9, 10, 11, 12, 13, 14, 15, 16, 17, 18, 19, 20, 21, 22, 24, 25, 26, 27, 28, 29, 30, 31, 32, 33, 34, 35, 36, 37, 38, 39, 40, 41, 42, 43, 44, 45, 46, 47, 48, 49, 50, 51, 52, 53, 54, 55, 56, 57, 58, 59, 61, 62, 63, 64, 65, 66, 67, 68, 69, 70, 71, 72, 73, 74, 75, 76, 77, 78, 79, 80, 81, 82, 83, 84, 85, 86, 88, 89, 90, 92, 93, 95, 96, 97, 98, 99, 100, 101, 103, 104, 105, 106, 107, 108, 109, 110, 112, 113, 114, 116, 117, 118, 119, 120, 121, 122, 123, 124, 125, 126, 127, 128, 129, 130, 131, 132, 133, 134, 135, 136, 137, 138, 139, 140, 141, 143, 144, 145, 146, 147, 148, 149]

--- Генерація вершинного покриття (зі списку суміжності) ---
Знайдене максимальне парування (M): {(21, 65), (26, 85), (55, 127), (109, 126), (15, 149), (39, 140), (27, 59), (99, 106), (29, 84), (76, 104), (58, 71), (10, 116), (1, 52), (18, 41), (57, 63), (33, 130), (60, 83), (2, 72), (20, 120), (13, 142), (6, 124), (48, 139), (79, 148), (12, 61), (68, 145), (30, 45), (34, 64), (0, 102), (3, 125), (86, 135), (22, 77), (42, 114), (23, 137), (46, 105), (89, 91), (75, 132), (113, 122), (8, 133), (87, 103), (14, 94), (70, 96), (11, 129), (90, 123), (5, 24), (40, 67), (36, 115), (38, 134), (101, 144), (119, 131), (28, 50), (69, 118), (56, 66), (95, 143), (74, 93), (37, 117), (107, 111), (81, 98), (4, 16), (47, 136), (31, 88), (51, 121), (32, 62), (138, 141), (53, 100), (54, 108), (17, 25), (35, 73), (112, 128), (9, 82), (44, 146), (43, 147)}
Згенероване вершинне покриття (C): [0, 1, 2, 3, 4, 5, 6, 8, 9, 10, 11, 12, 13, 14, 15, 16, 17, 18, 20, 21, 22, 23, 24, 25, 26, 27, 28, 29, 30, 31, 32, 33, 34, 35, 36, 37, 38, 39, 40, 41, 42, 43, 44, 45, 46, 47, 48, 50, 51, 52, 53, 54, 55, 56, 57, 58, 59, 60, 61, 62, 63, 64, 65, 66, 67, 68, 69, 70, 71, 72, 73, 74, 75, 76, 77, 79, 81, 82, 83, 84, 85, 86, 87, 88, 89, 90, 91, 93, 94, 95, 96, 98, 99, 100, 101, 102, 103, 104, 105, 106, 107, 108, 109, 111, 112, 113, 114, 115, 116, 117, 118, 119, 120, 121, 122, 123, 124, 125, 126, 127, 128, 129, 130, 131, 132, 133, 134, 135, 136, 137, 138, 139, 140, 141, 142, 143, 144, 145, 146, 147, 148, 149]

--- Генерація вершинного покриття (зі списку суміжності) ---
Знайдене максимальне парування (M): {(35, 149), (5, 53), (36, 129), (34, 135), (52, 122), (27, 62), (16, 41), (43, 125), (0, 124), (108, 133), (63, 113), (74, 76), (85, 146), (42, 145), (84, 114), (32, 143), (92, 109), (101, 148), (103, 139), (7, 138), (37, 115), (13, 93), (22, 68), (28, 127), (51, 61), (72, 99), (9, 71), (46, 59), (12, 91), (49, 110), (15, 120), (17, 26), (80, 94), (57, 123), (24, 65), (8, 20), (79, 132), (50, 96), (100, 130), (4, 47), (66, 83), (33, 141), (104, 128), (19, 38), (6, 10), (117, 134), (136, 147), (54, 75), (73, 82), (31, 131), (58, 118), (39, 144), (2, 40), (98, 102), (18, 30), (14, 69), (25, 45), (77, 137), (64, 140), (44, 116), (21, 87), (81, 95), (67, 142), (55, 88), (70, 86), (90, 119), (1, 126), (23, 111), (106, 121), (60, 105)}
Згенероване вершинне покриття (C): [0, 1, 2, 4, 5, 6, 7, 8, 9, 10, 12, 13, 14, 15, 16, 17, 18, 19, 20, 21, 22, 23, 24, 25, 26, 27, 28, 30, 31, 32, 33, 34, 35, 36, 37, 38, 39, 40, 41, 42, 43, 44, 45, 46, 47, 49, 50, 51, 52, 53, 54, 55, 57, 58, 59, 60, 61, 62, 63, 64, 65, 66, 67, 68, 69, 70, 71, 72, 73, 74, 75, 76, 77, 79, 80, 81, 82, 83, 84, 85, 86, 87, 88, 90, 91, 92, 93, 94, 95, 96, 98, 99, 100, 101, 102, 103, 104, 105, 106, 108, 109, 110, 111, 113, 114, 115, 116, 117, 118, 119, 120, 121, 122, 123, 124, 125, 126, 127, 128, 129, 130, 131, 132, 133, 134, 135, 136, 137, 138, 139, 140, 141, 142, 143, 144, 145, 146, 147, 148, 149]

--- Генерація вершинного покриття (зі списку суміжності) ---
Знайдене максимальне парування (M): {(15, 79), (70, 122), (105, 107), (46, 94), (19, 113), (6, 85), (17, 125), (11, 54), (67, 141), (101, 109), (30, 73), (4, 143), (78, 98), (51, 138), (45, 95), (106, 120), (55, 111), (48, 75), (34, 110), (88, 145), (25, 147), (27, 35), (57, 96), (21, 137), (40, 144), (18, 22), (28, 63), (68, 93), (24, 148), (23, 82), (26, 38), (64, 89), (87, 149), (92, 136), (7, 43), (102, 146), (123, 126), (32, 133), (33, 74), (41, 142), (0, 77), (65, 84), (3, 39), (103, 129), (36, 42), (53, 116), (91, 112), (62, 134), (37, 108), (10, 99), (80, 124), (29, 140), (44, 104), (5, 121), (59, 132), (47, 130), (16, 97), (71, 100), (13, 52), (1, 114), (14, 20), (60, 139), (127, 135), (81, 119), (8, 31), (50, 83), (69, 90), (49, 66), (2, 131), (117, 118), (12, 56), (72, 128)}
Згенероване вершинне покриття (C): [0, 1, 2, 3, 4, 5, 6, 7, 8, 10, 11, 12, 13, 14, 15, 16, 17, 18, 19, 20, 21, 22, 23, 24, 25, 26, 27, 28, 29, 30, 31, 32, 33, 34, 35, 36, 37, 38, 39, 40, 41, 42, 43, 44, 45, 46, 47, 48, 49, 50, 51, 52, 53, 54, 55, 56, 57, 59, 60, 62, 63, 64, 65, 66, 67, 68, 69, 70, 71, 72, 73, 74, 75, 77, 78, 79, 80, 81, 82, 83, 84, 85, 87, 88, 89, 90, 91, 92, 93, 94, 95, 96, 97, 98, 99, 100, 101, 102, 103, 104, 105, 106, 107, 108, 109, 110, 111, 112, 113, 114, 116, 117, 118, 119, 120, 121, 122, 123, 124, 125, 126, 127, 128, 129, 130, 131, 132, 133, 134, 135, 136, 137, 138, 139, 140, 141, 142, 143, 144, 145, 146, 147, 148, 149]

--- Генерація вершинного покриття (зі списку суміжності) ---
Знайдене максимальне парування (M): {(15, 79), (25, 35), (87, 126), (52, 110), (12, 132), (94, 116), (42, 112), (88, 109), (59, 73), (69, 77), (37, 76), (19, 58), (9, 130), (118, 131), (51, 74), (93, 138), (81, 106), (43, 61), (1, 119), (39, 60), (26, 127), (49, 68), (27, 98), (71, 129), (28, 36), (24, 78), (32, 91), (46, 72), (103, 136), (67, 113), (3, 125), (33, 108), (90, 99), (22, 135), (82, 101), (0, 114), (13, 105), (44, 53), (107, 124), (23, 85), (41, 75), (83, 142), (2, 10), (40, 70), (7, 122), (92, 111), (117, 134), (104, 140), (21, 133), (145, 147), (6, 144), (30, 56), (47, 66), (137, 149), (4, 16), (55, 146), (84, 97), (5, 8), (80, 139), (50, 141), (29, 45), (34, 148), (54, 96), (86, 100), (38, 115), (63, 120), (20, 48), (18, 57), (14, 102), (123, 143), (31, 121)}
Згенероване вершинне покриття (C): [0, 1, 2, 3, 4, 5, 6, 7, 8, 9, 10, 12, 13, 14, 15, 16, 18, 19, 20, 21, 22, 23, 24, 25, 26, 27, 28, 29, 30, 31, 32, 33, 34, 35, 36, 37, 38, 39, 40, 41, 42, 43, 44, 45, 46, 47, 48, 49, 50, 51, 52, 53, 54, 55, 56, 57, 58, 59, 60, 61, 63, 66, 67, 68, 69, 70, 71, 72, 73, 74, 75, 76, 77, 78, 79, 80, 81, 82, 83, 84, 85, 86, 87, 88, 90, 91, 92, 93, 94, 96, 97, 98, 99, 100, 101, 102, 103, 104, 105, 106, 107, 108, 109, 110, 111, 112, 113, 114, 115, 116, 117, 118, 119, 120, 121, 122, 123, 124, 125, 126, 127, 129, 130, 131, 132, 133, 134, 135, 136, 137, 138, 139, 140, 141, 142, 143, 144, 145, 146, 147, 148, 149]

--- Генерація вершинного покриття (зі списку суміжності) ---
Знайдене максимальне парування (M): {(8, 43), (20, 78), (4, 9), (14, 126), (10, 107), (56, 74), (70, 131), (58, 80), (75, 124), (16, 44), (132, 149), (51, 135), (77, 112), (15, 63), (28, 143), (32, 82), (46, 142), (47, 113), (1, 85), (17, 48), (61, 115), (2, 93), (13, 99), (39, 148), (117, 144), (66, 108), (12, 21), (7, 95), (30, 60), (83, 130), (22, 147), (42, 71), (45, 94), (55, 98), (5, 140), (90, 129), (114, 120), (36, 91), (19, 26), (6, 65), (38, 67), (53, 116), (49, 137), (54, 127), (35, 92), (52, 102), (64, 73), (76, 105), (40, 79), (41, 111), (109, 139), (110, 128), (87, 133), (84, 146), (72, 89), (50, 68), (27, 69), (37, 138), (81, 104), (100, 145), (88, 125), (11, 122), (97, 103), (33, 134), (31, 106), (118, 141), (34, 59), (3, 96), (29, 121), (62, 136)}
Згенероване вершинне покриття (C): [1, 2, 3, 4, 5, 6, 7, 8, 9, 10, 11, 12, 13, 14, 15, 16, 17, 19, 20, 21, 22, 26, 27, 28, 29, 30, 31, 32, 33, 34, 35, 36, 37, 38, 39, 40, 41, 42, 43, 44, 45, 46, 47, 48, 49, 50, 51, 52, 53, 54, 55, 56, 58, 59, 60, 61, 62, 63, 64, 65, 66, 67, 68, 69, 70, 71, 72, 73, 74, 75, 76, 77, 78, 79, 80, 81, 82, 83, 84, 85, 87, 88, 89, 90, 91, 92, 93, 94, 95, 96, 97, 98, 99, 100, 102, 103, 104, 105, 106, 107, 108, 109, 110, 111, 112, 113, 114, 115, 116, 117, 118, 120, 121, 122, 124, 125, 126, 127, 128, 129, 130, 131, 132, 133, 134, 135, 136, 137, 138, 139, 140, 141, 142, 143, 144, 145, 146, 147, 148, 149]

--- Генерація вершинного покриття (зі списку суміжності) ---
Знайдене максимальне парування (M): {(25, 90), (67, 117), (87, 126), (73, 124), (30, 113), (18, 26), (44, 51), (77, 130), (3, 132), (23, 138), (11, 118), (2, 109), (80, 135), (66, 88), (127, 131), (41, 134), (6, 106), (35, 57), (17, 146), (60, 86), (110, 115), (34, 40), (36, 92), (20, 105), (56, 107), (93, 99), (129, 149), (12, 59), (94, 100), (13, 145), (72, 81), (69, 116), (49, 141), (0, 102), (61, 112), (32, 42), (1, 97), (91, 122), (136, 148), (21, 143), (50, 133), (16, 52), (83, 84), (31, 43), (10, 14), (39, 120), (37, 96), (53, 58), (62, 125), (33, 147), (63, 139), (15, 144), (119, 128), (79, 98), (70, 123), (68, 95), (22, 137), (64, 85), (76, 111), (55, 82), (48, 104), (47, 142), (19, 71), (28, 74), (7, 103), (54, 108), (75, 140), (8, 89), (29, 121), (4, 46), (45, 114), (38, 78)}
Згенероване вершинне покриття (C): [0, 1, 2, 3, 4, 6, 7, 8, 10, 11, 12, 13, 14, 15, 16, 17, 18, 19, 20, 21, 22, 23, 25, 26, 28, 29, 30, 31, 32, 33, 34, 35, 36, 37, 38, 39, 40, 41, 42, 43, 44, 45, 46, 47, 48, 49, 50, 51, 52, 53, 54, 55, 56, 57, 58, 59, 60, 61, 62, 63, 64, 66, 67, 68, 69, 70, 71, 72, 73, 74, 75, 76, 77, 78, 79, 80, 81, 82, 83, 84, 85, 86, 87, 88, 89, 90, 91, 92, 93, 94, 95, 96, 97, 98, 99, 100, 102, 103, 104, 105, 106, 107, 108, 109, 110, 111, 112, 113, 114, 115, 116, 117, 118, 119, 120, 121, 122, 123, 124, 125, 126, 127, 128, 129, 130, 131, 132, 133, 134, 135, 136, 137, 138, 139, 140, 141, 142, 143, 144, 145, 146, 147, 148, 149]

--- Генерація вершинного покриття (зі списку суміжності) ---
Знайдене максимальне парування (M): {(15, 146), (57, 88), (20, 75), (48, 91), (31, 133), (26, 149), (139, 145), (58, 59), (90, 97), (72, 76), (32, 95), (3, 129), (23, 83), (17, 131), (5, 89), (51, 141), (84, 117), (35, 69), (68, 136), (7, 62), (56, 113), (99, 148), (120, 122), (123, 134), (40, 65), (49, 144), (29, 80), (24, 96), (16, 92), (111, 128), (101, 105), (61, 66), (19, 60), (1, 115), (36, 82), (12, 18), (30, 130), (11, 126), (21, 106), (34, 100), (10, 78), (53, 107), (2, 135), (9, 25), (87, 109), (64, 116), (27, 103), (54, 124), (63, 81), (47, 127), (41, 50), (52, 114), (13, 104), (93, 121), (108, 119), (77, 140), (14, 142), (70, 138), (4, 28), (44, 125), (118, 132), (55, 94), (39, 110), (0, 73), (43, 71), (42, 143), (8, 147), (33, 85), (112, 137), (74, 98), (46, 79)}
Згенероване вершинне покриття (C): [0, 1, 2, 3, 4, 5, 7, 8, 9, 10, 11, 12, 13, 14, 15, 16, 17, 18, 19, 20, 21, 23, 24, 25, 26, 27, 28, 29, 30, 31, 32, 33, 34, 35, 36, 39, 40, 41, 42, 43, 44, 46, 47, 48, 49, 50, 51, 52, 53, 54, 55, 56, 57, 58, 59, 60, 61, 62, 63, 64, 65, 66, 68, 69, 70, 71, 72, 73, 74, 75, 76, 77, 78, 79, 80, 81, 82, 83, 84, 85, 87, 88, 89, 90, 91, 92, 93, 94, 95, 96, 97, 98, 99, 100, 101, 103, 104, 105, 106, 107, 108, 109, 110, 111, 112, 113, 114, 115, 116, 117, 118, 119, 120, 121, 122, 123, 124, 125, 126, 127, 128, 129, 130, 131, 132, 133, 134, 135, 136, 137, 138, 139, 140, 141, 142, 143, 144, 145, 146, 147, 148, 149]

--- Генерація вершинного покриття (зі списку суміжності) ---
Знайдене максимальне парування (M): {(74, 101), (0, 97), (2, 36), (17, 61), (91, 105), (77, 136), (109, 144), (8, 58), (5, 132), (18, 44), (20, 93), (40, 41), (90, 118), (69, 83), (52, 73), (14, 28), (1, 119), (107, 137), (16, 56), (43, 125), (57, 130), (104, 126), (9, 148), (10, 94), (76, 149), (29, 129), (70, 112), (31, 62), (81, 142), (33, 96), (82, 92), (42, 108), (45, 86), (22, 141), (65, 115), (6, 35), (7, 34), (75, 123), (124, 140), (27, 134), (54, 143), (39, 99), (46, 120), (3, 30), (51, 79), (85, 133), (71, 122), (19, 87), (89, 106), (98, 145), (23, 48), (47, 100), (113, 131), (4, 111), (37, 50), (24, 147), (88, 95), (32, 38), (21, 127), (80, 121), (64, 146), (60, 66), (59, 135), (26, 49), (103, 110), (13, 55), (11, 67), (25, 72), (15, 128), (53, 63), (78, 114)}
Згенероване вершинне покриття (C): [0, 1, 2, 3, 4, 5, 6, 7, 8, 9, 10, 11, 13, 14, 15, 16, 17, 18, 19, 20, 21, 22, 23, 24, 25, 26, 27, 28, 29, 30, 31, 32, 33, 34, 35, 36, 37, 38, 39, 40, 41, 42, 43, 44, 45, 46, 47, 48, 49, 50, 51, 52, 53, 54, 55, 56, 57, 58, 59, 60, 61, 62, 63, 64, 65, 66, 67, 69, 70, 71, 72, 73, 74, 75, 76, 77, 78, 79, 80, 81, 82, 83, 85, 86, 87, 88, 89, 90, 91, 92, 93, 94, 95, 96, 97, 98, 99, 100, 101, 103, 104, 105, 106, 107, 108, 109, 110, 111, 112, 113, 114, 115, 118, 119, 120, 121, 122, 123, 124, 125, 126, 127, 128, 129, 130, 131, 132, 133, 134, 135, 136, 137, 140, 141, 142, 143, 144, 145, 146, 147, 148, 149]

--- Генерація вершинного покриття (зі списку суміжності) ---
Знайдене максимальне парування (M): {(2, 88), (128, 145), (91, 123), (7, 84), (33, 109), (93, 126), (56, 135), (8, 58), (94, 134), (17, 70), (0, 127), (42, 136), (29, 50), (13, 133), (10, 79), (23, 52), (122, 140), (62, 117), (18, 132), (32, 149), (63, 137), (19, 45), (38, 141), (89, 125), (71, 147), (34, 67), (105, 118), (57, 108), (43, 54), (12, 146), (6, 35), (40, 101), (46, 53), (47, 143), (9, 80), (82, 116), (95, 107), (74, 78), (106, 113), (37, 99), (22, 110), (92, 102), (41, 96), (15, 129), (24, 144), (1, 81), (5, 100), (75, 104), (77, 131), (28, 59), (69, 121), (72, 83), (30, 120), (3, 14), (76, 111), (16, 39), (73, 103), (48, 49), (51, 66), (124, 139), (31, 36), (64, 97), (27, 148), (26, 119), (98, 138), (11, 21), (85, 86), (55, 112), (115, 130), (25, 87), (20, 60)}
Згенероване вершинне покриття (C): [0, 1, 2, 3, 5, 6, 7, 8, 9, 10, 11, 12, 13, 14, 15, 16, 17, 18, 19, 20, 21, 22, 23, 24, 25, 26, 27, 28, 29, 30, 31, 32, 33, 34, 35, 36, 37, 38, 39, 40, 41, 42, 43, 45, 46, 47, 48, 49, 50, 51, 52, 53, 54, 55, 56, 57, 58, 59, 60, 62, 63, 64, 66, 67, 69, 70, 71, 72, 73, 74, 75, 76, 77, 78, 79, 80, 81, 82, 83, 84, 85, 86, 87, 88, 89, 91, 92, 93, 94, 95, 96, 97, 98, 99, 100, 101, 102, 103, 104, 105, 106, 107, 108, 109, 110, 111, 112, 113, 115, 116, 117, 118, 119, 120, 121, 122, 123, 124, 125, 126, 127, 128, 129, 130, 131, 132, 133, 134, 135, 136, 137, 138, 139, 140, 141, 143, 144, 145, 146, 147, 148, 149]

--- Генерація вершинного покриття (зі списку суміжності) ---
Знайдене максимальне парування (M): {(38, 142), (26, 91), (137, 148), (37, 58), (43, 101), (4, 6), (63, 92), (31, 32), (28, 134), (14, 89), (60, 74), (49, 50), (42, 136), (103, 118), (0, 78), (10, 85), (29, 65), (13, 82), (62, 71), (34, 125), (75, 108), (86, 126), (81, 87), (15, 145), (80, 131), (12, 76), (94, 121), (120, 146), (77, 135), (70, 139), (30, 127), (33, 68), (53, 95), (72, 102), (36, 149), (40, 113), (64, 110), (5, 27), (84, 116), (7, 119), (39, 123), (90, 141), (24, 138), (16, 18), (45, 66), (106, 143), (67, 130), (19, 56), (23, 133), (11, 79), (46, 104), (47, 69), (51, 124), (105, 129), (57, 107), (55, 88), (17, 144), (44, 128), (9, 21), (73, 109), (112, 122), (61, 147), (3, 99), (41, 83), (8, 22), (97, 115), (93, 96), (20, 48), (132, 140), (54, 111), (1, 25)}
Згенероване вершинне покриття (C): [0, 1, 3, 4, 5, 6, 7, 8, 9, 10, 11, 12, 13, 14, 15, 16, 17, 18, 19, 20, 21, 22, 23, 24, 25, 26, 27, 28, 29, 30, 31, 32, 33, 34, 36, 37, 38, 39, 40, 41, 42, 43, 44, 45, 46, 47, 48, 49, 50, 51, 53, 54, 55, 56, 57, 58, 60, 61, 62, 63, 64, 65, 66, 67, 68, 69, 70, 71, 72, 73, 74, 75, 76, 77, 78, 79, 80, 81, 82, 83, 84, 85, 86, 87, 88, 89, 90, 91, 92, 93, 94, 95, 96, 97, 99, 101, 102, 103, 104, 105, 106, 107, 108, 109, 110, 111, 112, 113, 115, 116, 118, 119, 120, 121, 122, 123, 124, 125, 126, 127, 128, 129, 130, 131, 132, 133, 134, 135, 136, 137, 138, 139, 140, 141, 142, 143, 144, 145, 146, 147, 148, 149]

--- Генерація вершинного покриття (зі списку суміжності) ---
Знайдене максимальне парування (M): {(119, 133), (10, 144), (29, 81), (14, 62), (37, 122), (16, 38), (86, 142), (8, 55), (101, 112), (58, 74), (48, 106), (96, 131), (127, 128), (87, 95), (104, 105), (59, 143), (7, 47), (3, 92), (56, 147), (27, 28), (11, 78), (31, 111), (26, 66), (109, 113), (49, 132), (18, 71), (115, 135), (79, 148), (0, 32), (54, 67), (76, 103), (35, 93), (13, 99), (4, 124), (94, 118), (17, 57), (46, 108), (100, 137), (64, 89), (44, 53), (70, 139), (12, 30), (33, 123), (22, 98), (61, 136), (91, 149), (40, 116), (45, 51), (65, 145), (39, 77), (15, 83), (6, 80), (25, 36), (34, 69), (19, 50), (20, 24), (23, 84), (52, 126), (5, 72), (1, 120), (130, 134), (2, 125), (21, 102), (42, 73), (85, 141), (9, 140), (75, 146), (60, 90), (43, 138), (63, 68), (117, 121)}
Згенероване вершинне покриття (C): [0, 1, 2, 3, 4, 5, 6, 7, 8, 9, 10, 11, 12, 13, 14, 15, 16, 17, 18, 19, 20, 21, 22, 23, 24, 25, 26, 27, 28, 29, 30, 31, 32, 33, 34, 35, 36, 37, 38, 39, 40, 42, 43, 44, 45, 46, 47, 48, 49, 50, 51, 52, 53, 54, 55, 56, 57, 58, 59, 60, 61, 62, 63, 64, 65, 66, 67, 68, 69, 70, 71, 72, 73, 74, 75, 76, 77, 78, 79, 80, 81, 83, 84, 85, 86, 87, 89, 90, 91, 92, 93, 94, 95, 96, 98, 99, 100, 101, 102, 103, 104, 105, 106, 108, 109, 111, 112, 113, 115, 116, 117, 118, 119, 120, 121, 122, 123, 124, 125, 126, 127, 128, 130, 131, 132, 133, 134, 135, 136, 137, 138, 139, 140, 141, 142, 143, 144, 145, 146, 147, 148, 149]

--- Генерація вершинного покриття (зі списку суміжності) ---
Знайдене максимальне парування (M): {(27, 47), (24, 30), (14, 53), (15, 146), (96, 101), (42, 51), (20, 32), (86, 93), (44, 57), (6, 103), (16, 41), (3, 144), (22, 142), (113, 114), (21, 104), (9, 78), (68, 127), (60, 83), (17, 85), (77, 112), (59, 149), (71, 117), (38, 65), (52, 88), (106, 129), (26, 133), (11, 35), (25, 147), (72, 136), (56, 119), (45, 70), (46, 102), (5, 12), (4, 75), (118, 145), (19, 87), (0, 138), (89, 109), (73, 125), (23, 54), (55, 58), (18, 134), (10, 31), (63, 124), (50, 105), (1, 90), (29, 137), (33, 40), (98, 99), (8, 111), (64, 140), (61, 62), (94, 123), (82, 100), (39, 95), (43, 120), (81, 110), (79, 107), (49, 115), (37, 141), (34, 148), (92, 135), (48, 116), (74, 80), (131, 132), (13, 128), (2, 76), (36, 108), (66, 143), (97, 121)}
Згенероване вершинне покриття (C): [0, 1, 2, 3, 4, 5, 6, 8, 9, 10, 11, 12, 13, 14, 15, 16, 17, 18, 19, 20, 21, 22, 23, 24, 25, 26, 27, 29, 30, 31, 32, 33, 34, 35, 36, 37, 38, 39, 40, 41, 42, 43, 44, 45, 46, 47, 48, 49, 50, 51, 52, 53, 54, 55, 56, 57, 58, 59, 60, 61, 62, 63, 64, 65, 66, 68, 70, 71, 72, 73, 74, 75, 76, 77, 78, 79, 80, 81, 82, 83, 85, 86, 87, 88, 89, 90, 92, 93, 94, 95, 96, 97, 98, 99, 100, 101, 102, 103, 104, 105, 106, 107, 108, 109, 110, 111, 112, 113, 114, 115, 116, 117, 118, 119, 120, 121, 123, 124, 125, 127, 128, 129, 131, 132, 133, 134, 135, 136, 137, 138, 140, 141, 142, 143, 144, 145, 146, 147, 148, 149]

--- Генерація вершинного покриття (зі списку суміжності) ---
Знайдене максимальне парування (M): {(77, 124), (24, 88), (13, 27), (39, 137), (60, 117), (43, 104), (52, 58), (64, 84), (21, 83), (67, 74), (91, 126), (30, 119), (19, 55), (6, 103), (5, 80), (102, 144), (4, 33), (48, 118), (56, 95), (42, 87), (90, 130), (11, 20), (28, 45), (40, 71), (36, 113), (132, 146), (98, 100), (86, 123), (38, 141), (15, 32), (106, 138), (26, 96), (0, 114), (1, 115), (16, 107), (44, 68), (47, 85), (46, 65), (105, 133), (82, 116), (8, 17), (135, 149), (50, 145), (29, 122), (128, 131), (93, 112), (12, 127), (57, 92), (7, 140), (53, 73), (14, 121), (70, 120), (10, 99), (63, 136), (62, 94), (9, 125), (111, 139), (59, 129), (142, 148), (69, 78), (49, 54), (23, 35), (51, 75), (25, 66), (22, 97), (61, 89), (2, 3), (31, 109), (37, 101), (108, 143), (81, 134), (41, 147)}
Згенероване вершинне покриття (C): [0, 1, 2, 3, 4, 5, 6, 7, 8, 9, 10, 11, 12, 13, 14, 15, 16, 17, 19, 20, 21, 22, 23, 24, 25, 26, 27, 28, 29, 30, 31, 32, 33, 35, 36, 37, 38, 39, 40, 41, 42, 43, 44, 45, 46, 47, 48, 49, 50, 51, 52, 53, 54, 55, 56, 57, 58, 59, 60, 61, 62, 63, 64, 65, 66, 67, 68, 69, 70, 71, 73, 74, 75, 77, 78, 80, 81, 82, 83, 84, 85, 86, 87, 88, 89, 90, 91, 92, 93, 94, 95, 96, 97, 98, 99, 100, 101, 102, 103, 104, 105, 106, 107, 108, 109, 111, 112, 113, 114, 115, 116, 117, 118, 119, 120, 121, 122, 123, 124, 125, 126, 127, 128, 129, 130, 131, 132, 133, 134, 135, 136, 137, 138, 139, 140, 141, 142, 143, 144, 145, 146, 147, 148, 149]

--- Генерація вершинного покриття (зі списку суміжності) ---
Знайдене максимальне парування (M): {(54, 126), (111, 129), (16, 148), (59, 70), (11, 48), (62, 96), (30, 119), (35, 109), (55, 84), (43, 122), (40, 44), (12, 25), (60, 74), (19, 76), (50, 143), (2, 130), (81, 127), (121, 142), (92, 115), (53, 68), (85, 106), (93, 113), (20, 141), (13, 38), (77, 132), (69, 128), (37, 78), (14, 79), (5, 15), (1, 63), (21, 100), (39, 102), (29, 46), (8, 133), (26, 65), (27, 91), (4, 99), (36, 88), (52, 145), (18, 125), (82, 146), (64, 67), (41, 108), (103, 144), (66, 98), (31, 137), (94, 114), (9, 49), (61, 117), (134, 135), (34, 136), (80, 139), (6, 101), (57, 58), (32, 123), (112, 116), (72, 110), (10, 71), (105, 138), (90, 131), (17, 86), (42, 140), (23, 47), (22, 51), (28, 95), (118, 147), (45, 56), (73, 124), (0, 33)}
Згенероване вершинне покриття (C): [0, 1, 2, 4, 5, 6, 8, 9, 10, 11, 12, 13, 14, 15, 16, 17, 18, 19, 20, 21, 22, 23, 25, 26, 27, 28, 29, 30, 31, 32, 33, 34, 35, 36, 37, 38, 39, 40, 41, 42, 43, 44, 45, 46, 47, 48, 49, 50, 51, 52, 53, 54, 55, 56, 57, 58, 59, 60, 61, 62, 63, 64, 65, 66, 67, 68, 69, 70, 71, 72, 73, 74, 76, 77, 78, 79, 80, 81, 82, 84, 85, 86, 88, 90, 91, 92, 93, 94, 95, 96, 98, 99, 100, 101, 102, 103, 105, 106, 108, 109, 110, 111, 112, 113, 114, 115, 116, 117, 118, 119, 121, 122, 123, 124, 125, 126, 127, 128, 129, 130, 131, 132, 133, 134, 135, 136, 137, 138, 139, 140, 141, 142, 143, 144, 145, 146, 147, 148]

--- Генерація вершинного покриття (зі списку суміжності) ---
Знайдене максимальне парування (M): {(10, 95), (69, 114), (5, 56), (77, 127), (15, 34), (7, 87), (88, 100), (128, 142), (30, 58), (19, 116), (105, 119), (37, 70), (135, 147), (52, 67), (64, 93), (3, 89), (90, 121), (24, 130), (16, 62), (23, 113), (36, 43), (112, 139), (4, 48), (81, 145), (28, 109), (35, 96), (55, 68), (18, 22), (84, 144), (44, 50), (101, 102), (14, 146), (66, 117), (47, 85), (60, 143), (74, 75), (9, 129), (40, 46), (78, 97), (51, 76), (115, 125), (11, 86), (27, 42), (6, 126), (49, 137), (21, 63), (29, 131), (17, 108), (39, 138), (106, 140), (54, 72), (2, 98), (20, 79), (32, 111), (71, 103), (134, 141), (12, 136), (8, 123), (59, 80), (31, 94), (25, 118), (0, 110), (107, 120), (1, 65), (41, 83), (57, 73), (122, 132), (13, 82), (38, 133), (99, 149)}
Згенероване вершинне покриття (C): [0, 1, 2, 3, 4, 5, 6, 7, 8, 9, 10, 11, 12, 13, 14, 15, 16, 17, 18, 19, 20, 21, 22, 23, 24, 25, 27, 28, 29, 30, 31, 32, 34, 35, 36, 37, 38, 39, 40, 41, 42, 43, 44, 46, 47, 48, 49, 50, 51, 52, 54, 55, 56, 57, 58, 59, 60, 62, 63, 64, 65, 66, 67, 68, 69, 70, 71, 72, 73, 74, 75, 76, 77, 78, 79, 80, 81, 82, 83, 84, 85, 86, 87, 88, 89, 90, 93, 94, 95, 96, 97, 98, 99, 100, 101, 102, 103, 105, 106, 107, 108, 109, 110, 111, 112, 113, 114, 115, 116, 117, 118, 119, 120, 121, 122, 123, 125, 126, 127, 128, 129, 130, 131, 132, 133, 134, 135, 136, 137, 138, 139, 140, 141, 142, 143, 144, 145, 146, 147, 149]

--- Генерація вершинного покриття (зі списку суміжності) ---
Знайдене максимальне парування (M): {(2, 94), (24, 91), (40, 148), (39, 146), (9, 48), (3, 71), (34, 80), (60, 62), (18, 38), (92, 140), (67, 86), (10, 64), (110, 115), (26, 118), (56, 101), (75, 136), (20, 105), (43, 137), (46, 72), (35, 78), (29, 68), (17, 100), (70, 103), (30, 36), (81, 133), (106, 138), (93, 104), (5, 107), (12, 116), (63, 128), (102, 122), (14, 119), (15, 90), (6, 87), (139, 144), (11, 50), (8, 51), (53, 83), (111, 143), (33, 114), (47, 73), (42, 123), (52, 130), (45, 88), (58, 85), (28, 142), (69, 149), (89, 97), (77, 95), (57, 126), (22, 113), (23, 54), (61, 98), (0, 37), (1, 108), (134, 141), (19, 117), (4, 74), (65, 120), (32, 129), (7, 109), (59, 147), (41, 135), (131, 132), (16, 66), (44, 76), (31, 112), (84, 127), (13, 79)}
Згенероване вершинне покриття (C): [0, 1, 2, 3, 4, 5, 6, 7, 8, 9, 10, 11, 12, 13, 14, 15, 16, 17, 18, 19, 20, 22, 23, 24, 26, 28, 29, 30, 31, 32, 33, 34, 35, 36, 37, 38, 39, 40, 41, 42, 43, 44, 45, 46, 47, 48, 50, 51, 52, 53, 54, 56, 57, 58, 59, 60, 61, 62, 63, 64, 65, 66, 67, 68, 69, 70, 71, 72, 73, 74, 75, 76, 77, 78, 79, 80, 81, 83, 84, 85, 86, 87, 88, 89, 90, 91, 92, 93, 94, 95, 97, 98, 100, 101, 102, 103, 104, 105, 106, 107, 108, 109, 110, 111, 112, 113, 114, 115, 116, 117, 118, 119, 120, 122, 123, 126, 127, 128, 129, 130, 131, 132, 133, 134, 135, 136, 137, 138, 139, 140, 141, 142, 143, 144, 146, 147, 148, 149]

--- Генерація вершинного покриття (зі списку суміжності) ---
Знайдене максимальне парування (M): {(47, 53), (57, 88), (63, 80), (85, 113), (44, 54), (34, 138), (35, 109), (70, 76), (43, 61), (19, 134), (86, 105), (24, 127), (5, 83), (28, 33), (64, 117), (18, 123), (49, 132), (48, 136), (7, 65), (38, 135), (59, 115), (81, 142), (21, 30), (46, 108), (68, 111), (120, 149), (42, 126), (3, 39), (0, 71), (32, 69), (67, 103), (118, 145), (9, 22), (62, 116), (20, 52), (104, 119), (40, 55), (17, 99), (31, 122), (93, 100), (75, 144), (12, 51), (140, 148), (2, 141), (10, 96), (15, 25), (72, 77), (78, 121), (94, 114), (58, 60), (29, 143), (125, 129), (84, 91), (97, 137), (27, 66), (36, 139), (110, 146), (23, 90), (8, 16), (95, 112), (6, 107), (41, 74), (11, 73), (37, 89), (101, 128), (106, 124), (79, 82), (50, 98), (14, 56)}
Згенероване вершинне покриття (C): [0, 2, 3, 5, 6, 7, 8, 9, 10, 11, 12, 14, 15, 16, 17, 18, 19, 20, 21, 22, 23, 24, 25, 27, 28, 29, 30, 31, 32, 33, 34, 35, 36, 37, 38, 39, 40, 41, 42, 43, 44, 46, 47, 48, 49, 50, 51, 52, 53, 54, 55, 56, 57, 58, 59, 60, 61, 62, 63, 64, 65, 66, 67, 68, 69, 70, 71, 72, 73, 74, 75, 76, 77, 78, 79, 80, 81, 82, 83, 84, 85, 86, 88, 89, 90, 91, 93, 94, 95, 96, 97, 98, 99, 100, 101, 103, 104, 105, 106, 107, 108, 109, 110, 111, 112, 113, 114, 115, 116, 117, 118, 119, 120, 121, 122, 123, 124, 125, 126, 127, 128, 129, 132, 134, 135, 136, 137, 138, 139, 140, 141, 142, 143, 144, 145, 146, 148, 149]

--- Генерація вершинного покриття (зі списку суміжності) ---
Знайдене максимальне парування (M): {(88, 94), (21, 126), (3, 53), (50, 107), (13, 33), (1, 37), (116, 122), (25, 44), (8, 64), (36, 80), (62, 99), (22, 145), (6, 103), (67, 86), (51, 138), (127, 146), (106, 117), (32, 131), (84, 114), (130, 148), (16, 65), (118, 140), (48, 60), (10, 24), (132, 142), (11, 90), (28, 39), (91, 119), (12, 58), (111, 125), (85, 112), (0, 102), (115, 147), (72, 87), (38, 95), (23, 76), (134, 139), (61, 66), (68, 105), (78, 79), (75, 149), (5, 15), (7, 46), (98, 133), (20, 49), (26, 123), (35, 71), (29, 55), (2, 135), (34, 57), (52, 108), (42, 110), (4, 74), (27, 124), (45, 136), (73, 97), (9, 137), (30, 129), (19, 141), (82, 121), (18, 63), (41, 83), (17, 31), (93, 96), (59, 104), (14, 47), (101, 128), (40, 69), (89, 120)}
Згенероване вершинне покриття (C): [0, 1, 2, 3, 4, 5, 6, 7, 8, 9, 10, 11, 12, 13, 14, 15, 16, 17, 18, 19, 20, 21, 22, 23, 24, 25, 26, 27, 28, 29, 30, 31, 32, 33, 34, 35, 36, 37, 38, 39, 40, 41, 42, 44, 45, 46, 47, 48, 49, 50, 51, 52, 53, 55, 57, 58, 59, 60, 61, 62, 63, 64, 65, 66, 67, 68, 69, 71, 72, 73, 74, 75, 76, 78, 79, 80, 82, 83, 84, 85, 86, 87, 88, 89, 90, 91, 93, 94, 95, 96, 97, 98, 99, 101, 102, 103, 104, 105, 106, 107, 108, 110, 111, 112, 114, 115, 116, 117, 118, 119, 120, 121, 122, 123, 124, 125, 126, 127, 128, 129, 130, 131, 132, 133, 134, 135, 136, 137, 138, 139, 140, 141, 142, 145, 146, 147, 148, 149]

--- Генерація вершинного покриття (зі списку суміжності) ---
Знайдене максимальне парування (M): {(34, 123), (14, 120), (12, 68), (26, 30), (84, 142), (98, 104), (13, 100), (21, 22), (41, 55), (4, 131), (102, 138), (118, 122), (57, 109), (1, 113), (9, 63), (126, 132), (19, 134), (70, 146), (37, 94), (16, 62), (44, 78), (8, 85), (48, 66), (87, 125), (27, 35), (2, 93), (96, 106), (23, 73), (7, 28), (81, 90), (108, 117), (83, 121), (53, 89), (29, 101), (61, 75), (3, 79), (5, 76), (92, 148), (82, 124), (59, 145), (49, 52), (40, 110), (6, 114), (51, 91), (95, 119), (15, 141), (115, 137), (47, 54), (60, 112), (25, 97), (0, 43), (71, 88), (67, 136), (45, 130), (20, 140), (139, 149), (77, 143), (50, 65), (31, 39), (72, 107), (11, 128), (46, 64), (103, 116), (10, 74), (80, 99), (129, 144), (56, 105), (38, 133), (18, 69)}
Згенероване вершинне покриття (C): [0, 1, 2, 3, 4, 5, 6, 7, 8, 9, 10, 11, 12, 13, 14, 15, 16, 18, 19, 20, 21, 22, 23, 25, 26, 27, 28, 29, 30, 31, 34, 35, 37, 38, 39, 40, 41, 43, 44, 45, 46, 47, 48, 49, 50, 51, 52, 53, 54, 55, 56, 57, 59, 60, 61, 62, 63, 64, 65, 66, 67, 68, 69, 70, 71, 72, 73, 74, 75, 76, 77, 78, 79, 80, 81, 82, 83, 84, 85, 87, 88, 89, 90, 91, 92, 93, 94, 95, 96, 97, 98, 99, 100, 101, 102, 103, 104, 105, 106, 107, 108, 109, 110, 112, 113, 114, 115, 116, 117, 118, 119, 120, 121, 122, 123, 124, 125, 126, 128, 129, 130, 131, 132, 133, 134, 136, 137, 138, 139, 140, 141, 142, 143, 144, 145, 146, 148, 149]

--- Генерація вершинного покриття (зі списку суміжності) ---
Знайдене максимальне парування (M): {(103, 137), (1, 147), (95, 133), (92, 116), (3, 117), (8, 107), (18, 23), (33, 143), (88, 109), (80, 132), (9, 115), (28, 76), (53, 93), (64, 105), (90, 124), (61, 79), (37, 94), (118, 140), (25, 135), (48, 72), (42, 145), (62, 126), (13, 87), (4, 51), (119, 129), (54, 131), (56, 134), (2, 96), (19, 112), (27, 128), (59, 139), (15, 102), (77, 89), (50, 78), (57, 120), (86, 101), (98, 127), (60, 82), (35, 68), (106, 113), (49, 58), (24, 71), (11, 138), (30, 84), (39, 65), (6, 123), (10, 99), (43, 44), (110, 125), (21, 136), (7, 149), (55, 73), (47, 66), (74, 114), (46, 104), (29, 91), (67, 142), (70, 141), (38, 100), (5, 69), (40, 45), (34, 148), (14, 32), (17, 83), (26, 122), (0, 12), (41, 144), (16, 63), (121, 146), (36, 111)}
Згенероване вершинне покриття (C): [0, 1, 2, 3, 4, 5, 6, 7, 8, 9, 10, 11, 12, 13, 14, 15, 16, 17, 18, 19, 21, 23, 24, 25, 26, 27, 28, 29, 30, 32, 33, 34, 35, 36, 37, 38, 39, 40, 41, 42, 43, 44, 45, 46, 47, 48, 49, 50, 51, 53, 54, 55, 56, 57, 58, 59, 60, 61, 62, 63, 64, 65, 66, 67, 68, 69, 70, 71, 72, 73, 74, 76, 77, 78, 79, 80, 82, 83, 84, 86, 87, 88, 89, 90, 91, 92, 93, 94, 95, 96, 98, 99, 100, 101, 102, 103, 104, 105, 106, 107, 109, 110, 111, 112, 113, 114, 115, 116, 117, 118, 119, 120, 121, 122, 123, 124, 125, 126, 127, 128, 129, 131, 132, 133, 134, 135, 136, 137, 138, 139, 140, 141, 142, 143, 144, 145, 146, 147, 148, 149]

--- Генерація вершинного покриття (зі списку суміжності) ---
Знайдене максимальне парування (M): {(25, 90), (82, 142), (5, 50), (34, 56), (8, 98), (45, 126), (59, 119), (133, 138), (33, 54), (2, 103), (127, 131), (22, 148), (43, 116), (79, 109), (7, 47), (28, 140), (35, 121), (87, 104), (122, 128), (83, 91), (51, 80), (52, 149), (24, 78), (29, 123), (0, 20), (110, 117), (19, 100), (72, 139), (85, 115), (23, 137), (92, 124), (42, 114), (18, 37), (70, 75), (4, 11), (26, 41), (67, 146), (49, 113), (38, 61), (81, 120), (74, 84), (10, 14), (1, 69), (88, 141), (13, 16), (86, 107), (9, 89), (12, 112), (62, 134), (36, 48), (46, 147), (30, 108), (77, 125), (71, 143), (76, 99), (6, 144), (15, 95), (40, 94), (58, 136), (17, 132), (27, 130), (102, 145), (44, 64), (32, 129), (73, 106), (65, 68), (55, 97), (96, 135), (31, 63), (93, 105)}
Згенероване вершинне покриття (C): [0, 1, 2, 4, 5, 6, 7, 8, 9, 10, 11, 12, 13, 14, 15, 16, 17, 18, 19, 20, 22, 23, 24, 25, 26, 27, 28, 29, 30, 31, 32, 33, 34, 35, 36, 37, 38, 40, 41, 42, 43, 44, 45, 46, 47, 48, 49, 50, 51, 52, 54, 55, 56, 58, 59, 61, 62, 63, 64, 65, 67, 68, 69, 70, 71, 72, 73, 74, 75, 76, 77, 78, 79, 80, 81, 82, 83, 84, 85, 86, 87, 88, 89, 90, 91, 92, 93, 94, 95, 96, 97, 98, 99, 100, 102, 103, 104, 105, 106, 107, 108, 109, 110, 112, 113, 114, 115, 116, 117, 119, 120, 121, 122, 123, 124, 125, 126, 127, 128, 129, 130, 131, 132, 133, 134, 135, 136, 137, 138, 139, 140, 141, 142, 143, 144, 145, 146, 147, 148, 149]

--- Генерація вершинного покриття (зі списку суміжності) ---
Знайдене максимальне парування (M): {(60, 108), (110, 118), (17, 46), (50, 55), (91, 105), (12, 138), (43, 52), (87, 92), (125, 146), (10, 18), (0, 79), (37, 42), (123, 130), (97, 117), (8, 94), (74, 88), (9, 35), (47, 58), (40, 129), (26, 148), (25, 95), (33, 102), (22, 132), (101, 143), (1, 45), (29, 31), (53, 89), (124, 140), (72, 90), (32, 63), (57, 114), (126, 137), (23, 36), (82, 119), (113, 128), (48, 62), (84, 116), (75, 147), (3, 39), (34, 106), (49, 131), (5, 100), (69, 109), (65, 96), (64, 134), (76, 99), (19, 111), (133, 136), (24, 104), (30, 120), (4, 16), (13, 107), (44, 61), (38, 103), (51, 66), (14, 142), (41, 71), (28, 135), (56, 145), (83, 141), (27, 81), (67, 93), (11, 70), (2, 73), (6, 122), (86, 115), (20, 112), (7, 121), (54, 59), (98, 144), (21, 68)}
Згенероване вершинне покриття (C): [0, 1, 2, 3, 4, 5, 6, 7, 8, 9, 10, 11, 12, 13, 14, 16, 17, 18, 19, 20, 21, 22, 23, 24, 25, 26, 27, 28, 29, 30, 31, 32, 33, 34, 35, 36, 37, 38, 39, 40, 41, 42, 43, 44, 45, 46, 47, 48, 49, 50, 51, 52, 53, 54, 55, 56, 57, 58, 59, 60, 61, 62, 63, 64, 65, 66, 67, 68, 69, 70, 71, 72, 73, 74, 75, 76, 79, 81, 82, 83, 84, 86, 87, 88, 89, 90, 91, 92, 93, 94, 95, 96, 97, 98, 99, 100, 101, 102, 103, 104, 105, 106, 107, 108, 109, 110, 111, 112, 113, 114, 115, 116, 117, 118, 119, 120, 121, 122, 123, 124, 125, 126, 128, 129, 130, 131, 132, 133, 134, 135, 136, 137, 138, 140, 141, 142, 143, 144, 145, 146, 147, 148]

--- Генерація вершинного покриття (зі списку суміжності) ---
Знайдене максимальне парування (M): {(35, 143), (20, 124), (73, 133), (91, 117), (41, 110), (7, 84), (15, 97), (63, 92), (69, 71), (98, 113), (8, 58), (27, 132), (103, 106), (38, 44), (9, 142), (21, 53), (59, 100), (140, 149), (75, 99), (68, 87), (45, 119), (14, 55), (46, 90), (76, 83), (17, 118), (96, 115), (50, 127), (5, 128), (47, 137), (23, 85), (4, 78), (18, 95), (3, 79), (19, 130), (67, 88), (48, 108), (22, 37), (28, 81), (57, 123), (62, 107), (31, 49), (42, 144), (64, 104), (26, 129), (111, 146), (2, 135), (6, 65), (29, 125), (43, 148), (36, 51), (16, 134), (13, 25), (39, 74), (56, 66), (72, 147), (34, 136), (102, 139), (116, 138), (89, 145), (24, 61), (33, 122), (80, 93), (12, 32), (94, 141), (0, 70), (1, 77), (40, 121), (52, 86), (11, 30), (109, 120), (60, 105)}
Згенероване вершинне покриття (C): [0, 1, 2, 3, 4, 5, 6, 7, 8, 9, 11, 12, 13, 14, 15, 16, 17, 18, 19, 20, 21, 22, 23, 24, 25, 26, 27, 28, 29, 30, 31, 32, 33, 34, 35, 36, 37, 38, 39, 40, 41, 42, 43, 44, 45, 46, 47, 48, 49, 50, 51, 52, 53, 55, 56, 57, 58, 59, 60, 61, 62, 63, 64, 65, 66, 67, 68, 69, 70, 71, 72, 73, 74, 75, 76, 77, 78, 79, 80, 81, 83, 84, 85, 86, 87, 88, 89, 90, 91, 92, 93, 94, 95, 96, 97, 98, 99, 100, 102, 103, 104, 105, 106, 107, 108, 109, 110, 111, 113, 115, 116, 117, 118, 119, 120, 121, 122, 123, 124, 125, 127, 128, 129, 130, 132, 133, 134, 135, 136, 137, 138, 139, 140, 141, 142, 143, 144, 145, 146, 147, 148, 149]

--- Генерація вершинного покриття (зі списку суміжності) ---
Знайдене максимальне парування (M): {(4, 61), (103, 140), (85, 110), (3, 7), (12, 74), (56, 141), (21, 83), (42, 115), (72, 88), (2, 48), (37, 131), (29, 38), (19, 122), (99, 124), (46, 54), (20, 93), (135, 138), (57, 121), (114, 118), (70, 91), (43, 137), (22, 105), (112, 133), (58, 107), (14, 52), (28, 45), (26, 148), (10, 36), (102, 116), (11, 96), (8, 39), (35, 44), (75, 120), (65, 109), (27, 128), (0, 1), (18, 49), (66, 68), (101, 123), (32, 136), (97, 104), (84, 113), (17, 145), (80, 94), (30, 90), (76, 81), (33, 147), (6, 13), (53, 64), (86, 125), (117, 143), (23, 130), (16, 146), (79, 95), (55, 73), (67, 69), (25, 100), (40, 149), (60, 127), (34, 142), (82, 106), (5, 139), (59, 77), (92, 144), (41, 71), (24, 119), (9, 15), (50, 89), (51, 78), (63, 132), (47, 111), (87, 129)}
Згенероване вершинне покриття (C): [0, 1, 2, 3, 4, 5, 6, 7, 8, 9, 10, 11, 12, 13, 14, 15, 16, 17, 18, 19, 20, 21, 22, 23, 24, 25, 26, 27, 28, 29, 30, 32, 33, 34, 35, 36, 37, 38, 39, 40, 41, 42, 43, 44, 45, 46, 47, 48, 49, 50, 51, 52, 53, 54, 55, 56, 57, 58, 59, 60, 61, 63, 64, 65, 66, 67, 68, 69, 70, 71, 72, 73, 74, 75, 76, 77, 78, 79, 80, 81, 82, 83, 84, 85, 86, 87, 88, 89, 90, 91, 92, 93, 94, 95, 96, 97, 99, 100, 101, 102, 103, 104, 105, 106, 107, 109, 110, 111, 112, 113, 114, 115, 116, 117, 118, 119, 120, 121, 122, 123, 124, 125, 127, 128, 129, 130, 131, 132, 133, 135, 136, 137, 138, 139, 140, 141, 142, 143, 144, 145, 146, 147, 148, 149]

--- Генерація вершинного покриття (зі списку суміжності) ---
Знайдене максимальне парування (M): {(63, 129), (64, 112), (13, 149), (41, 104), (68, 88), (16, 75), (101, 103), (62, 145), (89, 138), (31, 90), (28, 70), (25, 59), (43, 119), (135, 141), (65, 131), (71, 114), (22, 38), (76, 79), (27, 86), (34, 49), (91, 95), (77, 109), (55, 108), (32, 143), (0, 148), (26, 136), (36, 116), (19, 45), (74, 106), (4, 5), (111, 134), (18, 92), (3, 67), (6, 99), (87, 94), (56, 85), (10, 121), (30, 69), (82, 107), (126, 140), (57, 120), (7, 52), (1, 60), (15, 117), (23, 100), (44, 80), (35, 144), (24, 83), (40, 73), (132, 147), (29, 137), (20, 128), (54, 78), (2, 98), (21, 142), (47, 130), (12, 72), (51, 124), (133, 139), (11, 61), (46, 113), (33, 122), (39, 58), (14, 93), (48, 125), (84, 118), (9, 146), (8, 37), (42, 97)}
Згенероване вершинне покриття (C): [0, 1, 2, 3, 4, 5, 6, 7, 8, 9, 10, 11, 12, 13, 14, 15, 16, 18, 19, 20, 21, 22, 23, 24, 25, 26, 27, 28, 29, 30, 31, 32, 33, 34, 35, 36, 37, 38, 39, 40, 41, 42, 43, 44, 45, 46, 47, 48, 49, 51, 52, 54, 55, 56, 57, 58, 59, 60, 61, 62, 63, 64, 65, 67, 68, 69, 70, 71, 72, 73, 74, 75, 76, 77, 78, 79, 80, 82, 83, 84, 85, 86, 87, 88, 89, 90, 91, 92, 93, 94, 95, 97, 98, 99, 100, 101, 103, 104, 106, 107, 108, 109, 111, 112, 113, 114, 116, 117, 118, 119, 120, 121, 122, 124, 125, 126, 128, 129, 130, 131, 132, 133, 134, 135, 136, 137, 138, 139, 140, 141, 142, 143, 144, 145, 146, 147, 148, 149]

--- Генерація вершинного покриття (зі списку суміжності) ---
Знайдене максимальне парування (M): {(137, 139), (3, 68), (81, 100), (42, 57), (86, 142), (48, 97), (14, 132), (19, 125), (43, 107), (6, 36), (38, 108), (59, 73), (58, 138), (56, 92), (50, 82), (29, 102), (90, 118), (83, 101), (4, 140), (65, 70), (40, 41), (20, 105), (33, 72), (89, 104), (1, 12), (21, 116), (34, 49), (74, 149), (26, 75), (30, 91), (28, 45), (55, 114), (119, 129), (136, 145), (61, 66), (88, 117), (22, 144), (39, 93), (85, 127), (69, 143), (62, 98), (11, 126), (9, 13), (44, 71), (51, 79), (76, 130), (111, 112), (35, 135), (10, 87), (67, 115), (134, 146), (54, 121), (52, 99), (32, 96), (0, 37), (5, 63), (110, 128), (25, 106), (7, 27), (120, 148), (53, 94), (16, 109), (84, 103), (17, 80), (8, 147), (23, 47), (15, 64), (24, 131), (113, 133), (18, 124), (122, 141)}
Згенероване вершинне покриття (C): [0, 1, 3, 4, 5, 6, 7, 8, 9, 10, 11, 12, 13, 14, 15, 16, 17, 18, 19, 20, 21, 22, 23, 24, 25, 26, 27, 28, 29, 30, 32, 33, 34, 35, 36, 37, 38, 39, 40, 41, 42, 43, 44, 45, 47, 48, 49, 50, 51, 52, 53, 54, 55, 56, 57, 58, 59, 61, 62, 63, 64, 65, 66, 67, 68, 69, 70, 71, 72, 73, 74, 75, 76, 79, 80, 81, 82, 83, 84, 85, 86, 87, 88, 89, 90, 91, 92, 93, 94, 96, 97, 98, 99, 100, 101, 102, 103, 104, 105, 106, 107, 108, 109, 110, 111, 112, 113, 114, 115, 116, 117, 118, 119, 120, 121, 122, 124, 125, 126, 127, 128, 129, 130, 131, 132, 133, 134, 135, 136, 137, 138, 139, 140, 141, 142, 143, 144, 145, 146, 147, 148, 149]

--- Генерація вершинного покриття (зі списку суміжності) ---
Знайдене максимальне парування (M): {(20, 130), (27, 50), (48, 91), (18, 81), (4, 122), (43, 58), (90, 112), (6, 97), (44, 63), (30, 70), (72, 103), (53, 93), (7, 111), (66, 75), (28, 149), (0, 11), (10, 25), (67, 104), (14, 49), (16, 135), (19, 33), (60, 110), (68, 145), (24, 96), (21, 131), (12, 128), (86, 138), (71, 83), (74, 109), (29, 89), (142, 143), (1, 106), (9, 62), (31, 92), (94, 136), (36, 82), (45, 85), (59, 87), (98, 127), (22, 37), (38, 61), (126, 146), (57, 77), (107, 148), (34, 115), (8, 35), (88, 147), (46, 144), (41, 105), (13, 101), (102, 121), (17, 117), (78, 133), (55, 137), (42, 125), (5, 69), (47, 139), (76, 120), (23, 84), (54, 99), (40, 51), (26, 116), (32, 132), (2, 3), (39, 52), (79, 134), (95, 124), (64, 118), (123, 140)}
Згенероване вершинне покриття (C): [0, 1, 2, 3, 4, 5, 6, 7, 8, 9, 10, 11, 12, 13, 14, 16, 17, 18, 19, 20, 21, 22, 23, 24, 25, 26, 27, 28, 29, 30, 31, 32, 33, 34, 35, 36, 37, 38, 39, 40, 41, 42, 43, 44, 45, 46, 47, 48, 49, 50, 51, 52, 53, 54, 55, 57, 58, 59, 60, 61, 62, 63, 64, 66, 67, 68, 69, 70, 71, 72, 74, 75, 76, 77, 78, 79, 81, 82, 83, 84, 85, 86, 87, 88, 89, 90, 91, 92, 93, 94, 95, 96, 97, 98, 99, 101, 102, 103, 104, 105, 106, 107, 109, 110, 111, 112, 115, 116, 117, 118, 120, 121, 122, 123, 124, 125, 126, 127, 128, 130, 131, 132, 133, 134, 135, 136, 137, 138, 139, 140, 142, 143, 144, 145, 146, 147, 148, 149]

--- Генерація вершинного покриття (зі списку суміжності) ---
Знайдене максимальне парування (M): {(60, 108), (55, 57), (15, 79), (29, 72), (117, 133), (78, 132), (9, 121), (76, 119), (86, 93), (46, 48), (42, 127), (33, 124), (65, 70), (25, 56), (0, 14), (81, 118), (35, 75), (59, 100), (19, 94), (12, 113), (62, 68), (71, 77), (97, 126), (58, 107), (115, 141), (40, 123), (28, 54), (114, 148), (36, 64), (2, 96), (80, 131), (110, 138), (139, 144), (87, 91), (111, 143), (16, 49), (39, 99), (6, 44), (116, 136), (27, 146), (51, 82), (112, 129), (17, 101), (30, 32), (4, 41), (61, 102), (7, 73), (74, 105), (106, 137), (45, 69), (88, 104), (83, 120), (3, 5), (1, 47), (67, 84), (34, 142), (53, 85), (22, 24), (135, 145), (23, 90), (18, 109), (66, 128), (38, 63), (13, 122), (37, 95), (52, 89), (103, 125), (26, 134), (8, 31), (11, 149), (43, 147), (10, 92)}
Згенероване вершинне покриття (C): [0, 1, 2, 3, 4, 5, 6, 7, 8, 9, 10, 11, 12, 13, 14, 15, 16, 17, 18, 19, 22, 23, 24, 25, 26, 27, 28, 29, 30, 31, 32, 33, 34, 35, 36, 37, 38, 39, 40, 41, 42, 43, 44, 45, 46, 47, 48, 49, 51, 52, 53, 54, 55, 56, 57, 58, 59, 60, 61, 62, 63, 64, 65, 66, 67, 68, 69, 70, 71, 72, 73, 74, 75, 76, 77, 78, 79, 80, 81, 82, 83, 84, 85, 86, 87, 88, 89, 90, 91, 92, 93, 94, 95, 96, 97, 99, 100, 101, 102, 103, 104, 105, 106, 107, 108, 109, 110, 111, 112, 113, 114, 115, 116, 117, 118, 119, 120, 121, 122, 123, 124, 125, 126, 127, 128, 129, 131, 132, 133, 134, 135, 136, 137, 138, 139, 141, 142, 143, 144, 145, 146, 147, 148, 149]

--- Генерація вершинного покриття (зі списку суміжності) ---
Знайдене максимальне парування (M): {(38, 81), (40, 72), (24, 91), (27, 59), (96, 107), (5, 126), (29, 32), (112, 115), (49, 111), (1, 61), (90, 118), (34, 37), (86, 102), (9, 142), (74, 76), (58, 98), (50, 149), (132, 139), (21, 116), (47, 104), (113, 141), (62, 68), (103, 136), (64, 65), (45, 55), (25, 147), (106, 138), (13, 84), (43, 97), (117, 135), (10, 100), (33, 108), (18, 83), (73, 144), (99, 140), (124, 131), (31, 127), (56, 137), (36, 82), (51, 70), (2, 53), (14, 143), (15, 120), (11, 80), (48, 123), (20, 52), (94, 145), (85, 87), (12, 57), (7, 63), (39, 119), (6, 16), (89, 121), (26, 28), (19, 105), (3, 60), (109, 133), (23, 75), (79, 101), (44, 110), (42, 125), (17, 71), (130, 134), (66, 128), (114, 122), (69, 93), (8, 92), (0, 88), (41, 95)}
Згенероване вершинне покриття (C): [0, 1, 2, 3, 5, 6, 7, 8, 9, 10, 11, 12, 13, 14, 15, 16, 17, 18, 19, 20, 21, 23, 24, 25, 26, 27, 28, 29, 31, 32, 33, 34, 36, 37, 38, 39, 40, 41, 42, 43, 44, 45, 47, 48, 49, 50, 51, 52, 53, 55, 56, 57, 58, 59, 60, 61, 62, 63, 64, 65, 66, 68, 69, 70, 71, 72, 73, 74, 75, 76, 79, 80, 81, 82, 83, 84, 85, 86, 87, 88, 89, 90, 91, 92, 93, 94, 95, 96, 97, 98, 99, 100, 101, 102, 103, 104, 105, 106, 107, 108, 109, 110, 111, 112, 113, 114, 115, 116, 117, 118, 119, 120, 121, 122, 123, 124, 125, 126, 127, 128, 130, 131, 132, 133, 134, 135, 136, 137, 138, 139, 140, 141, 142, 143, 144, 145, 147, 149]

--- Генерація вершинного покриття (зі списку суміжності) ---
Знайдене максимальне парування (M): {(110, 124), (93, 114), (71, 142), (3, 4), (58, 103), (26, 88), (41, 55), (25, 105), (34, 138), (47, 135), (37, 70), (59, 137), (6, 42), (10, 67), (91, 147), (61, 106), (65, 94), (82, 144), (13, 32), (15, 29), (24, 44), (51, 113), (73, 89), (49, 92), (20, 22), (63, 85), (69, 79), (87, 149), (7, 101), (52, 127), (111, 146), (118, 133), (35, 50), (68, 120), (8, 75), (16, 116), (107, 139), (57, 77), (123, 132), (18, 64), (2, 19), (78, 115), (0, 141), (102, 112), (14, 109), (36, 48), (28, 99), (119, 125), (76, 96), (1, 90), (33, 40), (95, 143), (11, 104), (39, 148), (23, 72), (81, 98), (86, 140), (83, 129), (43, 117), (12, 17), (27, 66), (74, 126), (53, 97), (9, 131), (130, 134), (5, 136), (30, 80), (31, 45), (38, 121), (60, 145), (100, 108), (21, 62)}
Згенероване вершинне покриття (C): [0, 1, 2, 3, 4, 5, 6, 7, 8, 9, 10, 11, 12, 13, 14, 15, 16, 17, 18, 19, 20, 21, 22, 23, 24, 25, 26, 27, 28, 29, 30, 31, 32, 33, 34, 35, 36, 37, 38, 39, 40, 41, 42, 43, 44, 45, 47, 48, 49, 50, 51, 52, 53, 55, 57, 58, 59, 60, 61, 62, 63, 64, 65, 66, 67, 68, 69, 70, 71, 72, 73, 74, 75, 76, 77, 78, 79, 80, 81, 82, 83, 85, 86, 87, 88, 89, 90, 91, 92, 93, 94, 95, 96, 97, 98, 99, 100, 101, 102, 103, 104, 105, 106, 107, 108, 109, 110, 111, 112, 113, 114, 115, 116, 117, 118, 119, 120, 121, 123, 124, 125, 126, 127, 129, 130, 131, 132, 133, 134, 135, 136, 137, 138, 139, 140, 141, 142, 143, 144, 145, 146, 147, 148, 149]

--- Генерація вершинного покриття (зі списку суміжності) ---
Знайдене максимальне парування (M): {(102, 111), (32, 95), (68, 94), (27, 44), (11, 45), (69, 123), (43, 107), (29, 96), (18, 38), (49, 108), (51, 62), (53, 90), (55, 145), (16, 117), (48, 57), (13, 130), (41, 140), (71, 135), (58, 113), (112, 148), (110, 126), (74, 106), (99, 105), (5, 61), (12, 15), (7, 31), (40, 92), (59, 72), (80, 137), (3, 21), (144, 146), (64, 98), (129, 133), (83, 139), (17, 87), (75, 138), (52, 81), (115, 131), (25, 76), (14, 39), (1, 20), (63, 121), (6, 132), (47, 54), (35, 147), (9, 101), (86, 134), (28, 56), (82, 88), (60, 118), (19, 114), (23, 136), (42, 119), (8, 65), (36, 142), (37, 141), (34, 84), (91, 93), (46, 125), (66, 73), (103, 116), (33, 149), (79, 128), (0, 85), (26, 67), (10, 22), (109, 120), (97, 124), (50, 104), (2, 143)}
Згенероване вершинне покриття (C): [0, 1, 2, 3, 5, 6, 7, 8, 9, 10, 11, 12, 13, 14, 15, 16, 17, 18, 19, 20, 21, 22, 23, 25, 26, 27, 28, 29, 31, 32, 33, 34, 35, 36, 37, 38, 39, 40, 41, 42, 43, 44, 45, 46, 47, 48, 49, 50, 51, 52, 53, 54, 55, 56, 57, 58, 59, 60, 61, 62, 63, 64, 65, 66, 67, 68, 69, 71, 72, 73, 74, 75, 76, 79, 80, 81, 82, 83, 84, 85, 86, 87, 88, 90, 91, 92, 93, 94, 95, 96, 97, 98, 99, 101, 102, 103, 104, 105, 106, 107, 108, 109, 110, 111, 112, 113, 114, 115, 116, 117, 118, 119, 120, 121, 123, 124, 125, 126, 128, 129, 130, 131, 132, 133, 134, 135, 136, 137, 138, 139, 140, 141, 142, 143, 144, 145, 146, 147, 148, 149]

--- Генерація вершинного покриття (зі списку суміжності) ---
Знайдене максимальне парування (M): {(55, 57), (31, 124), (119, 121), (39, 79), (90, 94), (46, 91), (27, 65), (6, 143), (37, 67), (32, 113), (61, 64), (38, 102), (86, 145), (42, 69), (8, 76), (62, 111), (9, 136), (10, 12), (29, 120), (0, 17), (22, 47), (98, 137), (13, 139), (43, 85), (100, 107), (11, 84), (15, 72), (73, 132), (128, 129), (110, 126), (103, 148), (70, 127), (21, 24), (81, 99), (3, 131), (105, 130), (41, 75), (2, 7), (5, 30), (66, 77), (71, 125), (23, 54), (53, 116), (68, 144), (26, 74), (52, 93), (14, 112), (122, 142), (35, 147), (80, 118), (50, 56), (95, 146), (45, 133), (96, 117), (101, 104), (4, 19), (59, 138), (20, 97), (108, 134), (36, 87), (28, 83), (1, 123), (40, 115), (34, 44), (51, 78), (106, 109), (16, 63), (18, 60), (33, 88), (89, 114)}
Згенероване вершинне покриття (C): [0, 1, 2, 3, 4, 5, 6, 7, 8, 9, 10, 11, 12, 13, 14, 15, 16, 17, 18, 19, 20, 21, 22, 23, 24, 26, 27, 28, 29, 30, 31, 32, 33, 34, 35, 36, 37, 38, 39, 40, 41, 42, 43, 44, 45, 46, 47, 50, 51, 52, 53, 54, 55, 56, 57, 59, 60, 61, 62, 63, 64, 65, 66, 67, 68, 69, 70, 71, 72, 73, 74, 75, 76, 77, 78, 79, 80, 81, 83, 84, 85, 86, 87, 88, 89, 90, 91, 93, 94, 95, 96, 97, 98, 99, 100, 101, 102, 103, 104, 105, 106, 107, 108, 109, 110, 111, 112, 113, 114, 115, 116, 117, 118, 119, 120, 121, 122, 123, 124, 125, 126, 127, 128, 129, 130, 131, 132, 133, 134, 136, 137, 138, 139, 142, 143, 144, 145, 146, 147, 148]

--- Генерація вершинного покриття (зі списку суміжності) ---
Знайдене максимальне парування (M): {(67, 117), (6, 76), (1, 31), (15, 85), (33, 39), (37, 122), (16, 93), (26, 42), (34, 138), (23, 25), (40, 41), (90, 118), (106, 108), (2, 60), (82, 111), (17, 149), (68, 69), (71, 129), (49, 65), (79, 84), (44, 148), (81, 142), (9, 105), (21, 137), (89, 128), (19, 54), (107, 109), (55, 135), (86, 144), (102, 134), (27, 64), (87, 143), (3, 131), (92, 133), (52, 72), (8, 66), (29, 43), (116, 139), (112, 114), (46, 126), (14, 97), (101, 132), (18, 58), (5, 36), (13, 80), (57, 83), (32, 96), (51, 103), (38, 146), (78, 121), (120, 136), (56, 130), (12, 75), (35, 98), (50, 62), (11, 110), (53, 91), (30, 59), (24, 113), (22, 140), (0, 119), (45, 145), (94, 123), (4, 28), (88, 125), (104, 115), (7, 100), (10, 77), (61, 147), (70, 95), (20, 48)}
Згенероване вершинне покриття (C): [0, 1, 2, 3, 4, 5, 6, 7, 8, 9, 10, 11, 12, 13, 14, 15, 16, 17, 18, 19, 20, 21, 22, 23, 24, 25, 26, 27, 28, 29, 30, 31, 32, 33, 34, 35, 36, 37, 38, 39, 40, 41, 42, 43, 44, 45, 46, 48, 49, 50, 51, 52, 53, 54, 55, 56, 57, 58, 59, 60, 61, 62, 64, 65, 66, 67, 68, 69, 70, 71, 72, 75, 76, 77, 78, 79, 80, 81, 82, 83, 84, 85, 86, 87, 88, 89, 90, 91, 92, 93, 94, 95, 96, 97, 98, 100, 101, 102, 103, 104, 105, 106, 107, 108, 109, 110, 111, 112, 113, 114, 115, 116, 117, 118, 119, 120, 121, 122, 123, 125, 126, 128, 129, 130, 131, 132, 133, 134, 135, 136, 137, 138, 139, 140, 142, 143, 144, 145, 146, 147, 148, 149]

--- Генерація вершинного покриття (зі списку суміжності) ---
Знайдене максимальне парування (M): {(0, 30), (62, 133), (28, 107), (117, 139), (17, 61), (8, 110), (31, 142), (46, 100), (108, 112), (65, 113), (32, 58), (7, 102), (14, 89), (11, 130), (52, 131), (59, 149), (84, 111), (60, 83), (24, 124), (81, 121), (95, 120), (48, 72), (13, 78), (109, 116), (3, 43), (66, 87), (77, 114), (2, 29), (9, 105), (15, 26), (45, 128), (54, 137), (63, 85), (97, 135), (35, 44), (36, 134), (34, 82), (73, 92), (5, 67), (39, 93), (25, 55), (40, 104), (47, 88), (1, 136), (42, 141), (101, 138), (20, 122), (69, 106), (27, 103), (33, 86), (16, 146), (38, 94), (19, 50), (56, 75), (64, 140), (22, 76), (21, 145), (4, 129), (53, 91), (37, 144), (10, 123), (71, 115), (12, 99), (80, 90), (68, 70), (126, 148), (23, 41), (127, 147), (132, 143), (6, 125), (74, 98), (57, 79)}
Згенероване вершинне покриття (C): [0, 1, 2, 3, 4, 5, 6, 7, 8, 9, 10, 11, 12, 13, 14, 15, 16, 17, 19, 20, 21, 22, 23, 24, 25, 26, 27, 28, 29, 30, 31, 32, 33, 34, 35, 36, 37, 38, 39, 40, 41, 42, 43, 44, 45, 46, 47, 48, 50, 52, 53, 54, 55, 56, 57, 58, 59, 60, 61, 62, 63, 64, 65, 66, 67, 68, 69, 70, 71, 72, 73, 74, 75, 76, 77, 78, 79, 80, 81, 82, 83, 84, 85, 86, 87, 88, 89, 90, 91, 92, 93, 94, 95, 97, 98, 99, 100, 101, 102, 103, 104, 105, 106, 107, 108, 109, 110, 111, 112, 113, 114, 115, 116, 117, 120, 121, 122, 123, 124, 125, 126, 127, 128, 129, 130, 131, 132, 133, 134, 135, 136, 137, 138, 139, 140, 141, 142, 143, 144, 145, 146, 147, 148, 149]

--- Генерація вершинного покриття (зі списку суміжності) ---
Знайдене максимальне парування (M): {(6, 140), (18, 81), (4, 131), (52, 119), (68, 109), (125, 137), (10, 61), (48, 100), (85, 134), (97, 99), (23, 95), (7, 50), (1, 64), (5, 147), (78, 110), (21, 116), (74, 91), (70, 106), (115, 132), (13, 133), (66, 145), (0, 90), (113, 144), (98, 149), (114, 139), (29, 135), (2, 93), (8, 112), (14, 73), (25, 101), (9, 123), (65, 118), (79, 117), (36, 82), (38, 46), (22, 31), (28, 136), (39, 53), (47, 94), (76, 130), (103, 120), (20, 107), (17, 148), (16, 122), (63, 121), (42, 89), (55, 58), (54, 127), (34, 57), (26, 141), (27, 51), (83, 108), (56, 60), (32, 44), (72, 86), (37, 62), (33, 49), (77, 128), (45, 105), (24, 104), (40, 88), (69, 75), (12, 87), (111, 142), (15, 43), (143, 146), (96, 126), (3, 84), (59, 92), (41, 138), (71, 124)}
Згенероване вершинне покриття (C): [0, 1, 2, 3, 4, 5, 6, 7, 8, 9, 10, 12, 13, 14, 15, 16, 17, 18, 20, 21, 22, 23, 24, 25, 26, 27, 28, 29, 31, 32, 33, 34, 36, 37, 38, 39, 40, 41, 42, 43, 44, 45, 46, 47, 48, 49, 50, 51, 52, 53, 54, 55, 56, 57, 58, 59, 60, 61, 62, 63, 64, 65, 66, 68, 69, 70, 71, 72, 73, 74, 75, 76, 77, 78, 79, 81, 82, 83, 84, 85, 86, 87, 88, 89, 90, 91, 92, 93, 94, 95, 96, 97, 98, 99, 100, 101, 103, 104, 105, 106, 107, 108, 109, 110, 111, 112, 113, 114, 115, 116, 117, 118, 119, 120, 121, 122, 123, 124, 125, 126, 127, 128, 130, 131, 132, 133, 134, 135, 136, 137, 138, 139, 140, 141, 142, 143, 144, 145, 146, 147, 148, 149]

--- Генерація вершинного покриття (зі списку суміжності) ---
Знайдене максимальне парування (M): {(35, 143), (31, 124), (10, 86), (45, 77), (28, 119), (142, 144), (84, 96), (5, 126), (47, 141), (48, 106), (83, 134), (20, 93), (74, 128), (8, 12), (103, 109), (61, 82), (46, 66), (58, 98), (11, 72), (19, 79), (18, 59), (39, 57), (54, 110), (50, 91), (137, 138), (26, 78), (1, 88), (32, 42), (21, 76), (6, 81), (17, 121), (13, 102), (25, 101), (70, 139), (100, 140), (133, 149), (7, 55), (49, 67), (16, 73), (37, 44), (9, 104), (92, 114), (90, 147), (120, 130), (115, 146), (41, 111), (85, 117), (0, 113), (14, 69), (27, 63), (43, 53), (60, 127), (4, 71), (62, 97), (56, 145), (15, 107), (23, 148), (112, 116), (30, 135), (65, 68), (108, 131), (34, 99), (40, 118), (3, 38), (52, 89), (22, 51), (36, 105), (2, 24), (29, 75)}
Згенероване вершинне покриття (C): [0, 1, 2, 3, 4, 5, 6, 7, 8, 9, 10, 11, 12, 13, 14, 15, 16, 17, 18, 19, 20, 21, 22, 23, 24, 25, 26, 27, 28, 29, 30, 31, 32, 34, 35, 36, 37, 38, 39, 40, 41, 42, 43, 44, 45, 46, 47, 48, 49, 50, 51, 52, 53, 54, 55, 56, 57, 58, 59, 60, 61, 62, 63, 65, 66, 67, 68, 69, 70, 71, 72, 73, 74, 75, 76, 77, 78, 79, 81, 82, 83, 84, 85, 86, 88, 89, 90, 91, 92, 93, 96, 97, 98, 99, 100, 101, 102, 103, 104, 105, 106, 107, 108, 109, 110, 111, 112, 113, 114, 115, 116, 117, 118, 119, 120, 121, 124, 126, 127, 128, 130, 131, 133, 134, 135, 137, 138, 139, 140, 141, 142, 143, 144, 145, 146, 147, 148, 149]

--- Генерація вершинного покриття (зі списку суміжності) ---
Знайдене максимальне парування (M): {(102, 120), (61, 122), (0, 103), (62, 87), (56, 135), (69, 71), (64, 145), (80, 144), (75, 78), (88, 130), (86, 108), (63, 110), (3, 101), (32, 137), (2, 11), (9, 23), (27, 38), (20, 53), (29, 68), (76, 85), (28, 100), (132, 148), (31, 117), (107, 149), (4, 115), (22, 129), (33, 96), (16, 92), (8, 54), (14, 73), (1, 51), (44, 114), (26, 47), (6, 111), (41, 136), (7, 116), (60, 94), (19, 90), (35, 74), (21, 57), (42, 89), (10, 81), (5, 106), (113, 140), (18, 131), (12, 121), (109, 118), (83, 105), (45, 127), (82, 146), (55, 119), (36, 66), (97, 143), (34, 139), (40, 91), (50, 126), (72, 98), (48, 49), (39, 46), (70, 138), (30, 65), (59, 141), (125, 147), (67, 99), (43, 77), (13, 128), (79, 134), (84, 124), (37, 104), (25, 142)}
Згенероване вершинне покриття (C): [0, 1, 2, 3, 4, 5, 6, 7, 8, 9, 10, 11, 12, 13, 14, 16, 18, 19, 20, 21, 22, 23, 25, 26, 27, 28, 29, 30, 31, 32, 33, 34, 35, 36, 37, 38, 39, 40, 41, 42, 43, 44, 45, 46, 47, 48, 49, 50, 51, 53, 54, 55, 56, 57, 59, 60, 61, 62, 63, 64, 65, 66, 67, 68, 69, 70, 71, 72, 73, 74, 75, 76, 77, 78, 79, 80, 81, 82, 83, 84, 85, 86, 87, 88, 89, 90, 91, 92, 94, 96, 97, 98, 99, 100, 101, 102, 103, 104, 105, 106, 107, 108, 109, 110, 111, 113, 114, 115, 116, 117, 118, 119, 120, 121, 122, 124, 125, 126, 127, 128, 129, 130, 131, 132, 134, 135, 136, 137, 138, 139, 140, 141, 142, 143, 144, 145, 146, 147, 148, 149]

--- Генерація вершинного покриття (зі списку суміжності) ---
Знайдене максимальне парування (M): {(93, 114), (67, 129), (81, 85), (28, 116), (52, 58), (12, 13), (47, 71), (5, 7), (45, 138), (18, 32), (19, 119), (68, 115), (133, 147), (66, 124), (65, 128), (83, 149), (74, 146), (0, 136), (53, 59), (88, 90), (16, 144), (103, 145), (76, 94), (92, 112), (21, 131), (20, 80), (27, 61), (15, 35), (38, 95), (8, 57), (29, 37), (73, 101), (2, 120), (50, 72), (51, 79), (106, 107), (78, 97), (31, 113), (75, 89), (9, 141), (140, 148), (24, 135), (70, 102), (54, 118), (30, 99), (64, 125), (10, 96), (33, 40), (4, 104), (36, 121), (41, 111), (86, 137), (11, 43), (60, 63), (139, 143), (26, 46), (49, 100), (77, 82), (126, 130), (98, 123), (14, 84), (17, 22), (23, 44), (48, 55), (87, 105), (6, 122), (109, 117), (62, 127), (69, 108), (1, 25), (39, 134)}
Згенероване вершинне покриття (C): [0, 1, 2, 4, 5, 6, 7, 8, 9, 10, 11, 12, 13, 14, 15, 16, 17, 18, 19, 20, 21, 22, 23, 24, 25, 26, 27, 28, 29, 30, 31, 32, 33, 35, 36, 37, 38, 39, 40, 41, 43, 44, 45, 46, 47, 48, 49, 50, 51, 52, 53, 54, 55, 57, 58, 59, 60, 61, 62, 63, 64, 65, 66, 67, 68, 69, 70, 71, 72, 73, 74, 75, 76, 77, 78, 79, 80, 81, 82, 83, 84, 85, 86, 87, 88, 89, 90, 92, 93, 94, 95, 96, 97, 98, 99, 100, 101, 102, 103, 104, 105, 106, 107, 108, 109, 111, 112, 113, 114, 115, 116, 117, 118, 119, 120, 121, 122, 123, 124, 125, 126, 127, 128, 129, 130, 131, 133, 134, 135, 136, 137, 138, 139, 140, 141, 143, 144, 145, 146, 147, 148, 149]

--- Генерація вершинного покриття (зі списку суміжності) ---
Знайдене максимальне парування (M): {(73, 133), (139, 142), (13, 100), (4, 134), (74, 119), (49, 105), (56, 147), (89, 92), (98, 125), (68, 121), (38, 59), (50, 146), (20, 111), (14, 34), (24, 69), (17, 36), (23, 52), (12, 110), (28, 106), (44, 96), (1, 79), (61, 109), (88, 93), (53, 77), (84, 138), (5, 55), (97, 141), (6, 145), (8, 118), (116, 127), (9, 62), (42, 123), (107, 124), (29, 95), (85, 130), (47, 91), (112, 120), (46, 129), (103, 114), (26, 65), (30, 81), (16, 122), (70, 108), (18, 67), (90, 144), (48, 80), (15, 25), (32, 35), (10, 99), (137, 143), (11, 104), (21, 72), (75, 113), (71, 94), (7, 149), (0, 43), (45, 78), (22, 27), (83, 126), (51, 66), (31, 39), (135, 148), (2, 3), (87, 117), (40, 57), (64, 115), (41, 86), (82, 136), (63, 132), (19, 101)}
Згенероване вершинне покриття (C): [0, 1, 2, 3, 4, 5, 6, 7, 8, 9, 10, 11, 12, 13, 14, 15, 16, 17, 18, 19, 20, 21, 22, 23, 24, 25, 26, 27, 28, 29, 30, 31, 32, 34, 35, 36, 38, 39, 40, 41, 42, 43, 44, 45, 46, 47, 48, 49, 50, 51, 52, 53, 55, 56, 57, 59, 61, 62, 63, 64, 65, 66, 67, 68, 69, 70, 71, 72, 73, 74, 75, 77, 78, 79, 80, 81, 82, 83, 84, 85, 86, 87, 88, 89, 90, 91, 92, 93, 94, 95, 96, 97, 98, 99, 100, 101, 103, 104, 105, 106, 107, 108, 109, 110, 111, 112, 113, 114, 115, 116, 117, 118, 119, 120, 121, 122, 123, 124, 125, 126, 127, 129, 130, 132, 133, 134, 135, 136, 137, 138, 139, 141, 142, 143, 144, 145, 146, 147, 148, 149]

--- Генерація вершинного покриття (зі списку суміжності) ---
Знайдене максимальне парування (M): {(71, 136), (2, 27), (1, 37), (44, 45), (82, 96), (8, 110), (24, 42), (0, 54), (14, 65), (63, 101), (51, 129), (77, 87), (46, 146), (13, 121), (103, 115), (49, 59), (43, 128), (36, 95), (131, 143), (74, 149), (84, 123), (33, 81), (28, 100), (113, 138), (56, 116), (29, 132), (76, 94), (21, 58), (23, 64), (3, 61), (107, 109), (90, 105), (5, 125), (4, 69), (38, 40), (9, 114), (99, 117), (52, 139), (48, 120), (6, 53), (62, 122), (30, 145), (75, 147), (68, 135), (70, 108), (20, 55), (10, 148), (19, 93), (17, 41), (32, 35), (15, 89), (80, 118), (34, 124), (47, 127), (22, 73), (72, 83), (18, 88), (67, 130), (111, 133), (25, 57), (31, 97), (102, 142), (98, 126), (85, 86), (7, 66), (11, 134), (140, 144), (39, 119), (112, 137), (50, 104)}
Згенероване вершинне покриття (C): [0, 1, 2, 3, 4, 5, 6, 7, 8, 9, 10, 11, 13, 14, 15, 17, 18, 19, 20, 21, 22, 23, 24, 25, 27, 28, 29, 30, 31, 32, 33, 34, 35, 36, 37, 38, 39, 40, 41, 42, 43, 44, 45, 46, 47, 48, 49, 50, 51, 52, 53, 54, 55, 56, 57, 58, 59, 61, 62, 63, 64, 65, 66, 67, 68, 69, 70, 71, 72, 73, 74, 75, 76, 77, 80, 81, 82, 83, 84, 85, 86, 87, 88, 89, 90, 93, 94, 95, 96, 97, 98, 99, 100, 101, 102, 103, 104, 105, 107, 108, 109, 110, 111, 112, 113, 114, 115, 116, 117, 118, 119, 120, 121, 122, 123, 124, 125, 126, 127, 128, 129, 130, 131, 132, 133, 134, 135, 136, 137, 138, 139, 140, 142, 143, 144, 145, 146, 147, 148, 149]

--- Генерація вершинного покриття (зі списку суміжності) ---
Знайдене максимальне парування (M): {(31, 130), (120, 132), (75, 103), (16, 35), (0, 48), (15, 97), (51, 59), (78, 138), (45, 144), (42, 66), (118, 125), (17, 70), (33, 60), (37, 85), (8, 73), (20, 44), (21, 104), (1, 52), (19, 82), (67, 110), (29, 123), (5, 101), (43, 91), (92, 115), (69, 113), (136, 139), (64, 77), (38, 147), (55, 126), (109, 137), (2, 102), (63, 94), (24, 41), (79, 108), (81, 105), (9, 56), (58, 76), (32, 57), (65, 121), (62, 124), (27, 30), (122, 127), (84, 116), (18, 119), (74, 148), (25, 143), (6, 10), (39, 135), (34, 133), (53, 140), (99, 107), (83, 129), (12, 142), (7, 36), (61, 71), (23, 90), (40, 106), (22, 149), (3, 145), (50, 89), (4, 95), (88, 134), (47, 93), (46, 128), (28, 86), (98, 141), (26, 131), (87, 117), (68, 146), (80, 111)}
Згенероване вершинне покриття (C): [0, 1, 2, 3, 4, 5, 6, 7, 8, 9, 10, 12, 15, 16, 17, 18, 19, 20, 21, 22, 23, 24, 25, 26, 27, 28, 29, 30, 31, 32, 33, 34, 35, 36, 37, 38, 39, 40, 41, 42, 43, 44, 45, 46, 47, 48, 50, 51, 52, 53, 55, 56, 57, 58, 59, 60, 61, 62, 63, 64, 65, 66, 67, 68, 69, 70, 71, 73, 74, 75, 76, 77, 78, 79, 80, 81, 82, 83, 84, 85, 86, 87, 88, 89, 90, 91, 92, 93, 94, 95, 97, 98, 99, 101, 102, 103, 104, 105, 106, 107, 108, 109, 110, 111, 113, 115, 116, 117, 118, 119, 120, 121, 122, 123, 124, 125, 126, 127, 128, 129, 130, 131, 132, 133, 134, 135, 136, 137, 138, 139, 140, 141, 142, 143, 144, 145, 146, 147, 148, 149]

--- Генерація вершинного покриття (зі списку суміжності) ---
Знайдене максимальне парування (M): {(77, 118), (25, 35), (71, 148), (3, 123), (42, 48), (32, 43), (53, 84), (47, 68), (60, 65), (66, 115), (4, 70), (33, 54), (133, 141), (24, 109), (17, 67), (95, 99), (56, 147), (6, 100), (9, 14), (13, 51), (21, 37), (74, 131), (7, 29), (19, 143), (101, 136), (46, 85), (28, 45), (18, 80), (89, 119), (11, 102), (1, 97), (75, 120), (15, 44), (16, 104), (12, 146), (93, 134), (58, 82), (52, 130), (59, 87), (106, 110), (23, 91), (5, 79), (98, 139), (69, 103), (126, 149), (0, 86), (122, 145), (39, 132), (83, 108), (22, 125), (8, 41), (57, 92), (116, 117), (34, 124), (105, 114), (10, 111), (50, 62), (2, 107), (90, 113), (127, 138), (36, 142), (27, 81), (88, 128), (38, 121), (26, 137), (96, 144), (20, 112), (31, 63), (49, 72), (30, 40)}
Згенероване вершинне покриття (C): [0, 1, 2, 3, 4, 5, 6, 7, 8, 9, 10, 11, 12, 13, 14, 15, 16, 17, 18, 19, 20, 21, 22, 23, 24, 25, 26, 27, 28, 29, 30, 31, 32, 33, 34, 35, 36, 37, 38, 39, 40, 41, 42, 43, 44, 45, 46, 47, 48, 49, 50, 51, 52, 53, 54, 56, 57, 58, 59, 60, 62, 63, 65, 66, 67, 68, 69, 70, 71, 72, 74, 75, 77, 79, 80, 81, 82, 83, 84, 85, 86, 87, 88, 89, 90, 91, 92, 93, 95, 96, 97, 98, 99, 100, 101, 102, 103, 104, 105, 106, 107, 108, 109, 110, 111, 112, 113, 114, 115, 116, 117, 118, 119, 120, 121, 122, 123, 124, 125, 126, 127, 128, 130, 131, 132, 133, 134, 136, 137, 138, 139, 141, 142, 143, 144, 145, 146, 147, 148, 149]

--- Генерація вершинного покриття (зі списку суміжності) ---
Знайдене максимальне парування (M): {(51, 108), (75, 103), (63, 77), (40, 87), (16, 32), (44, 109), (14, 65), (28, 67), (3, 13), (19, 70), (12, 22), (83, 131), (85, 134), (133, 147), (7, 120), (33, 78), (57, 69), (62, 114), (41, 79), (59, 106), (113, 141), (132, 148), (61, 100), (54, 128), (0, 99), (72, 81), (6, 17), (18, 25), (45, 146), (95, 101), (98, 124), (9, 10), (66, 129), (29, 49), (42, 135), (36, 149), (47, 88), (91, 143), (39, 50), (53, 107), (1, 136), (5, 94), (64, 125), (21, 130), (26, 138), (34, 60), (90, 92), (93, 115), (31, 82), (4, 68), (111, 142), (74, 123), (24, 116), (35, 122), (56, 96), (27, 84), (38, 112), (52, 126), (15, 55), (43, 71), (30, 80), (11, 137), (89, 102), (118, 144), (20, 48), (8, 86), (73, 121), (46, 76), (117, 127)}
Згенероване вершинне покриття (C): [0, 1, 3, 4, 5, 6, 7, 8, 9, 10, 11, 12, 13, 14, 15, 16, 17, 18, 19, 20, 21, 22, 24, 25, 26, 27, 28, 29, 30, 31, 32, 33, 34, 35, 36, 38, 39, 40, 41, 42, 43, 44, 45, 46, 47, 48, 49, 50, 51, 52, 53, 54, 55, 56, 57, 59, 60, 61, 62, 63, 64, 65, 66, 67, 68, 69, 70, 71, 72, 73, 74, 75, 76, 77, 78, 79, 80, 81, 82, 83, 84, 85, 86, 87, 88, 89, 90, 91, 92, 93, 94, 95, 96, 98, 99, 100, 101, 102, 103, 106, 107, 108, 109, 111, 112, 113, 114, 115, 116, 117, 118, 120, 121, 122, 123, 124, 125, 126, 127, 128, 129, 130, 131, 132, 133, 134, 135, 136, 137, 138, 141, 142, 143, 144, 146, 147, 148, 149]

--- Генерація вершинного покриття (зі списку суміжності) ---
Знайдене максимальне парування (M): {(39, 73), (29, 139), (71, 87), (67, 132), (7, 90), (28, 58), (83, 119), (54, 86), (46, 115), (38, 105), (5, 135), (8, 12), (112, 118), (96, 137), (40, 56), (75, 136), (52, 79), (114, 133), (41, 149), (16, 129), (57, 84), (11, 35), (17, 45), (19, 36), (10, 91), (128, 138), (80, 131), (9, 59), (49, 101), (117, 147), (50, 130), (26, 102), (85, 127), (34, 146), (124, 140), (13, 111), (64, 104), (72, 120), (48, 68), (33, 77), (6, 123), (55, 113), (97, 122), (21, 60), (15, 74), (23, 63), (24, 89), (1, 145), (14, 103), (43, 93), (30, 47), (20, 70), (4, 62), (2, 95), (76, 108), (27, 66), (110, 143), (61, 65), (51, 121), (0, 125), (3, 81), (22, 94), (88, 134), (53, 106), (126, 148), (31, 109), (32, 141), (107, 144), (92, 98), (25, 142), (18, 69)}
Згенероване вершинне покриття (C): [0, 1, 2, 3, 4, 5, 6, 7, 8, 9, 10, 11, 12, 13, 14, 15, 16, 17, 18, 19, 20, 21, 22, 23, 24, 25, 26, 27, 28, 29, 30, 31, 32, 33, 34, 35, 36, 38, 39, 40, 41, 43, 45, 46, 47, 48, 49, 50, 51, 52, 53, 54, 55, 56, 57, 58, 59, 60, 61, 62, 63, 64, 65, 66, 67, 68, 69, 70, 71, 72, 73, 74, 75, 76, 77, 79, 80, 81, 83, 84, 85, 86, 87, 88, 89, 90, 91, 92, 93, 94, 95, 96, 97, 98, 101, 102, 103, 104, 105, 106, 107, 108, 109, 110, 111, 112, 113, 114, 115, 117, 118, 119, 120, 121, 122, 123, 124, 125, 126, 127, 128, 129, 130, 131, 132, 133, 134, 135, 136, 137, 138, 139, 140, 141, 142, 143, 144, 145, 146, 147, 148, 149]

--- Генерація вершинного покриття (зі списку суміжності) ---
Знайдене максимальне парування (M): {(4, 116), (43, 98), (26, 79), (34, 62), (76, 101), (23, 132), (111, 138), (36, 126), (15, 45), (35, 112), (8, 67), (3, 28), (14, 92), (19, 82), (108, 148), (0, 75), (123, 136), (20, 114), (64, 117), (90, 139), (53, 59), (42, 93), (94, 100), (48, 78), (69, 113), (37, 51), (30, 39), (40, 74), (84, 135), (71, 80), (58, 70), (32, 109), (7, 31), (25, 46), (124, 140), (21, 27), (133, 146), (18, 52), (129, 145), (77, 107), (66, 83), (106, 125), (38, 131), (73, 128), (87, 127), (120, 121), (96, 99), (86, 134), (95, 143), (16, 91), (54, 142), (88, 110), (68, 104), (1, 105), (56, 81), (61, 65), (5, 130), (9, 12), (22, 33), (24, 119), (50, 144), (41, 141), (6, 49), (13, 137), (29, 60), (97, 118), (44, 149), (2, 85), (122, 147)}
Згенероване вершинне покриття (C): [0, 1, 2, 3, 4, 5, 6, 7, 8, 9, 12, 13, 14, 15, 16, 18, 19, 20, 21, 22, 23, 24, 25, 26, 27, 28, 29, 30, 31, 32, 33, 34, 35, 36, 37, 38, 39, 40, 41, 42, 43, 44, 45, 46, 48, 49, 50, 51, 52, 53, 54, 56, 58, 59, 60, 61, 62, 64, 65, 66, 67, 68, 69, 70, 71, 73, 74, 75, 76, 77, 78, 79, 80, 81, 82, 83, 84, 85, 86, 87, 88, 90, 91, 92, 93, 94, 95, 96, 97, 98, 99, 100, 101, 104, 105, 106, 107, 108, 109, 110, 111, 112, 113, 114, 116, 117, 118, 119, 120, 121, 122, 123, 124, 125, 126, 127, 128, 129, 130, 131, 132, 133, 134, 135, 136, 137, 138, 139, 140, 141, 142, 143, 144, 145, 146, 147, 148, 149]

--- Генерація вершинного покриття (зі списку суміжності) ---
Знайдене максимальне парування (M): {(26, 91), (84, 142), (24, 42), (41, 113), (22, 78), (17, 122), (93, 129), (141, 148), (49, 102), (43, 52), (7, 35), (69, 86), (46, 112), (127, 134), (96, 137), (15, 121), (39, 124), (1, 131), (66, 136), (36, 104), (92, 103), (25, 77), (32, 94), (55, 65), (34, 58), (73, 135), (90, 145), (12, 128), (89, 125), (28, 57), (45, 59), (3, 9), (33, 108), (6, 81), (64, 144), (14, 67), (99, 117), (118, 133), (48, 111), (11, 30), (8, 72), (88, 126), (38, 61), (21, 109), (44, 80), (40, 119), (20, 110), (47, 106), (56, 115), (2, 19), (60, 97), (27, 100), (37, 53), (71, 146), (98, 147), (75, 107), (83, 114), (79, 95), (29, 143), (23, 139), (54, 87), (105, 123), (50, 74), (18, 138), (76, 132), (10, 16), (31, 51), (62, 63), (13, 70), (4, 101), (0, 149), (68, 85)}
Згенероване вершинне покриття (C): [0, 1, 2, 3, 4, 6, 7, 8, 9, 10, 11, 12, 13, 14, 15, 16, 17, 18, 19, 20, 21, 22, 23, 24, 25, 26, 27, 28, 29, 30, 31, 32, 33, 34, 35, 36, 37, 38, 39, 40, 41, 42, 43, 44, 45, 46, 47, 48, 49, 50, 51, 52, 53, 54, 55, 56, 57, 58, 59, 60, 61, 62, 63, 64, 65, 66, 67, 68, 69, 70, 71, 72, 73, 74, 75, 76, 77, 78, 79, 80, 81, 83, 84, 85, 86, 87, 88, 89, 90, 91, 92, 93, 94, 95, 96, 97, 98, 99, 100, 101, 102, 103, 104, 105, 106, 107, 108, 109, 110, 111, 112, 113, 114, 115, 117, 118, 119, 121, 122, 123, 124, 125, 126, 127, 128, 129, 131, 132, 133, 134, 135, 136, 137, 138, 139, 141, 142, 143, 144, 145, 146, 147, 148, 149]

--- Генерація вершинного покриття (зі списку суміжності) ---
Знайдене максимальне парування (M): {(114, 137), (18, 72), (11, 36), (62, 133), (23, 65), (40, 142), (66, 106), (51, 117), (3, 132), (58, 77), (25, 111), (33, 57), (118, 125), (86, 90), (15, 109), (27, 74), (93, 141), (87, 110), (41, 82), (19, 79), (67, 104), (26, 84), (91, 119), (42, 149), (49, 92), (12, 70), (50, 121), (75, 120), (20, 28), (5, 128), (135, 140), (4, 17), (8, 124), (56, 143), (43, 63), (102, 146), (0, 71), (99, 126), (89, 97), (127, 148), (61, 145), (13, 123), (80, 103), (83, 96), (1, 14), (30, 35), (2, 144), (16, 76), (22, 116), (21, 60), (10, 31), (37, 59), (54, 139), (38, 94), (46, 101), (45, 130), (48, 95), (34, 78), (9, 64), (134, 138), (52, 68), (7, 100), (85, 129), (113, 115), (24, 55), (29, 112), (88, 131), (6, 122), (69, 105), (47, 108), (98, 147)}
Згенероване вершинне покриття (C): [0, 1, 2, 3, 4, 5, 6, 7, 8, 9, 10, 11, 12, 13, 14, 15, 16, 17, 18, 19, 20, 21, 22, 23, 24, 25, 26, 27, 28, 29, 30, 31, 33, 34, 35, 36, 37, 38, 40, 41, 42, 43, 45, 46, 47, 48, 49, 50, 51, 52, 54, 55, 56, 57, 58, 59, 60, 61, 62, 63, 64, 65, 66, 67, 68, 69, 70, 71, 72, 74, 75, 76, 77, 78, 79, 80, 82, 83, 84, 85, 86, 87, 88, 89, 90, 91, 92, 93, 94, 95, 96, 97, 98, 99, 100, 101, 102, 103, 104, 105, 106, 108, 109, 110, 111, 112, 113, 114, 115, 116, 117, 118, 119, 120, 121, 122, 123, 124, 125, 126, 127, 128, 129, 130, 131, 132, 133, 134, 135, 137, 138, 139, 140, 141, 142, 143, 144, 145, 146, 147, 148, 149]

--- Генерація вершинного покриття (зі списку суміжності) ---
Знайдене максимальне парування (M): {(56, 62), (1, 92), (15, 33), (2, 100), (21, 83), (8, 116), (57, 106), (53, 81), (34, 80), (41, 147), (42, 63), (0, 66), (94, 143), (43, 128), (61, 79), (28, 30), (45, 101), (16, 68), (32, 76), (65, 137), (73, 123), (74, 149), (78, 113), (6, 11), (69, 107), (27, 104), (88, 96), (46, 148), (4, 115), (71, 89), (49, 141), (5, 58), (14, 64), (75, 111), (84, 138), (7, 25), (35, 47), (10, 118), (24, 50), (19, 124), (31, 95), (18, 52), (85, 139), (112, 129), (86, 110), (87, 109), (91, 97), (70, 102), (90, 144), (122, 142), (72, 77), (39, 135), (37, 59), (17, 105), (23, 130), (20, 82), (117, 146), (60, 127), (26, 40), (99, 125), (93, 145), (3, 29), (55, 103), (67, 108), (13, 131), (54, 114), (22, 48), (38, 133), (12, 120), (136, 140)}
Згенероване вершинне покриття (C): [0, 1, 2, 3, 4, 5, 6, 7, 8, 10, 11, 12, 13, 14, 15, 16, 17, 18, 19, 20, 21, 22, 23, 24, 25, 26, 27, 28, 29, 30, 31, 32, 33, 34, 35, 37, 38, 39, 40, 41, 42, 43, 45, 46, 47, 48, 49, 50, 52, 53, 54, 55, 56, 57, 58, 59, 60, 61, 62, 63, 64, 65, 66, 67, 68, 69, 70, 71, 72, 73, 74, 75, 76, 77, 78, 79, 80, 81, 82, 83, 84, 85, 86, 87, 88, 89, 90, 91, 92, 93, 94, 95, 96, 97, 99, 100, 101, 102, 103, 104, 105, 106, 107, 108, 109, 110, 111, 112, 113, 114, 115, 116, 117, 118, 120, 122, 123, 124, 125, 127, 128, 129, 130, 131, 133, 135, 136, 137, 138, 139, 140, 141, 142, 143, 144, 145, 146, 147, 148, 149]

Середній час виконання: 0.0002097702 секунд
