
--- Генерація вершинного покриття (зі списку суміжності) ---
Знайдене максимальне парування (M): {(24, 42), (1, 46), (33, 48), (3, 16), (14, 34), (10, 15), (23, 49), (28, 36), (11, 29), (13, 35), (26, 32), (25, 40), (39, 41), (18, 43), (5, 21), (17, 20), (38, 45), (2, 9), (8, 22), (12, 44), (30, 31), (19, 37), (0, 27)}
Згенероване вершинне покриття (C): [0, 1, 2, 3, 5, 8, 9, 10, 11, 12, 13, 14, 15, 16, 17, 18, 19, 20, 21, 22, 23, 24, 25, 26, 27, 28, 29, 30, 31, 32, 33, 34, 35, 36, 37, 38, 39, 40, 41, 42, 43, 44, 45, 46, 48, 49]

--- Генерація вершинного покриття (зі списку суміжності) ---
Знайдене максимальне парування (M): {(24, 30), (42, 48), (11, 45), (8, 9), (14, 22), (5, 34), (13, 35), (15, 32), (2, 38), (21, 33), (4, 29), (18, 46), (0, 16), (3, 39), (37, 41), (28, 44), (7, 36), (20, 27), (6, 43), (23, 47), (17, 40), (1, 25), (10, 31)}
Згенероване вершинне покриття (C): [0, 1, 2, 3, 4, 5, 6, 7, 8, 9, 10, 11, 13, 14, 15, 16, 17, 18, 20, 21, 22, 23, 24, 25, 27, 28, 29, 30, 31, 32, 33, 34, 35, 36, 37, 38, 39, 40, 41, 42, 43, 44, 45, 46, 47, 48]

--- Генерація вершинного покриття (зі списку суміжності) ---
Знайдене максимальне парування (M): {(24, 36), (15, 39), (16, 47), (13, 48), (6, 45), (7, 44), (8, 27), (33, 35), (10, 42), (14, 21), (29, 46), (17, 26), (9, 19), (22, 40), (37, 41), (11, 31), (25, 30), (0, 43), (1, 4), (5, 20), (12, 38), (3, 32), (2, 18), (28, 34)}
Згенероване вершинне покриття (C): [0, 1, 2, 3, 4, 5, 6, 7, 8, 9, 10, 11, 12, 13, 14, 15, 16, 17, 18, 19, 20, 21, 22, 24, 25, 26, 27, 28, 29, 30, 31, 32, 33, 34, 35, 36, 37, 38, 39, 40, 41, 42, 43, 44, 45, 46, 47, 48]

--- Генерація вершинного покриття (зі списку суміжності) ---
Знайдене максимальне парування (M): {(24, 30), (35, 42), (3, 7), (1, 46), (14, 34), (28, 45), (11, 38), (15, 20), (13, 41), (23, 39), (5, 27), (6, 16), (32, 44), (0, 43), (18, 36), (26, 49), (31, 33), (4, 25), (40, 48), (9, 21), (2, 12), (10, 19), (8, 37)}
Згенероване вершинне покриття (C): [0, 1, 2, 3, 4, 5, 6, 7, 8, 9, 10, 11, 12, 13, 14, 15, 16, 18, 19, 20, 21, 23, 24, 25, 26, 27, 28, 30, 31, 32, 33, 34, 35, 36, 37, 38, 39, 40, 41, 42, 43, 44, 45, 46, 48, 49]

--- Генерація вершинного покриття (зі списку суміжності) ---
Знайдене максимальне парування (M): {(9, 39), (0, 36), (29, 32), (14, 37), (11, 23), (16, 19), (17, 48), (8, 45), (6, 26), (18, 25), (24, 41), (5, 21), (20, 43), (12, 42), (4, 47), (30, 31), (7, 15), (1, 35), (2, 40), (33, 49), (44, 46), (3, 38), (10, 22)}
Згенероване вершинне покриття (C): [0, 1, 2, 3, 4, 5, 6, 7, 8, 9, 10, 11, 12, 14, 15, 16, 17, 18, 19, 20, 21, 22, 23, 24, 25, 26, 29, 30, 31, 32, 33, 35, 36, 37, 38, 39, 40, 41, 42, 43, 44, 45, 46, 47, 48, 49]

--- Генерація вершинного покриття (зі списку суміжності) ---
Знайдене максимальне парування (M): {(7, 20), (13, 42), (26, 36), (12, 22), (21, 43), (1, 27), (15, 29), (2, 41), (4, 8), (16, 40), (5, 9), (19, 35), (10, 38), (6, 25), (0, 46), (28, 34), (31, 33), (39, 49), (18, 48), (23, 32), (11, 24), (14, 47), (30, 37)}
Згенероване вершинне покриття (C): [0, 1, 2, 4, 5, 6, 7, 8, 9, 10, 11, 12, 13, 14, 15, 16, 18, 19, 20, 21, 22, 23, 24, 25, 26, 27, 28, 29, 30, 31, 32, 33, 34, 35, 36, 37, 38, 39, 40, 41, 42, 43, 46, 47, 48, 49]

--- Генерація вершинного покриття (зі списку суміжності) ---
Знайдене максимальне парування (M): {(8, 49), (9, 42), (25, 38), (15, 33), (20, 23), (12, 16), (13, 45), (14, 34), (0, 29), (17, 39), (5, 46), (7, 19), (18, 28), (24, 47), (1, 11), (37, 41), (36, 48), (30, 44), (2, 40), (35, 43), (22, 27), (21, 32), (10, 31)}
Згенероване вершинне покриття (C): [0, 1, 2, 5, 7, 8, 9, 10, 11, 12, 13, 14, 15, 16, 17, 18, 19, 20, 21, 22, 23, 24, 25, 27, 28, 29, 30, 31, 32, 33, 34, 35, 36, 37, 38, 39, 40, 41, 42, 43, 44, 45, 46, 47, 48, 49]

--- Генерація вершинного покриття (зі списку суміжності) ---
Знайдене максимальне парування (M): {(9, 45), (13, 36), (15, 33), (6, 30), (22, 38), (25, 26), (2, 23), (7, 10), (11, 41), (35, 47), (31, 40), (0, 16), (34, 42), (4, 32), (19, 20), (1, 14), (3, 8), (24, 46), (48, 49), (21, 44), (17, 37), (28, 43)}
Згенероване вершинне покриття (C): [0, 1, 2, 3, 4, 6, 7, 8, 9, 10, 11, 13, 14, 15, 16, 17, 19, 20, 21, 22, 23, 24, 25, 26, 28, 30, 31, 32, 33, 34, 35, 36, 37, 38, 40, 41, 42, 43, 44, 45, 46, 47, 48, 49]

--- Генерація вершинного покриття (зі списку суміжності) ---
Знайдене максимальне парування (M): {(11, 39), (0, 45), (15, 33), (3, 16), (29, 41), (21, 46), (9, 23), (24, 26), (1, 27), (6, 17), (30, 48), (34, 36), (37, 44), (2, 31), (32, 38), (35, 49), (14, 20), (4, 28), (10, 13), (19, 22), (12, 47)}
Згенероване вершинне покриття (C): [0, 1, 2, 3, 4, 6, 9, 10, 11, 12, 13, 14, 15, 16, 17, 19, 20, 21, 22, 23, 24, 26, 27, 28, 29, 30, 31, 32, 33, 34, 35, 36, 37, 38, 39, 41, 44, 45, 46, 47, 48, 49]

--- Генерація вершинного покриття (зі списку суміжності) ---
Знайдене максимальне парування (M): {(1, 46), (16, 44), (39, 45), (19, 21), (9, 20), (15, 32), (35, 38), (6, 26), (43, 48), (24, 47), (5, 18), (0, 7), (27, 30), (3, 36), (11, 40), (23, 29), (8, 10), (22, 33), (4, 25), (31, 42), (2, 12), (14, 41), (28, 49)}
Згенероване вершинне покриття (C): [0, 1, 2, 3, 4, 5, 6, 7, 8, 9, 10, 11, 12, 14, 15, 16, 18, 19, 20, 21, 22, 23, 24, 25, 26, 27, 28, 29, 30, 31, 32, 33, 35, 36, 38, 39, 40, 41, 42, 43, 44, 45, 46, 47, 48, 49]

--- Генерація вершинного покриття (зі списку суміжності) ---
Знайдене максимальне парування (M): {(9, 42), (26, 30), (16, 29), (25, 38), (3, 13), (23, 37), (34, 43), (14, 40), (8, 33), (1, 15), (6, 11), (2, 41), (10, 48), (4, 35), (22, 46), (19, 44), (24, 28), (31, 39), (5, 20), (27, 32), (12, 47), (0, 18), (17, 49)}
Згенероване вершинне покриття (C): [0, 1, 2, 3, 4, 5, 6, 8, 9, 10, 11, 12, 13, 14, 15, 16, 17, 18, 19, 20, 22, 23, 24, 25, 26, 27, 28, 29, 30, 31, 32, 33, 34, 35, 37, 38, 39, 40, 41, 42, 43, 44, 46, 47, 48, 49]

--- Генерація вершинного покриття (зі списку суміжності) ---
Знайдене максимальне парування (M): {(16, 26), (15, 33), (35, 45), (3, 25), (40, 41), (2, 5), (31, 47), (4, 30), (10, 18), (0, 29), (14, 46), (32, 39), (7, 28), (1, 42), (17, 20), (34, 48), (11, 43), (6, 22), (8, 19), (36, 38), (9, 27), (13, 21)}
Згенероване вершинне покриття (C): [0, 1, 2, 3, 4, 5, 6, 7, 8, 9, 10, 11, 13, 14, 15, 16, 17, 18, 19, 20, 21, 22, 25, 26, 27, 28, 29, 30, 31, 32, 33, 34, 35, 36, 38, 39, 40, 41, 42, 43, 45, 46, 47, 48]

--- Генерація вершинного покриття (зі списку суміжності) ---
Знайдене максимальне парування (M): {(11, 39), (12, 13), (35, 45), (2, 20), (1, 48), (38, 46), (4, 26), (22, 40), (28, 41), (10, 29), (25, 33), (6, 19), (0, 37), (44, 49), (3, 8), (24, 43), (7, 42), (21, 32), (9, 15), (23, 47), (16, 17)}
Згенероване вершинне покриття (C): [0, 1, 2, 3, 4, 6, 7, 8, 9, 10, 11, 12, 13, 15, 16, 17, 19, 20, 21, 22, 23, 24, 25, 26, 28, 29, 32, 33, 35, 37, 38, 39, 40, 41, 42, 43, 44, 45, 46, 47, 48, 49]

--- Генерація вершинного покриття (зі списку суміжності) ---
Знайдене максимальне парування (M): {(6, 15), (35, 36), (44, 48), (37, 42), (1, 21), (25, 28), (18, 31), (3, 12), (4, 11), (39, 41), (29, 43), (23, 45), (5, 33), (0, 22), (13, 19), (30, 38), (2, 34), (24, 40), (9, 49), (32, 47), (26, 46), (8, 10), (16, 17)}
Згенероване вершинне покриття (C): [0, 1, 2, 3, 4, 5, 6, 8, 9, 10, 11, 12, 13, 15, 16, 17, 18, 19, 21, 22, 23, 24, 25, 26, 28, 29, 30, 31, 32, 33, 34, 35, 36, 37, 38, 39, 40, 41, 42, 43, 44, 45, 46, 47, 48, 49]

--- Генерація вершинного покриття (зі списку суміжності) ---
Знайдене максимальне парування (M): {(24, 39), (18, 44), (5, 28), (36, 37), (10, 33), (30, 45), (6, 17), (13, 32), (15, 35), (12, 42), (20, 43), (9, 25), (23, 48), (16, 21), (8, 38), (26, 40), (4, 31), (34, 47), (3, 41), (1, 19), (11, 27)}
Згенероване вершинне покриття (C): [1, 3, 4, 5, 6, 8, 9, 10, 11, 12, 13, 15, 16, 17, 18, 19, 20, 21, 23, 24, 25, 26, 27, 28, 30, 31, 32, 33, 34, 35, 36, 37, 38, 39, 40, 41, 42, 43, 44, 45, 47, 48]

--- Генерація вершинного покриття (зі списку суміжності) ---
Знайдене максимальне парування (M): {(2, 33), (32, 40), (3, 4), (25, 38), (43, 49), (13, 48), (34, 46), (6, 20), (18, 28), (12, 15), (21, 42), (9, 19), (10, 17), (14, 45), (11, 31), (8, 47), (1, 35), (0, 37), (16, 39), (7, 36), (22, 24), (23, 29), (5, 41)}
Згенероване вершинне покриття (C): [0, 1, 2, 3, 4, 5, 6, 7, 8, 9, 10, 11, 12, 13, 14, 15, 16, 17, 18, 19, 20, 21, 22, 23, 24, 25, 28, 29, 31, 32, 33, 34, 35, 36, 37, 38, 39, 40, 41, 42, 43, 45, 46, 47, 48, 49]

--- Генерація вершинного покриття (зі списку суміжності) ---
Знайдене максимальне парування (M): {(10, 34), (0, 45), (26, 33), (44, 48), (18, 32), (21, 49), (25, 28), (19, 42), (30, 36), (4, 5), (6, 35), (46, 47), (8, 11), (23, 27), (9, 22), (1, 29), (7, 24), (13, 40), (15, 31), (16, 39), (14, 20), (12, 38), (2, 3), (37, 43)}
Згенероване вершинне покриття (C): [0, 1, 2, 3, 4, 5, 6, 7, 8, 9, 10, 11, 12, 13, 14, 15, 16, 18, 19, 20, 21, 22, 23, 24, 25, 26, 27, 28, 29, 30, 31, 32, 33, 34, 35, 36, 37, 38, 39, 40, 42, 43, 44, 45, 46, 47, 48, 49]

--- Генерація вершинного покриття (зі списку суміжності) ---
Знайдене максимальне парування (M): {(16, 20), (3, 10), (21, 40), (12, 31), (5, 22), (2, 14), (37, 39), (27, 43), (24, 38), (15, 35), (13, 47), (6, 29), (26, 44), (7, 34), (23, 30), (11, 19), (25, 42), (18, 33), (48, 49), (8, 28), (4, 46), (9, 36)}
Згенероване вершинне покриття (C): [2, 3, 4, 5, 6, 7, 8, 9, 10, 11, 12, 13, 14, 15, 16, 18, 19, 20, 21, 22, 23, 24, 25, 26, 27, 28, 29, 30, 31, 33, 34, 35, 36, 37, 38, 39, 40, 42, 43, 44, 46, 47, 48, 49]

--- Генерація вершинного покриття (зі списку суміжності) ---
Знайдене максимальне парування (M): {(6, 24), (10, 18), (2, 8), (12, 49), (27, 37), (9, 35), (15, 32), (43, 45), (4, 14), (13, 41), (7, 40), (21, 42), (5, 39), (11, 22), (30, 38), (16, 36), (26, 34), (29, 33), (25, 48), (17, 31), (3, 47), (1, 19)}
Згенероване вершинне покриття (C): [1, 2, 3, 4, 5, 6, 7, 8, 9, 10, 11, 12, 13, 14, 15, 16, 17, 18, 19, 21, 22, 24, 25, 26, 27, 29, 30, 31, 32, 33, 34, 35, 36, 37, 38, 39, 40, 41, 42, 43, 45, 47, 48, 49]

--- Генерація вершинного покриття (зі списку суміжності) ---
Знайдене максимальне парування (M): {(19, 49), (16, 38), (29, 47), (39, 48), (5, 37), (17, 42), (1, 15), (2, 35), (23, 27), (0, 28), (3, 45), (10, 32), (18, 21), (6, 25), (7, 24), (44, 46), (26, 34), (13, 43), (20, 33), (4, 40), (14, 41), (8, 31), (9, 36)}
Згенероване вершинне покриття (C): [0, 1, 2, 3, 4, 5, 6, 7, 8, 9, 10, 13, 14, 15, 16, 17, 18, 19, 20, 21, 23, 24, 25, 26, 27, 28, 29, 31, 32, 33, 34, 35, 36, 37, 38, 39, 40, 41, 42, 43, 44, 45, 46, 47, 48, 49]

--- Генерація вершинного покриття (зі списку суміжності) ---
Знайдене максимальне парування (M): {(7, 17), (24, 27), (26, 30), (0, 14), (19, 21), (5, 28), (12, 49), (3, 43), (10, 36), (41, 45), (1, 39), (44, 47), (35, 38), (20, 22), (18, 34), (23, 48), (2, 13), (6, 16), (25, 42), (9, 15), (4, 37), (8, 31), (11, 33)}
Згенероване вершинне покриття (C): [0, 1, 2, 3, 4, 5, 6, 7, 8, 9, 10, 11, 12, 13, 14, 15, 16, 17, 18, 19, 20, 21, 22, 23, 24, 25, 26, 27, 28, 30, 31, 33, 34, 35, 36, 37, 38, 39, 41, 42, 43, 44, 45, 47, 48, 49]

--- Генерація вершинного покриття (зі списку суміжності) ---
Знайдене максимальне парування (M): {(24, 30), (14, 16), (5, 13), (31, 35), (18, 47), (4, 36), (37, 42), (1, 33), (0, 41), (19, 48), (20, 25), (7, 49), (3, 27), (23, 45), (10, 26), (8, 38), (15, 28), (43, 44), (39, 46), (12, 29), (17, 22), (2, 9), (11, 21)}
Згенероване вершинне покриття (C): [0, 1, 2, 3, 4, 5, 7, 8, 9, 10, 11, 12, 13, 14, 15, 16, 17, 18, 19, 20, 21, 22, 23, 24, 25, 26, 27, 28, 29, 30, 31, 33, 35, 36, 37, 38, 39, 41, 42, 43, 44, 45, 46, 47, 48, 49]

--- Генерація вершинного покриття (зі списку суміжності) ---
Знайдене максимальне парування (M): {(6, 15), (25, 38), (32, 49), (0, 48), (4, 27), (3, 46), (24, 35), (18, 28), (16, 43), (9, 10), (17, 26), (5, 39), (11, 40), (2, 37), (19, 41), (7, 30), (12, 23), (20, 36), (22, 33), (21, 44), (1, 13), (14, 47)}
Згенероване вершинне покриття (C): [0, 1, 2, 3, 4, 5, 6, 7, 9, 10, 11, 12, 13, 14, 15, 16, 17, 18, 19, 20, 21, 22, 23, 24, 25, 26, 27, 28, 30, 32, 33, 35, 36, 37, 38, 39, 40, 41, 43, 44, 46, 47, 48, 49]

--- Генерація вершинного покриття (зі списку суміжності) ---
Знайдене максимальне парування (M): {(16, 35), (24, 39), (21, 49), (23, 46), (0, 38), (30, 45), (26, 32), (6, 44), (10, 17), (27, 42), (2, 22), (9, 40), (33, 37), (14, 48), (8, 47), (1, 29), (7, 18), (15, 34), (13, 43), (4, 19), (11, 12), (28, 31), (3, 41)}
Згенероване вершинне покриття (C): [0, 1, 2, 3, 4, 6, 7, 8, 9, 10, 11, 12, 13, 14, 15, 16, 17, 18, 19, 21, 22, 23, 24, 26, 27, 28, 29, 30, 31, 32, 33, 34, 35, 37, 38, 39, 40, 41, 42, 43, 44, 45, 46, 47, 48, 49]

--- Генерація вершинного покриття (зі списку суміжності) ---
Знайдене максимальне парування (M): {(33, 42), (30, 46), (12, 19), (20, 35), (0, 5), (22, 47), (32, 36), (15, 26), (11, 41), (3, 6), (29, 34), (25, 49), (8, 17), (27, 45), (16, 18), (10, 38), (4, 7), (39, 43), (9, 21), (23, 44), (1, 13), (28, 40)}
Згенероване вершинне покриття (C): [0, 1, 3, 4, 5, 6, 7, 8, 9, 10, 11, 12, 13, 15, 16, 17, 18, 19, 20, 21, 22, 23, 25, 26, 27, 28, 29, 30, 32, 33, 34, 35, 36, 38, 39, 40, 41, 42, 43, 44, 45, 46, 47, 49]

--- Генерація вершинного покриття (зі списку суміжності) ---
Знайдене максимальне парування (M): {(17, 46), (44, 48), (8, 9), (21, 49), (0, 20), (32, 42), (18, 22), (12, 15), (4, 11), (23, 30), (6, 41), (3, 27), (34, 36), (28, 29), (37, 47), (19, 38), (2, 31), (1, 35), (13, 40), (24, 43), (16, 45), (5, 26), (10, 25), (7, 14)}
Згенероване вершинне покриття (C): [0, 1, 2, 3, 4, 5, 6, 7, 8, 9, 10, 11, 12, 13, 14, 15, 16, 17, 18, 19, 20, 21, 22, 23, 24, 25, 26, 27, 28, 29, 30, 31, 32, 34, 35, 36, 37, 38, 40, 41, 42, 43, 44, 45, 46, 47, 48, 49]

--- Генерація вершинного покриття (зі списку суміжності) ---
Знайдене максимальне парування (M): {(12, 16), (18, 29), (9, 14), (5, 19), (22, 38), (3, 37), (31, 47), (23, 46), (4, 48), (6, 8), (10, 39), (30, 45), (33, 41), (1, 42), (0, 44), (20, 28), (7, 34), (21, 36), (2, 13), (17, 32), (11, 25), (24, 40), (35, 43), (26, 49)}
Згенероване вершинне покриття (C): [0, 1, 2, 3, 4, 5, 6, 7, 8, 9, 10, 11, 12, 13, 14, 16, 17, 18, 19, 20, 21, 22, 23, 24, 25, 26, 28, 29, 30, 31, 32, 33, 34, 35, 36, 37, 38, 39, 40, 41, 42, 43, 44, 45, 46, 47, 48, 49]

--- Генерація вершинного покриття (зі списку суміжності) ---
Знайдене максимальне парування (M): {(19, 49), (33, 39), (12, 22), (31, 44), (17, 30), (34, 43), (1, 24), (4, 8), (15, 38), (9, 16), (5, 27), (11, 28), (37, 47), (10, 35), (32, 41), (0, 46), (25, 48), (21, 29), (40, 42), (3, 23), (14, 26), (20, 45), (2, 6), (13, 18)}
Згенероване вершинне покриття (C): [0, 1, 2, 3, 4, 5, 6, 8, 9, 10, 11, 12, 13, 14, 15, 16, 17, 18, 19, 20, 21, 22, 23, 24, 25, 26, 27, 28, 29, 30, 31, 32, 33, 34, 35, 37, 38, 39, 40, 41, 42, 43, 44, 45, 46, 47, 48, 49]

--- Генерація вершинного покриття (зі списку суміжності) ---
Знайдене максимальне парування (M): {(32, 34), (11, 45), (5, 25), (17, 33), (27, 40), (15, 29), (26, 44), (16, 37), (4, 23), (28, 35), (36, 42), (13, 19), (2, 31), (10, 41), (6, 22), (7, 30), (3, 8), (1, 47), (48, 49), (39, 46), (14, 20), (9, 21), (12, 38), (0, 18)}
Згенероване вершинне покриття (C): [0, 1, 2, 3, 4, 5, 6, 7, 8, 9, 10, 11, 12, 13, 14, 15, 16, 17, 18, 19, 20, 21, 22, 23, 25, 26, 27, 28, 29, 30, 31, 32, 33, 34, 35, 36, 37, 38, 39, 40, 41, 42, 44, 45, 46, 47, 48, 49]

--- Генерація вершинного покриття (зі списку суміжності) ---
Знайдене максимальне парування (M): {(25, 35), (26, 30), (6, 27), (22, 32), (15, 48), (7, 44), (12, 34), (23, 49), (33, 41), (14, 18), (19, 31), (5, 24), (11, 13), (10, 17), (28, 40), (8, 38), (42, 46), (16, 36), (1, 47), (0, 3), (29, 45), (4, 43), (2, 21)}
Згенероване вершинне покриття (C): [0, 1, 2, 3, 4, 5, 6, 7, 8, 10, 11, 12, 13, 14, 15, 16, 17, 18, 19, 21, 22, 23, 24, 25, 26, 27, 28, 29, 30, 31, 32, 33, 34, 35, 36, 38, 40, 41, 42, 43, 44, 45, 46, 47, 48, 49]

--- Генерація вершинного покриття (зі списку суміжності) ---
Знайдене максимальне парування (M): {(4, 49), (0, 30), (33, 42), (24, 45), (35, 48), (29, 38), (7, 41), (36, 43), (5, 46), (6, 17), (15, 32), (13, 47), (18, 34), (8, 11), (12, 39), (2, 16), (10, 20), (23, 26), (9, 21), (28, 31), (19, 22), (37, 40)}
Згенероване вершинне покриття (C): [0, 2, 4, 5, 6, 7, 8, 9, 10, 11, 12, 13, 15, 16, 17, 18, 19, 20, 21, 22, 23, 24, 26, 28, 29, 30, 31, 32, 33, 34, 35, 36, 37, 38, 39, 40, 41, 42, 43, 45, 46, 47, 48, 49]

--- Генерація вершинного покриття (зі списку суміжності) ---
Знайдене максимальне парування (M): {(11, 42), (12, 13), (17, 27), (10, 15), (9, 29), (5, 34), (28, 39), (6, 8), (26, 32), (0, 47), (18, 22), (16, 31), (20, 25), (35, 41), (3, 30), (21, 45), (14, 48), (24, 37), (43, 44), (33, 46), (1, 7), (19, 40)}
Згенероване вершинне покриття (C): [0, 1, 3, 5, 6, 7, 8, 9, 10, 11, 12, 13, 14, 15, 16, 17, 18, 19, 20, 21, 22, 24, 25, 26, 27, 28, 29, 30, 31, 32, 33, 34, 35, 37, 39, 40, 41, 42, 43, 44, 45, 46, 47, 48]

--- Генерація вершинного покриття (зі списку суміжності) ---
Знайдене максимальне парування (M): {(11, 45), (12, 16), (26, 42), (18, 32), (4, 15), (8, 9), (19, 33), (36, 49), (20, 25), (24, 41), (29, 40), (38, 46), (0, 10), (27, 30), (22, 43), (3, 39), (1, 17), (5, 48), (13, 31), (2, 34), (6, 37), (23, 44)}
Згенероване вершинне покриття (C): [0, 1, 2, 3, 4, 5, 6, 8, 9, 10, 11, 12, 13, 15, 16, 17, 18, 19, 20, 22, 23, 24, 25, 26, 27, 29, 30, 31, 32, 33, 34, 36, 37, 38, 39, 40, 41, 42, 43, 44, 45, 46, 48, 49]

--- Генерація вершинного покриття (зі списку суміжності) ---
Знайдене максимальне парування (M): {(7, 17), (42, 45), (43, 46), (25, 32), (12, 19), (10, 15), (0, 23), (29, 40), (20, 34), (2, 4), (39, 47), (9, 31), (28, 38), (37, 44), (1, 26), (16, 30), (18, 33), (5, 11), (22, 27), (48, 49), (14, 35), (36, 41), (13, 21)}
Згенероване вершинне покриття (C): [0, 1, 2, 4, 5, 7, 9, 10, 11, 12, 13, 14, 15, 16, 17, 18, 19, 20, 21, 22, 23, 25, 26, 27, 28, 29, 30, 31, 32, 33, 34, 35, 36, 37, 38, 39, 40, 41, 42, 43, 44, 45, 46, 47, 48, 49]

--- Генерація вершинного покриття (зі списку суміжності) ---
Знайдене максимальне парування (M): {(15, 48), (40, 47), (3, 31), (0, 14), (22, 38), (36, 37), (2, 17), (32, 39), (5, 46), (41, 45), (6, 23), (18, 25), (7, 34), (21, 27), (29, 49), (11, 16), (1, 20), (19, 44), (26, 28), (8, 13), (4, 43)}
Згенероване вершинне покриття (C): [0, 1, 2, 3, 4, 5, 6, 7, 8, 11, 13, 14, 15, 16, 17, 18, 19, 20, 21, 22, 23, 25, 26, 27, 28, 29, 31, 32, 34, 36, 37, 38, 39, 40, 41, 43, 44, 45, 46, 47, 48, 49]

--- Генерація вершинного покриття (зі списку суміжності) ---
Знайдене максимальне парування (M): {(41, 46), (18, 35), (6, 33), (13, 45), (40, 47), (23, 34), (21, 49), (3, 37), (32, 39), (7, 25), (8, 11), (22, 31), (9, 19), (14, 42), (28, 44), (10, 26), (16, 24), (27, 48), (29, 30), (2, 43), (0, 12), (5, 20), (36, 38)}
Згенероване вершинне покриття (C): [0, 2, 3, 5, 6, 7, 8, 9, 10, 11, 12, 13, 14, 16, 18, 19, 20, 21, 22, 23, 24, 25, 26, 27, 28, 29, 30, 31, 32, 33, 34, 35, 36, 37, 38, 39, 40, 41, 42, 43, 44, 45, 46, 47, 48, 49]

--- Генерація вершинного покриття (зі списку суміжності) ---
Знайдене максимальне парування (M): {(17, 46), (4, 9), (7, 29), (16, 41), (0, 2), (12, 31), (14, 22), (28, 30), (27, 37), (1, 15), (32, 36), (13, 38), (23, 24), (47, 48), (19, 44), (6, 10), (11, 49), (25, 42), (33, 43), (21, 35), (18, 39), (20, 45), (8, 34)}
Згенероване вершинне покриття (C): [0, 1, 2, 4, 6, 7, 8, 9, 10, 11, 12, 13, 14, 15, 16, 17, 18, 19, 20, 21, 22, 23, 24, 25, 27, 28, 29, 30, 31, 32, 33, 34, 35, 36, 37, 38, 39, 41, 42, 43, 44, 45, 46, 47, 48, 49]

--- Генерація вершинного покриття (зі списку суміжності) ---
Знайдене максимальне парування (M): {(18, 26), (16, 35), (38, 41), (12, 43), (27, 34), (1, 15), (42, 47), (3, 6), (21, 45), (4, 32), (11, 13), (5, 39), (24, 25), (2, 28), (10, 44), (46, 49), (7, 36), (14, 23), (8, 22), (20, 48), (19, 37), (9, 30)}
Згенероване вершинне покриття (C): [1, 2, 3, 4, 5, 6, 7, 8, 9, 10, 11, 12, 13, 14, 15, 16, 18, 19, 20, 21, 22, 23, 24, 25, 26, 27, 28, 30, 32, 34, 35, 36, 37, 38, 39, 41, 42, 43, 44, 45, 46, 47, 48, 49]

--- Генерація вершинного покриття (зі списку суміжності) ---
Знайдене максимальне парування (M): {(33, 36), (11, 42), (16, 29), (15, 39), (21, 22), (10, 46), (3, 13), (27, 37), (2, 26), (8, 45), (24, 35), (25, 34), (7, 40), (28, 32), (0, 31), (19, 41), (18, 30), (5, 17), (6, 49), (23, 44), (20, 48), (14, 38), (4, 43)}
Згенероване вершинне покриття (C): [0, 2, 3, 4, 5, 6, 7, 8, 10, 11, 13, 14, 15, 16, 17, 18, 19, 20, 21, 22, 23, 24, 25, 26, 27, 28, 29, 30, 31, 32, 33, 34, 35, 36, 37, 38, 39, 40, 41, 42, 43, 44, 45, 46, 48, 49]

--- Генерація вершинного покриття (зі списку суміжності) ---
Знайдене максимальне парування (M): {(1, 28), (24, 30), (32, 40), (33, 45), (10, 49), (15, 42), (18, 38), (21, 37), (0, 11), (3, 34), (36, 43), (13, 17), (7, 19), (46, 47), (39, 41), (12, 27), (22, 31), (4, 35), (5, 20), (2, 9), (14, 44), (25, 26)}
Згенероване вершинне покриття (C): [0, 1, 2, 3, 4, 5, 7, 9, 10, 11, 12, 13, 14, 15, 17, 18, 19, 20, 21, 22, 24, 25, 26, 27, 28, 30, 31, 32, 33, 34, 35, 36, 37, 38, 39, 40, 41, 42, 43, 44, 45, 46, 47, 49]

--- Генерація вершинного покриття (зі списку суміжності) ---
Знайдене максимальне парування (M): {(18, 23), (10, 49), (13, 39), (31, 32), (35, 48), (15, 45), (7, 41), (3, 22), (40, 47), (0, 17), (2, 14), (1, 12), (16, 19), (20, 28), (29, 34), (5, 21), (9, 27), (8, 26), (30, 44), (25, 42), (24, 46), (36, 38), (4, 43), (11, 33)}
Згенероване вершинне покриття (C): [0, 1, 2, 3, 4, 5, 7, 8, 9, 10, 11, 12, 13, 14, 15, 16, 17, 18, 19, 20, 21, 22, 23, 24, 25, 26, 27, 28, 29, 30, 31, 32, 33, 34, 35, 36, 38, 39, 40, 41, 42, 43, 44, 45, 46, 47, 48, 49]

--- Генерація вершинного покриття (зі списку суміжності) ---
Знайдене максимальне парування (M): {(13, 39), (3, 10), (31, 32), (17, 24), (45, 49), (4, 42), (2, 29), (33, 44), (1, 48), (27, 30), (28, 35), (0, 34), (19, 41), (15, 22), (9, 46), (11, 43), (6, 25), (16, 36), (21, 26), (12, 23), (14, 20), (37, 40), (5, 38), (7, 8)}
Згенероване вершинне покриття (C): [0, 1, 2, 3, 4, 5, 6, 7, 8, 9, 10, 11, 12, 13, 14, 15, 16, 17, 19, 20, 21, 22, 23, 24, 25, 26, 27, 28, 29, 30, 31, 32, 33, 34, 35, 36, 37, 38, 39, 40, 41, 42, 43, 44, 45, 46, 48, 49]

--- Генерація вершинного покриття (зі списку суміжності) ---
Знайдене максимальне парування (M): {(6, 21), (7, 35), (14, 31), (9, 20), (17, 27), (10, 15), (34, 46), (8, 33), (24, 26), (11, 38), (25, 40), (32, 45), (2, 41), (36, 39), (0, 13), (12, 48), (19, 47), (29, 30), (3, 23), (1, 4), (22, 42), (28, 37), (5, 44)}
Згенероване вершинне покриття (C): [0, 1, 2, 3, 4, 5, 6, 7, 8, 9, 10, 11, 12, 13, 14, 15, 17, 19, 20, 21, 22, 23, 24, 25, 26, 27, 28, 29, 30, 31, 32, 33, 34, 35, 36, 37, 38, 39, 40, 41, 42, 44, 45, 46, 47, 48]

--- Генерація вершинного покриття (зі списку суміжності) ---
Знайдене максимальне парування (M): {(11, 42), (3, 16), (5, 10), (23, 34), (0, 20), (45, 46), (13, 41), (29, 31), (21, 33), (6, 38), (2, 4), (9, 19), (1, 14), (17, 32), (30, 35), (28, 47), (27, 48), (24, 40), (26, 37), (18, 36), (15, 49), (39, 43), (8, 22)}
Згенероване вершинне покриття (C): [0, 1, 2, 3, 4, 5, 6, 8, 9, 10, 11, 13, 14, 15, 16, 17, 18, 19, 20, 21, 22, 23, 24, 26, 27, 28, 29, 30, 31, 32, 33, 34, 35, 36, 37, 38, 39, 40, 41, 42, 43, 45, 46, 47, 48, 49]

--- Генерація вершинного покриття (зі списку суміжності) ---
Знайдене максимальне парування (M): {(15, 24), (0, 45), (25, 41), (23, 31), (22, 29), (7, 44), (28, 39), (8, 36), (12, 21), (4, 11), (6, 38), (18, 49), (20, 34), (10, 32), (5, 48), (35, 43), (40, 42), (14, 26), (17, 19), (2, 9), (3, 47), (37, 46)}
Згенероване вершинне покриття (C): [0, 2, 3, 4, 5, 6, 7, 8, 9, 10, 11, 12, 14, 15, 17, 18, 19, 20, 21, 22, 23, 24, 25, 26, 28, 29, 31, 32, 34, 35, 36, 37, 38, 39, 40, 41, 42, 43, 44, 45, 46, 47, 48, 49]

--- Генерація вершинного покриття (зі списку суміжності) ---
Знайдене максимальне парування (M): {(42, 45), (13, 33), (32, 46), (14, 25), (20, 44), (17, 30), (10, 15), (27, 31), (9, 35), (0, 29), (16, 28), (1, 36), (12, 18), (3, 21), (22, 49), (19, 41), (8, 47), (5, 48), (11, 37), (6, 40), (7, 39), (34, 38), (4, 43), (2, 24)}
Згенероване вершинне покриття (C): [0, 1, 2, 3, 4, 5, 6, 7, 8, 9, 10, 11, 12, 13, 14, 15, 16, 17, 18, 19, 20, 21, 22, 24, 25, 27, 28, 29, 30, 31, 32, 33, 34, 35, 36, 37, 38, 39, 40, 41, 42, 43, 44, 45, 46, 47, 48, 49]

--- Генерація вершинного покриття (зі списку суміжності) ---
Знайдене максимальне парування (M): {(41, 46), (32, 43), (3, 25), (38, 44), (0, 5), (23, 40), (19, 21), (10, 12), (8, 42), (2, 35), (16, 49), (4, 26), (6, 47), (14, 45), (13, 22), (15, 37), (29, 33), (7, 36), (11, 18), (9, 27), (17, 34), (30, 31)}
Згенероване вершинне покриття (C): [0, 2, 3, 4, 5, 6, 7, 8, 9, 10, 11, 12, 13, 14, 15, 16, 17, 18, 19, 21, 22, 23, 25, 26, 27, 29, 30, 31, 32, 33, 34, 35, 36, 37, 38, 40, 41, 42, 43, 44, 45, 46, 47, 49]

--- Генерація вершинного покриття (зі списку суміжності) ---
Знайдене максимальне парування (M): {(11, 42), (6, 33), (5, 13), (18, 32), (15, 48), (14, 28), (3, 22), (4, 27), (0, 17), (30, 36), (25, 43), (24, 41), (40, 49), (21, 39), (29, 46), (10, 20), (7, 9), (2, 31), (16, 45), (23, 44), (12, 47), (1, 19)}
Згенероване вершинне покриття (C): [0, 1, 2, 3, 4, 5, 6, 7, 9, 10, 11, 12, 13, 14, 15, 16, 17, 18, 19, 20, 21, 22, 23, 24, 25, 27, 28, 29, 30, 31, 32, 33, 36, 39, 40, 41, 42, 43, 44, 45, 46, 47, 48, 49]

--- Генерація вершинного покриття (зі списку суміжності) ---
Знайдене максимальне парування (M): {(25, 29), (26, 33), (18, 35), (5, 13), (3, 34), (36, 43), (16, 28), (21, 42), (20, 40), (31, 49), (1, 11), (12, 48), (27, 45), (19, 44), (14, 47), (24, 46), (38, 39), (9, 15), (23, 32), (17, 37), (10, 22), (7, 8), (2, 30)}
Згенероване вершинне покриття (C): [1, 2, 3, 5, 7, 8, 9, 10, 11, 12, 13, 14, 15, 16, 17, 18, 19, 20, 21, 22, 23, 24, 25, 26, 27, 28, 29, 30, 31, 32, 33, 34, 35, 36, 37, 38, 39, 40, 42, 43, 44, 45, 46, 47, 48, 49]

--- Генерація вершинного покриття (зі списку суміжності) ---
Знайдене максимальне парування (M): {(19, 43), (6, 15), (4, 9), (35, 42), (14, 22), (17, 27), (5, 31), (1, 36), (13, 47), (7, 49), (3, 39), (28, 44), (0, 34), (11, 37), (2, 40), (18, 30), (33, 46), (20, 24), (23, 26), (16, 48), (21, 38), (29, 45), (12, 32), (8, 25)}
Згенероване вершинне покриття (C): [0, 1, 2, 3, 4, 5, 6, 7, 8, 9, 11, 12, 13, 14, 15, 16, 17, 18, 19, 20, 21, 22, 23, 24, 25, 26, 27, 28, 29, 30, 31, 32, 33, 34, 35, 36, 37, 38, 39, 40, 42, 43, 44, 45, 46, 47, 48, 49]

Середній час виконання: 0.0000453043 секунд
