
--- Генерація вершинного покриття (зі списку суміжності) ---
Знайдене максимальне парування (M): {(53, 66), (0, 30), (2, 33), (3, 4), (6, 21), (42, 48), (12, 13), (24, 54), (5, 22), (20, 41), (32, 73), (25, 65), (18, 59), (45, 52), (14, 46), (31, 68), (10, 36), (60, 70), (8, 11), (50, 72), (19, 23), (9, 28), (26, 62), (16, 67), (7, 58), (29, 64), (47, 63), (1, 35), (43, 56), (61, 71), (39, 40), (15, 55), (34, 44), (17, 37), (49, 69)}
Згенероване вершинне покриття (C): [0, 1, 2, 3, 4, 5, 6, 7, 8, 9, 10, 11, 12, 13, 14, 15, 16, 17, 18, 19, 20, 21, 22, 23, 24, 25, 26, 28, 29, 30, 31, 32, 33, 34, 35, 36, 37, 39, 40, 41, 42, 43, 44, 45, 46, 47, 48, 49, 50, 52, 53, 54, 55, 56, 58, 59, 60, 61, 62, 63, 64, 65, 66, 67, 68, 69, 70, 71, 72, 73]

--- Генерація вершинного покриття (зі списку суміжності) ---
Знайдене максимальне парування (M): {(4, 64), (31, 72), (22, 69), (44, 51), (47, 68), (27, 62), (25, 50), (43, 70), (12, 34), (28, 45), (37, 57), (15, 20), (23, 73), (3, 6), (8, 60), (10, 63), (14, 30), (0, 65), (40, 46), (11, 74), (7, 61), (5, 42), (56, 66), (1, 35), (29, 33), (16, 48), (26, 52), (32, 71), (21, 53), (9, 36), (13, 24)}
Згенероване вершинне покриття (C): [0, 1, 3, 4, 5, 6, 7, 8, 9, 10, 11, 12, 13, 14, 15, 16, 20, 21, 22, 23, 24, 25, 26, 27, 28, 29, 30, 31, 32, 33, 34, 35, 36, 37, 40, 42, 43, 44, 45, 46, 47, 48, 50, 51, 52, 53, 56, 57, 60, 61, 62, 63, 64, 65, 66, 68, 69, 70, 71, 72, 73, 74]

--- Генерація вершинного покриття (зі списку суміжності) ---
Знайдене максимальне парування (M): {(25, 38), (2, 54), (50, 73), (18, 41), (21, 40), (24, 69), (66, 72), (62, 65), (53, 68), (19, 51), (31, 74), (44, 56), (22, 28), (7, 49), (3, 27), (17, 26), (20, 55), (39, 71), (14, 57), (47, 60), (12, 23), (9, 64), (29, 36), (13, 52), (15, 46), (6, 43), (42, 70), (33, 67), (5, 32), (4, 34), (10, 16), (45, 59)}
Згенероване вершинне покриття (C): [2, 3, 4, 5, 6, 7, 9, 10, 12, 13, 14, 15, 16, 17, 18, 19, 20, 21, 22, 23, 24, 25, 26, 27, 28, 29, 31, 32, 33, 34, 36, 38, 39, 40, 41, 42, 43, 44, 45, 46, 47, 49, 50, 51, 52, 53, 54, 55, 56, 57, 59, 60, 62, 64, 65, 66, 67, 68, 69, 70, 71, 72, 73, 74]

--- Генерація вершинного покриття (зі списку суміжності) ---
Знайдене максимальне парування (M): {(11, 36), (13, 39), (0, 54), (2, 51), (34, 40), (48, 63), (57, 69), (26, 66), (28, 33), (23, 70), (15, 56), (31, 43), (20, 49), (16, 64), (6, 65), (7, 58), (19, 32), (17, 47), (22, 61), (37, 62), (42, 46), (30, 50), (1, 44), (45, 72), (52, 53), (3, 14), (4, 74), (8, 68), (35, 67), (9, 24), (21, 59), (27, 41)}
Згенероване вершинне покриття (C): [0, 1, 2, 3, 4, 6, 7, 8, 9, 11, 13, 14, 15, 16, 17, 19, 20, 21, 22, 23, 24, 26, 27, 28, 30, 31, 32, 33, 34, 35, 36, 37, 39, 40, 41, 42, 43, 44, 45, 46, 47, 48, 49, 50, 51, 52, 53, 54, 56, 57, 58, 59, 61, 62, 63, 64, 65, 66, 67, 68, 69, 70, 72, 74]

--- Генерація вершинного покриття (зі списку суміжності) ---
Знайдене максимальне парування (M): {(54, 71), (9, 42), (6, 39), (12, 40), (1, 21), (5, 52), (15, 26), (24, 29), (11, 41), (17, 57), (36, 64), (19, 51), (32, 45), (59, 69), (44, 56), (46, 47), (33, 65), (8, 72), (16, 61), (20, 55), (50, 53), (4, 10), (0, 49), (70, 74), (25, 60), (13, 58), (14, 35), (2, 73), (3, 38), (28, 31), (18, 66), (48, 67), (30, 34)}
Згенероване вершинне покриття (C): [0, 1, 2, 3, 4, 5, 6, 8, 9, 10, 11, 12, 13, 14, 15, 16, 17, 18, 19, 20, 21, 24, 25, 26, 28, 29, 30, 31, 32, 33, 34, 35, 36, 38, 39, 40, 41, 42, 44, 45, 46, 47, 48, 49, 50, 51, 52, 53, 54, 55, 56, 57, 58, 59, 60, 61, 64, 65, 66, 67, 69, 70, 71, 72, 73, 74]

--- Генерація вершинного покриття (зі списку суміжності) ---
Знайдене максимальне парування (M): {(0, 36), (7, 26), (42, 57), (27, 62), (32, 61), (29, 41), (14, 22), (13, 63), (34, 50), (1, 64), (19, 21), (12, 49), (46, 72), (8, 33), (28, 54), (24, 35), (9, 56), (11, 53), (66, 68), (18, 52), (40, 55), (6, 59), (10, 23), (2, 74), (3, 45), (16, 70), (17, 47), (31, 73), (67, 69), (25, 39), (51, 60), (37, 65), (20, 48), (5, 38)}
Згенероване вершинне покриття (C): [0, 1, 2, 3, 5, 6, 7, 8, 9, 10, 11, 12, 13, 14, 16, 17, 18, 19, 20, 21, 22, 23, 24, 25, 26, 27, 28, 29, 31, 32, 33, 34, 35, 36, 37, 38, 39, 40, 41, 42, 45, 46, 47, 48, 49, 50, 51, 52, 53, 54, 55, 56, 57, 59, 60, 61, 62, 63, 64, 65, 66, 67, 68, 69, 70, 72, 73, 74]

--- Генерація вершинного покриття (зі списку суміжності) ---
Знайдене максимальне парування (M): {(18, 72), (36, 59), (55, 66), (29, 44), (0, 60), (32, 61), (40, 56), (37, 45), (20, 68), (42, 47), (1, 33), (31, 74), (22, 71), (5, 6), (25, 46), (43, 57), (13, 53), (49, 52), (8, 14), (11, 65), (3, 30), (17, 26), (21, 54), (12, 50), (2, 19), (23, 51), (7, 39), (9, 70), (48, 58), (24, 64), (10, 16), (4, 34), (35, 73), (38, 69)}
Згенероване вершинне покриття (C): [0, 1, 2, 3, 4, 5, 6, 7, 8, 9, 10, 11, 12, 13, 14, 16, 17, 18, 19, 20, 21, 22, 23, 24, 25, 26, 29, 30, 31, 32, 33, 34, 35, 36, 37, 38, 39, 40, 42, 43, 44, 45, 46, 47, 48, 49, 50, 51, 52, 53, 54, 55, 56, 57, 58, 59, 60, 61, 64, 65, 66, 68, 69, 70, 71, 72, 73, 74]

--- Генерація вершинного покриття (зі списку суміжності) ---
Знайдене максимальне парування (M): {(0, 39), (54, 74), (42, 48), (41, 55), (16, 50), (19, 73), (12, 40), (22, 44), (57, 69), (13, 14), (37, 45), (34, 58), (32, 36), (10, 51), (35, 47), (46, 56), (23, 27), (66, 68), (15, 53), (7, 52), (1, 20), (9, 25), (21, 63), (26, 28), (18, 24), (30, 62), (8, 71), (5, 17), (4, 31), (29, 60), (38, 72), (11, 33)}
Згенероване вершинне покриття (C): [0, 1, 4, 5, 7, 8, 9, 10, 11, 12, 13, 14, 15, 16, 17, 18, 19, 20, 21, 22, 23, 24, 25, 26, 27, 28, 29, 30, 31, 32, 33, 34, 35, 36, 37, 38, 39, 40, 41, 42, 44, 45, 46, 47, 48, 50, 51, 52, 53, 54, 55, 56, 57, 58, 60, 62, 63, 66, 68, 69, 71, 72, 73, 74]

--- Генерація вершинного покриття (зі списку суміжності) ---
Знайдене максимальне парування (M): {(34, 68), (47, 65), (64, 69), (8, 46), (3, 71), (41, 67), (26, 57), (1, 18), (37, 39), (24, 72), (28, 45), (21, 70), (0, 50), (25, 52), (42, 62), (32, 63), (29, 49), (2, 19), (23, 51), (30, 44), (5, 48), (4, 56), (16, 27), (36, 66), (55, 73), (6, 31), (11, 61), (14, 17), (10, 53), (43, 59), (38, 54), (15, 58), (22, 33)}
Згенероване вершинне покриття (C): [0, 1, 2, 3, 4, 5, 6, 8, 10, 11, 14, 15, 16, 17, 18, 19, 21, 22, 23, 24, 25, 26, 27, 28, 29, 30, 31, 32, 33, 34, 36, 37, 38, 39, 41, 42, 43, 44, 45, 46, 47, 48, 49, 50, 51, 52, 53, 54, 55, 56, 57, 58, 59, 61, 62, 63, 64, 65, 66, 67, 68, 69, 70, 71, 72, 73]

--- Генерація вершинного покриття (зі списку суміжності) ---
Знайдене максимальне парування (M): {(36, 56), (10, 43), (16, 38), (18, 29), (24, 51), (58, 74), (60, 71), (0, 63), (20, 41), (4, 30), (45, 52), (17, 39), (19, 42), (37, 66), (27, 70), (1, 54), (26, 50), (44, 65), (32, 69), (13, 68), (25, 73), (7, 55), (21, 57), (40, 64), (59, 62), (11, 46), (3, 14), (6, 49), (9, 15), (48, 61), (35, 67), (23, 47), (8, 22)}
Згенероване вершинне покриття (C): [0, 1, 3, 4, 6, 7, 8, 9, 10, 11, 13, 14, 15, 16, 17, 18, 19, 20, 21, 22, 23, 24, 25, 26, 27, 29, 30, 32, 35, 36, 37, 38, 39, 40, 41, 42, 43, 44, 45, 46, 47, 48, 49, 50, 51, 52, 54, 55, 56, 57, 58, 59, 60, 61, 62, 63, 64, 65, 66, 67, 68, 69, 70, 71, 73, 74]

--- Генерація вершинного покриття (зі списку суміжності) ---
Знайдене максимальне парування (M): {(64, 69), (67, 68), (9, 42), (10, 52), (18, 35), (21, 25), (1, 58), (27, 74), (23, 46), (24, 26), (60, 70), (33, 53), (5, 12), (20, 31), (61, 72), (2, 4), (6, 62), (17, 41), (14, 54), (0, 34), (36, 63), (50, 56), (7, 30), (37, 65), (22, 39), (16, 51), (3, 29), (32, 71), (38, 57), (13, 15), (48, 73), (28, 49)}
Згенероване вершинне покриття (C): [0, 1, 2, 3, 4, 5, 6, 7, 9, 10, 12, 13, 14, 15, 16, 17, 18, 20, 21, 22, 23, 24, 25, 26, 27, 28, 29, 30, 31, 32, 33, 34, 35, 36, 37, 38, 39, 41, 42, 46, 48, 49, 50, 51, 52, 53, 54, 56, 57, 58, 60, 61, 62, 63, 64, 65, 67, 68, 69, 70, 71, 72, 73, 74]

--- Генерація вершинного покриття (зі списку суміжності) ---
Знайдене максимальне парування (M): {(24, 30), (36, 53), (32, 40), (47, 65), (1, 34), (59, 64), (50, 58), (29, 35), (5, 13), (26, 42), (44, 57), (52, 67), (3, 37), (10, 18), (4, 39), (48, 69), (8, 45), (56, 73), (60, 70), (38, 61), (11, 74), (7, 9), (21, 66), (15, 22), (16, 33), (27, 72), (2, 46), (28, 71), (12, 20), (41, 68), (6, 49), (17, 25), (31, 63)}
Згенероване вершинне покриття (C): [1, 2, 3, 4, 5, 6, 7, 8, 9, 10, 11, 12, 13, 15, 16, 17, 18, 20, 21, 22, 24, 25, 26, 27, 28, 29, 30, 31, 32, 33, 34, 35, 36, 37, 38, 39, 40, 41, 42, 44, 45, 46, 47, 48, 49, 50, 52, 53, 56, 57, 58, 59, 60, 61, 63, 64, 65, 66, 67, 68, 69, 70, 71, 72, 73, 74]

--- Генерація вершинного покриття (зі списку суміжності) ---
Знайдене максимальне парування (M): {(2, 33), (13, 27), (55, 72), (58, 68), (35, 39), (3, 74), (6, 42), (4, 24), (7, 47), (12, 34), (21, 49), (28, 45), (53, 71), (32, 36), (60, 61), (11, 50), (37, 69), (26, 41), (10, 14), (20, 52), (15, 16), (31, 64), (56, 66), (17, 59), (22, 67), (25, 54), (43, 62), (9, 70), (18, 63), (57, 73), (5, 44), (19, 40)}
Згенероване вершинне покриття (C): [2, 3, 4, 5, 6, 7, 9, 10, 11, 12, 13, 14, 15, 16, 17, 18, 19, 20, 21, 22, 24, 25, 26, 27, 28, 31, 32, 33, 34, 35, 36, 37, 39, 40, 41, 42, 43, 44, 45, 47, 49, 50, 52, 53, 54, 55, 56, 57, 58, 59, 60, 61, 62, 63, 64, 66, 67, 68, 69, 70, 71, 72, 73, 74]

--- Генерація вершинного покриття (зі списку суміжності) ---
Знайдене максимальне парування (M): {(20, 69), (21, 74), (58, 62), (41, 61), (65, 73), (7, 53), (4, 51), (25, 31), (17, 48), (26, 32), (11, 50), (2, 47), (36, 67), (6, 29), (13, 56), (16, 46), (10, 66), (44, 68), (12, 33), (23, 39), (22, 43), (45, 54), (15, 19), (0, 37), (9, 52), (38, 42), (3, 14), (8, 71), (5, 35), (28, 34), (49, 72), (30, 40)}
Згенероване вершинне покриття (C): [0, 2, 3, 4, 5, 6, 7, 8, 9, 10, 11, 12, 13, 14, 15, 16, 17, 19, 20, 21, 22, 23, 25, 26, 28, 29, 30, 31, 32, 33, 34, 35, 36, 37, 38, 39, 40, 41, 42, 43, 44, 45, 46, 47, 48, 49, 50, 51, 52, 53, 54, 56, 58, 61, 62, 65, 66, 67, 68, 69, 71, 72, 73, 74]

--- Генерація вершинного покриття (зі списку суміжності) ---
Знайдене максимальне парування (M): {(15, 24), (58, 68), (35, 48), (3, 19), (40, 44), (31, 59), (9, 32), (25, 28), (54, 70), (62, 71), (4, 66), (14, 64), (10, 45), (18, 37), (0, 56), (16, 46), (49, 52), (12, 33), (42, 74), (1, 11), (7, 61), (29, 55), (8, 41), (43, 53), (27, 60), (5, 20), (17, 22), (2, 6), (23, 47), (26, 73), (13, 21)}
Згенероване вершинне покриття (C): [0, 1, 2, 3, 4, 5, 6, 7, 8, 9, 10, 11, 12, 13, 14, 15, 16, 17, 18, 19, 20, 21, 22, 23, 24, 25, 26, 27, 28, 29, 31, 32, 33, 35, 37, 40, 41, 42, 43, 44, 45, 46, 47, 48, 49, 52, 53, 54, 55, 56, 58, 59, 60, 61, 62, 64, 66, 68, 70, 71, 73, 74]

--- Генерація вершинного покриття (зі списку суміжності) ---
Знайдене максимальне парування (M): {(7, 17), (47, 53), (32, 46), (10, 49), (58, 68), (3, 71), (67, 74), (18, 44), (35, 57), (43, 70), (28, 30), (2, 63), (15, 69), (37, 45), (39, 72), (0, 29), (54, 64), (4, 51), (50, 60), (12, 21), (23, 24), (9, 16), (1, 66), (22, 40), (5, 33), (27, 42), (11, 31), (19, 38), (25, 36), (8, 56), (59, 65), (41, 62), (13, 52), (26, 55)}
Згенероване вершинне покриття (C): [0, 1, 2, 3, 4, 5, 7, 8, 9, 10, 11, 12, 13, 15, 16, 17, 18, 19, 21, 22, 23, 24, 25, 26, 27, 28, 29, 30, 31, 32, 33, 35, 36, 37, 38, 39, 40, 41, 42, 43, 44, 45, 46, 47, 49, 50, 51, 52, 53, 54, 55, 56, 57, 58, 59, 60, 62, 63, 64, 65, 66, 67, 68, 69, 70, 71, 72, 74]

--- Генерація вершинного покриття (зі списку суміжності) ---
Знайдене максимальне парування (M): {(53, 69), (34, 68), (4, 73), (3, 65), (58, 71), (17, 70), (0, 72), (8, 30), (49, 74), (47, 55), (25, 37), (11, 50), (24, 41), (19, 63), (26, 44), (14, 33), (39, 56), (20, 52), (38, 67), (36, 45), (1, 23), (42, 43), (27, 48), (7, 21), (6, 31), (10, 59), (2, 61), (16, 60), (22, 51), (13, 15), (54, 62)}
Згенероване вершинне покриття (C): [0, 1, 2, 3, 4, 6, 7, 8, 10, 11, 13, 14, 15, 16, 17, 19, 20, 21, 22, 23, 24, 25, 26, 27, 30, 31, 33, 34, 36, 37, 38, 39, 41, 42, 43, 44, 45, 47, 48, 49, 50, 51, 52, 53, 54, 55, 56, 58, 59, 60, 61, 62, 63, 65, 67, 68, 69, 70, 71, 72, 73, 74]

--- Генерація вершинного покриття (зі списку суміжності) ---
Знайдене максимальне парування (M): {(56, 65), (13, 27), (10, 40), (2, 42), (50, 61), (23, 28), (26, 45), (24, 57), (1, 73), (25, 74), (9, 38), (11, 35), (36, 52), (63, 67), (6, 72), (47, 55), (8, 51), (7, 31), (3, 12), (29, 43), (48, 59), (16, 58), (4, 44), (62, 70), (0, 34), (30, 53), (19, 71), (49, 54), (14, 32), (15, 64), (18, 60), (20, 66)}
Згенероване вершинне покриття (C): [0, 1, 2, 3, 4, 6, 7, 8, 9, 10, 11, 12, 13, 14, 15, 16, 18, 19, 20, 23, 24, 25, 26, 27, 28, 29, 30, 31, 32, 34, 35, 36, 38, 40, 42, 43, 44, 45, 47, 48, 49, 50, 51, 52, 53, 54, 55, 56, 57, 58, 59, 60, 61, 62, 63, 64, 65, 66, 67, 70, 71, 72, 73, 74]

--- Генерація вершинного покриття (зі списку суміжності) ---
Знайдене максимальне парування (M): {(26, 30), (55, 72), (19, 52), (44, 63), (46, 48), (4, 39), (25, 28), (8, 42), (53, 68), (47, 58), (37, 57), (33, 38), (23, 73), (16, 43), (12, 24), (18, 40), (0, 59), (15, 50), (11, 74), (13, 71), (6, 62), (10, 32), (27, 54), (22, 70), (5, 66), (3, 14), (21, 41), (35, 64), (20, 45), (1, 7), (17, 31), (49, 69), (34, 56)}
Згенероване вершинне покриття (C): [0, 1, 3, 4, 5, 6, 7, 8, 10, 11, 12, 13, 14, 15, 16, 17, 18, 19, 20, 21, 22, 23, 24, 25, 26, 27, 28, 30, 31, 32, 33, 34, 35, 37, 38, 39, 40, 41, 42, 43, 44, 45, 46, 47, 48, 49, 50, 52, 53, 54, 55, 56, 57, 58, 59, 62, 63, 64, 66, 68, 69, 70, 71, 72, 73, 74]

--- Генерація вершинного покриття (зі списку суміжності) ---
Знайдене максимальне парування (M): {(24, 30), (29, 72), (6, 21), (32, 46), (10, 49), (17, 64), (3, 50), (66, 69), (14, 34), (22, 47), (19, 27), (20, 68), (8, 39), (5, 58), (15, 26), (56, 73), (1, 42), (51, 52), (23, 36), (0, 74), (16, 67), (45, 48), (38, 70), (9, 40), (25, 33), (13, 43), (28, 65), (11, 61), (41, 62), (12, 35), (18, 60), (53, 57), (63, 71)}
Згенероване вершинне покриття (C): [0, 1, 3, 5, 6, 8, 9, 10, 11, 12, 13, 14, 15, 16, 17, 18, 19, 20, 21, 22, 23, 24, 25, 26, 27, 28, 29, 30, 32, 33, 34, 35, 36, 38, 39, 40, 41, 42, 43, 45, 46, 47, 48, 49, 50, 51, 52, 53, 56, 57, 58, 60, 61, 62, 63, 64, 65, 66, 67, 68, 69, 70, 71, 72, 73, 74]

--- Генерація вершинного покриття (зі списку суміжності) ---
Знайдене максимальне парування (M): {(40, 72), (13, 33), (3, 4), (25, 38), (56, 74), (44, 57), (60, 71), (65, 67), (11, 14), (39, 54), (5, 31), (21, 61), (20, 62), (36, 46), (6, 8), (52, 66), (19, 69), (15, 50), (24, 59), (27, 30), (7, 55), (9, 22), (48, 68), (2, 28), (1, 32), (64, 73), (10, 47), (16, 51), (0, 12), (35, 70), (17, 34), (37, 49), (23, 53)}
Згенероване вершинне покриття (C): [0, 1, 2, 3, 4, 5, 6, 7, 8, 9, 10, 11, 12, 13, 14, 15, 16, 17, 19, 20, 21, 22, 23, 24, 25, 27, 28, 30, 31, 32, 33, 34, 35, 36, 37, 38, 39, 40, 44, 46, 47, 48, 49, 50, 51, 52, 53, 54, 55, 56, 57, 59, 60, 61, 62, 64, 65, 66, 67, 68, 69, 70, 71, 72, 73, 74]

--- Генерація вершинного покриття (зі списку суміжності) ---
Знайдене максимальне парування (M): {(55, 57), (34, 68), (31, 32), (0, 66), (24, 60), (39, 54), (2, 14), (49, 74), (17, 45), (19, 42), (11, 44), (3, 67), (25, 37), (26, 38), (12, 21), (29, 43), (7, 52), (13, 16), (40, 64), (71, 73), (22, 58), (10, 35), (8, 47), (15, 28), (18, 27), (36, 69), (41, 53), (1, 50), (5, 20), (48, 61), (46, 70), (9, 30), (56, 59)}
Згенероване вершинне покриття (C): [0, 1, 2, 3, 5, 7, 8, 9, 10, 11, 12, 13, 14, 15, 16, 17, 18, 19, 20, 21, 22, 24, 25, 26, 27, 28, 29, 30, 31, 32, 34, 35, 36, 37, 38, 39, 40, 41, 42, 43, 44, 45, 46, 47, 48, 49, 50, 52, 53, 54, 55, 56, 57, 58, 59, 60, 61, 64, 66, 67, 68, 69, 70, 71, 73, 74]

--- Генерація вершинного покриття (зі списку суміжності) ---
Знайдене максимальне парування (M): {(10, 43), (33, 48), (5, 68), (16, 41), (7, 56), (32, 73), (0, 29), (22, 65), (15, 23), (34, 58), (55, 62), (42, 44), (37, 60), (59, 66), (52, 54), (13, 38), (50, 69), (3, 27), (25, 67), (8, 20), (24, 71), (45, 51), (46, 74), (31, 64), (4, 53), (19, 47), (12, 26), (17, 28), (49, 63), (2, 21), (6, 70), (30, 40)}
Згенероване вершинне покриття (C): [0, 2, 3, 4, 5, 6, 7, 8, 10, 12, 13, 15, 16, 17, 19, 20, 21, 22, 23, 24, 25, 26, 27, 28, 29, 30, 31, 32, 33, 34, 37, 38, 40, 41, 42, 43, 44, 45, 46, 47, 48, 49, 50, 51, 52, 53, 54, 55, 56, 58, 59, 60, 62, 63, 64, 65, 66, 67, 68, 69, 70, 71, 73, 74]

--- Генерація вершинного покриття (зі списку суміжності) ---
Знайдене максимальне парування (M): {(4, 55), (7, 17), (19, 43), (20, 32), (31, 35), (13, 57), (2, 21), (34, 70), (11, 47), (24, 38), (9, 59), (5, 18), (44, 68), (49, 61), (12, 39), (6, 53), (45, 51), (23, 48), (71, 73), (14, 54), (63, 72), (50, 56), (16, 42), (60, 69), (0, 58), (22, 33), (3, 29), (1, 62), (15, 64), (40, 66), (10, 28), (25, 26), (27, 41)}
Згенероване вершинне покриття (C): [0, 1, 2, 3, 4, 5, 6, 7, 9, 10, 11, 12, 13, 14, 15, 16, 17, 18, 19, 20, 21, 22, 23, 24, 25, 26, 27, 28, 29, 31, 32, 33, 34, 35, 38, 39, 40, 41, 42, 43, 44, 45, 47, 48, 49, 50, 51, 53, 54, 55, 56, 57, 58, 59, 60, 61, 62, 63, 64, 66, 68, 69, 70, 71, 72, 73]

--- Генерація вершинного покриття (зі списку суміжності) ---
Знайдене максимальне парування (M): {(14, 65), (3, 10), (51, 62), (25, 71), (2, 8), (9, 29), (1, 21), (0, 35), (17, 54), (42, 44), (19, 48), (27, 55), (5, 73), (12, 33), (7, 46), (32, 69), (16, 58), (22, 43), (40, 64), (6, 13), (28, 41), (56, 63), (59, 68), (15, 37), (67, 72), (26, 34), (20, 30), (24, 52), (18, 39), (31, 36), (57, 61), (49, 60), (38, 66), (47, 50)}
Згенероване вершинне покриття (C): [0, 1, 2, 3, 5, 6, 7, 8, 9, 10, 12, 13, 14, 15, 16, 17, 18, 19, 20, 21, 22, 24, 25, 26, 27, 28, 29, 30, 31, 32, 33, 34, 35, 36, 37, 38, 39, 40, 41, 42, 43, 44, 46, 47, 48, 49, 50, 51, 52, 54, 55, 56, 57, 58, 59, 60, 61, 62, 63, 64, 65, 66, 67, 68, 69, 71, 72, 73]

--- Генерація вершинного покриття (зі списку суміжності) ---
Знайдене максимальне парування (M): {(16, 26), (46, 51), (35, 48), (69, 74), (52, 70), (39, 42), (21, 34), (0, 5), (12, 40), (10, 15), (18, 65), (11, 29), (54, 67), (19, 45), (31, 71), (36, 64), (3, 9), (4, 8), (23, 24), (25, 61), (2, 62), (38, 58), (22, 55), (56, 63), (20, 73), (50, 53), (27, 57), (1, 47), (60, 66), (43, 59), (6, 49), (14, 44), (30, 37)}
Згенероване вершинне покриття (C): [0, 1, 2, 3, 4, 5, 6, 8, 9, 10, 11, 12, 14, 15, 16, 18, 19, 20, 21, 22, 23, 24, 25, 26, 27, 29, 30, 31, 34, 35, 36, 37, 38, 39, 40, 42, 43, 44, 45, 46, 47, 48, 49, 50, 51, 52, 53, 54, 55, 56, 57, 58, 59, 60, 61, 62, 63, 64, 65, 66, 67, 69, 70, 71, 73, 74]

--- Генерація вершинного покриття (зі списку суміжності) ---
Знайдене максимальне парування (M): {(20, 35), (7, 47), (6, 48), (43, 73), (57, 60), (46, 69), (9, 32), (10, 33), (27, 49), (41, 42), (23, 58), (30, 45), (3, 61), (21, 24), (50, 66), (12, 18), (68, 71), (39, 64), (11, 25), (1, 29), (15, 28), (4, 56), (59, 62), (26, 31), (52, 53), (37, 74), (36, 72), (5, 14), (8, 65), (13, 55), (0, 67), (16, 51), (38, 63), (22, 54), (19, 40)}
Згенероване вершинне покриття (C): [0, 1, 3, 4, 5, 6, 7, 8, 9, 10, 11, 12, 13, 14, 15, 16, 18, 19, 20, 21, 22, 23, 24, 25, 26, 27, 28, 29, 30, 31, 32, 33, 35, 36, 37, 38, 39, 40, 41, 42, 43, 45, 46, 47, 48, 49, 50, 51, 52, 53, 54, 55, 56, 57, 58, 59, 60, 61, 62, 63, 64, 65, 66, 67, 68, 69, 71, 72, 73, 74]

--- Генерація вершинного покриття (зі списку суміжності) ---
Знайдене максимальне парування (M): {(22, 60), (31, 69), (12, 65), (11, 45), (3, 68), (67, 71), (24, 48), (25, 59), (49, 53), (2, 5), (27, 28), (21, 58), (30, 42), (9, 44), (4, 14), (32, 63), (34, 36), (19, 29), (62, 64), (1, 23), (47, 51), (10, 26), (8, 38), (56, 66), (13, 37), (43, 50), (35, 46), (33, 61), (0, 6), (15, 55), (40, 54), (52, 74), (18, 57), (16, 72)}
Згенероване вершинне покриття (C): [0, 1, 2, 3, 4, 5, 6, 8, 9, 10, 11, 12, 13, 14, 15, 16, 18, 19, 21, 22, 23, 24, 25, 26, 27, 28, 29, 30, 31, 32, 33, 34, 35, 36, 37, 38, 40, 42, 43, 44, 45, 46, 47, 48, 49, 50, 51, 52, 53, 54, 55, 56, 57, 58, 59, 60, 61, 62, 63, 64, 65, 66, 67, 68, 69, 71, 72, 74]

--- Генерація вершинного покриття (зі списку суміжності) ---
Знайдене максимальне парування (M): {(9, 48), (50, 58), (17, 73), (69, 74), (40, 44), (0, 5), (8, 24), (29, 62), (14, 49), (53, 65), (41, 42), (32, 36), (10, 51), (7, 25), (2, 47), (3, 15), (23, 27), (12, 39), (18, 61), (28, 35), (34, 45), (56, 57), (55, 67), (22, 70), (11, 43), (4, 13), (30, 68), (6, 46), (71, 72), (26, 52), (54, 59), (20, 60), (31, 66)}
Згенероване вершинне покриття (C): [0, 2, 3, 4, 5, 6, 7, 8, 9, 10, 11, 12, 13, 14, 15, 17, 18, 20, 22, 23, 24, 25, 26, 27, 28, 29, 30, 31, 32, 34, 35, 36, 39, 40, 41, 42, 43, 44, 45, 46, 47, 48, 49, 50, 51, 52, 53, 54, 55, 56, 57, 58, 59, 60, 61, 62, 65, 66, 67, 68, 69, 70, 71, 72, 73, 74]

--- Генерація вершинного покриття (зі списку суміжності) ---
Знайдене максимальне парування (M): {(6, 12), (34, 68), (7, 38), (26, 45), (23, 28), (3, 25), (17, 21), (31, 44), (29, 56), (0, 72), (8, 24), (11, 20), (53, 65), (4, 57), (22, 62), (1, 33), (2, 32), (30, 54), (16, 37), (5, 67), (10, 66), (43, 60), (46, 59), (40, 70), (63, 69), (27, 51), (19, 41), (35, 58), (61, 74), (13, 55), (39, 49), (9, 18), (48, 73), (14, 50)}
Згенероване вершинне покриття (C): [0, 1, 2, 3, 4, 5, 6, 7, 8, 9, 10, 11, 12, 13, 14, 16, 17, 18, 19, 20, 21, 22, 23, 24, 25, 26, 27, 28, 29, 30, 31, 32, 33, 34, 35, 37, 38, 39, 40, 41, 43, 44, 45, 46, 48, 49, 50, 51, 53, 54, 55, 56, 57, 58, 59, 60, 61, 62, 63, 65, 66, 67, 68, 69, 70, 72, 73, 74]

--- Генерація вершинного покриття (зі списку суміжності) ---
Знайдене максимальне парування (M): {(16, 20), (32, 40), (44, 48), (2, 45), (52, 55), (69, 74), (19, 70), (1, 6), (29, 56), (25, 71), (7, 53), (39, 57), (9, 38), (30, 36), (46, 47), (14, 15), (60, 73), (26, 62), (3, 51), (17, 50), (12, 72), (18, 27), (41, 59), (24, 49), (42, 64), (35, 61), (5, 23), (22, 33), (8, 10), (31, 54), (4, 37), (28, 34), (63, 68), (13, 21)}
Згенероване вершинне покриття (C): [1, 2, 3, 4, 5, 6, 7, 8, 9, 10, 12, 13, 14, 15, 16, 17, 18, 19, 20, 21, 22, 23, 24, 25, 26, 27, 28, 29, 30, 31, 32, 33, 34, 35, 36, 37, 38, 39, 40, 41, 42, 44, 45, 46, 47, 48, 49, 50, 51, 52, 53, 54, 55, 56, 57, 59, 60, 61, 62, 63, 64, 68, 69, 70, 71, 72, 73, 74]

--- Генерація вершинного покриття (зі списку суміжності) ---
Знайдене максимальне парування (M): {(18, 23), (16, 29), (10, 43), (6, 30), (8, 64), (22, 32), (38, 44), (1, 55), (4, 33), (15, 57), (20, 53), (14, 49), (17, 45), (62, 71), (7, 74), (34, 58), (0, 41), (59, 60), (36, 73), (5, 70), (13, 56), (24, 65), (37, 47), (40, 67), (54, 66), (21, 69), (27, 72), (25, 51), (31, 39), (26, 61), (12, 50), (63, 68)}
Згенероване вершинне покриття (C): [0, 1, 4, 5, 6, 7, 8, 10, 12, 13, 14, 15, 16, 17, 18, 20, 21, 22, 23, 24, 25, 26, 27, 29, 30, 31, 32, 33, 34, 36, 37, 38, 39, 40, 41, 43, 44, 45, 47, 49, 50, 51, 53, 54, 55, 56, 57, 58, 59, 60, 61, 62, 63, 64, 65, 66, 67, 68, 69, 70, 71, 72, 73, 74]

--- Генерація вершинного покриття (зі списку суміжності) ---
Знайдене максимальне парування (M): {(63, 68), (30, 43), (13, 36), (1, 40), (16, 32), (17, 64), (52, 70), (31, 44), (49, 62), (23, 46), (26, 69), (4, 42), (45, 55), (2, 21), (59, 60), (5, 73), (8, 14), (6, 53), (11, 22), (15, 71), (19, 38), (48, 74), (24, 37), (7, 18), (47, 66), (58, 72), (20, 27), (25, 51), (9, 67), (57, 61), (12, 41), (34, 50), (10, 28), (3, 56)}
Згенероване вершинне покриття (C): [1, 2, 3, 4, 5, 6, 7, 8, 9, 10, 11, 12, 13, 14, 15, 16, 17, 18, 19, 20, 21, 22, 23, 24, 25, 26, 27, 28, 30, 31, 32, 34, 36, 37, 38, 40, 41, 42, 43, 44, 45, 46, 47, 48, 49, 50, 51, 52, 53, 55, 56, 57, 58, 59, 60, 61, 62, 63, 64, 66, 67, 68, 69, 70, 71, 72, 73, 74]

--- Генерація вершинного покриття (зі списку суміжності) ---
Знайдене максимальне парування (M): {(7, 72), (36, 65), (18, 26), (15, 39), (52, 55), (58, 71), (13, 57), (49, 56), (31, 44), (20, 41), (1, 73), (8, 24), (48, 69), (62, 68), (54, 64), (14, 61), (4, 60), (42, 50), (0, 53), (12, 27), (10, 66), (22, 34), (3, 33), (2, 74), (17, 32), (16, 21), (35, 37), (11, 43), (5, 63), (38, 45), (9, 67), (29, 51), (6, 70), (19, 40)}
Згенероване вершинне покриття (C): [0, 1, 2, 3, 4, 5, 6, 7, 8, 9, 10, 11, 12, 13, 14, 15, 16, 17, 18, 19, 20, 21, 22, 24, 26, 27, 29, 31, 32, 33, 34, 35, 36, 37, 38, 39, 40, 41, 42, 43, 44, 45, 48, 49, 50, 51, 52, 53, 54, 55, 56, 57, 58, 60, 61, 62, 63, 64, 65, 66, 67, 68, 69, 70, 71, 72, 73, 74]

--- Генерація вершинного покриття (зі списку суміжності) ---
Знайдене максимальне парування (M): {(25, 35), (47, 65), (18, 32), (44, 57), (48, 54), (13, 66), (20, 41), (29, 56), (11, 14), (6, 70), (22, 62), (37, 60), (5, 55), (36, 67), (46, 50), (9, 16), (43, 72), (21, 39), (2, 74), (27, 42), (31, 64), (33, 40), (53, 73), (12, 17), (52, 59), (15, 34), (30, 68), (4, 28), (24, 61), (7, 45), (8, 10), (26, 58), (23, 38), (1, 19)}
Згенероване вершинне покриття (C): [1, 2, 4, 5, 6, 7, 8, 9, 10, 11, 12, 13, 14, 15, 16, 17, 18, 19, 20, 21, 22, 23, 24, 25, 26, 27, 28, 29, 30, 31, 32, 33, 34, 35, 36, 37, 38, 39, 40, 41, 42, 43, 44, 45, 46, 47, 48, 50, 52, 53, 54, 55, 56, 57, 58, 59, 60, 61, 62, 64, 65, 66, 67, 68, 70, 72, 73, 74]

--- Генерація вершинного покриття (зі списку суміжності) ---
Знайдене максимальне парування (M): {(63, 74), (27, 50), (36, 65), (35, 45), (9, 66), (3, 19), (26, 51), (40, 41), (29, 47), (31, 44), (5, 22), (68, 72), (10, 18), (55, 56), (62, 71), (39, 69), (21, 67), (23, 58), (32, 42), (30, 48), (8, 54), (4, 11), (38, 43), (25, 61), (14, 24), (20, 34), (7, 12), (13, 28), (37, 59), (2, 46), (15, 52), (57, 64), (33, 70), (1, 16)}
Згенероване вершинне покриття (C): [1, 2, 3, 4, 5, 7, 8, 9, 10, 11, 12, 13, 14, 15, 16, 18, 19, 20, 21, 22, 23, 24, 25, 26, 27, 28, 29, 30, 31, 32, 33, 34, 35, 36, 37, 38, 39, 40, 41, 42, 43, 44, 45, 46, 47, 48, 50, 51, 52, 54, 55, 56, 57, 58, 59, 61, 62, 63, 64, 65, 66, 67, 68, 69, 70, 71, 72, 74]

--- Генерація вершинного покриття (зі списку суміжності) ---
Знайдене максимальне парування (M): {(47, 56), (4, 49), (9, 48), (55, 72), (14, 68), (8, 52), (11, 54), (26, 42), (5, 13), (35, 57), (2, 66), (28, 36), (12, 61), (24, 29), (7, 31), (6, 44), (43, 60), (25, 73), (34, 39), (40, 70), (23, 51), (21, 63), (45, 69), (50, 62), (19, 59), (41, 65), (10, 53), (33, 58), (17, 22), (15, 64), (32, 74), (1, 16), (0, 18), (3, 38), (37, 46)}
Згенероване вершинне покриття (C): [0, 1, 2, 3, 4, 5, 6, 7, 8, 9, 10, 11, 12, 13, 14, 15, 16, 17, 18, 19, 21, 22, 23, 24, 25, 26, 28, 29, 31, 32, 33, 34, 35, 36, 37, 38, 39, 40, 41, 42, 43, 44, 45, 46, 47, 48, 49, 50, 51, 52, 53, 54, 55, 56, 57, 58, 59, 60, 61, 62, 63, 64, 65, 66, 68, 69, 70, 72, 73, 74]

--- Генерація вершинного покриття (зі списку суміжності) ---
Знайдене максимальне парування (M): {(32, 37), (8, 43), (13, 33), (25, 47), (0, 54), (3, 22), (31, 38), (16, 62), (10, 24), (28, 39), (26, 29), (58, 64), (19, 57), (50, 60), (48, 53), (4, 20), (11, 71), (36, 41), (1, 69), (15, 68), (34, 63), (27, 51), (42, 52), (45, 72), (17, 49), (9, 12), (35, 61), (6, 55), (46, 73), (2, 70), (40, 66), (7, 14)}
Згенероване вершинне покриття (C): [0, 1, 2, 3, 4, 6, 7, 8, 9, 10, 11, 12, 13, 14, 15, 16, 17, 19, 20, 22, 24, 25, 26, 27, 28, 29, 31, 32, 33, 34, 35, 36, 37, 38, 39, 40, 41, 42, 43, 45, 46, 47, 48, 49, 50, 51, 52, 53, 54, 55, 57, 58, 60, 61, 62, 63, 64, 66, 68, 69, 70, 71, 72, 73]

--- Генерація вершинного покриття (зі списку суміжності) ---
Знайдене максимальне парування (M): {(47, 56), (32, 58), (5, 13), (41, 64), (61, 73), (49, 50), (14, 37), (7, 59), (11, 23), (53, 65), (4, 54), (17, 45), (19, 39), (18, 25), (28, 60), (44, 68), (40, 46), (10, 72), (1, 20), (31, 55), (48, 71), (36, 51), (63, 69), (0, 34), (9, 52), (22, 67), (24, 43), (29, 33), (30, 62), (21, 38), (12, 35), (42, 70), (16, 66)}
Згенероване вершинне покриття (C): [0, 1, 4, 5, 7, 9, 10, 11, 12, 13, 14, 16, 17, 18, 19, 20, 21, 22, 23, 24, 25, 28, 29, 30, 31, 32, 33, 34, 35, 36, 37, 38, 39, 40, 41, 42, 43, 44, 45, 46, 47, 48, 49, 50, 51, 52, 53, 54, 55, 56, 58, 59, 60, 61, 62, 63, 64, 65, 66, 67, 68, 69, 70, 71, 72, 73]

--- Генерація вершинного покриття (зі списку суміжності) ---
Знайдене максимальне парування (M): {(36, 65), (8, 46), (14, 16), (29, 32), (30, 70), (41, 64), (42, 69), (44, 66), (12, 34), (27, 28), (3, 52), (15, 23), (31, 74), (10, 54), (51, 61), (13, 56), (57, 71), (11, 22), (19, 50), (43, 53), (17, 62), (20, 24), (60, 72), (26, 49), (40, 45), (0, 9), (4, 25), (18, 48), (21, 47), (33, 73), (39, 58), (2, 6), (5, 35)}
Згенероване вершинне покриття (C): [0, 2, 3, 4, 5, 6, 8, 9, 10, 11, 12, 13, 14, 15, 16, 17, 18, 19, 20, 21, 22, 23, 24, 25, 26, 27, 28, 29, 30, 31, 32, 33, 34, 35, 36, 39, 40, 41, 42, 43, 44, 45, 46, 47, 48, 49, 50, 51, 52, 53, 54, 56, 57, 58, 60, 61, 62, 64, 65, 66, 69, 70, 71, 72, 73, 74]

--- Генерація вершинного покриття (зі списку суміжності) ---
Знайдене максимальне парування (M): {(29, 35), (25, 50), (41, 67), (33, 66), (18, 56), (22, 47), (27, 37), (40, 65), (12, 55), (24, 26), (0, 38), (14, 61), (23, 70), (5, 6), (3, 15), (42, 68), (16, 46), (43, 60), (30, 72), (45, 51), (20, 58), (7, 64), (2, 19), (4, 44), (21, 63), (17, 62), (52, 53), (31, 39), (10, 71), (49, 57), (8, 13), (32, 74), (28, 34), (54, 59), (48, 73)}
Згенероване вершинне покриття (C): [0, 2, 3, 4, 5, 6, 7, 8, 10, 12, 13, 14, 15, 16, 17, 18, 19, 20, 21, 22, 23, 24, 25, 26, 27, 28, 29, 30, 31, 32, 33, 34, 35, 37, 38, 39, 40, 41, 42, 43, 44, 45, 46, 47, 48, 49, 50, 51, 52, 53, 54, 55, 56, 57, 58, 59, 60, 61, 62, 63, 64, 65, 66, 67, 68, 70, 71, 72, 73, 74]

--- Генерація вершинного покриття (зі списку суміжності) ---
Знайдене максимальне парування (M): {(13, 30), (24, 33), (6, 27), (2, 51), (8, 73), (1, 61), (66, 69), (29, 50), (34, 43), (31, 65), (49, 74), (17, 45), (5, 52), (53, 71), (32, 42), (14, 70), (46, 47), (39, 44), (0, 10), (12, 54), (62, 67), (19, 38), (9, 37), (15, 22), (36, 63), (3, 60), (11, 55), (4, 28), (35, 64), (20, 57), (16, 23)}
Згенероване вершинне покриття (C): [0, 1, 2, 3, 4, 5, 6, 8, 9, 10, 11, 12, 13, 14, 15, 16, 17, 19, 20, 22, 23, 24, 27, 28, 29, 30, 31, 32, 33, 34, 35, 36, 37, 38, 39, 42, 43, 44, 45, 46, 47, 49, 50, 51, 52, 53, 54, 55, 57, 60, 61, 62, 63, 64, 65, 66, 67, 69, 70, 71, 73, 74]

--- Генерація вершинного покриття (зі списку суміжності) ---
Знайдене максимальне парування (M): {(1, 37), (21, 74), (44, 54), (33, 63), (4, 24), (49, 56), (3, 31), (0, 11), (9, 38), (14, 55), (20, 71), (7, 19), (34, 67), (15, 29), (61, 72), (6, 47), (65, 66), (5, 30), (36, 39), (16, 70), (28, 41), (27, 51), (17, 53), (50, 68), (12, 23), (26, 46), (10, 59), (48, 58), (57, 64), (35, 73), (2, 18), (8, 25), (62, 69)}
Згенероване вершинне покриття (C): [0, 1, 2, 3, 4, 5, 6, 7, 8, 9, 10, 11, 12, 14, 15, 16, 17, 18, 19, 20, 21, 23, 24, 25, 26, 27, 28, 29, 30, 31, 33, 34, 35, 36, 37, 38, 39, 41, 44, 46, 47, 48, 49, 50, 51, 53, 54, 55, 56, 57, 58, 59, 61, 62, 63, 64, 65, 66, 67, 68, 69, 70, 71, 72, 73, 74]

--- Генерація вершинного покриття (зі списку суміжності) ---
Знайдене максимальне парування (M): {(50, 52), (58, 59), (36, 71), (0, 51), (33, 57), (38, 47), (61, 73), (2, 5), (10, 18), (12, 43), (9, 35), (6, 69), (41, 42), (22, 62), (20, 28), (16, 49), (27, 67), (46, 65), (25, 64), (40, 55), (1, 72), (21, 66), (26, 74), (45, 63), (23, 60), (13, 37), (4, 7), (32, 56), (14, 17), (19, 68), (29, 39), (11, 15), (30, 31)}
Згенероване вершинне покриття (C): [0, 1, 2, 4, 5, 6, 7, 9, 10, 11, 12, 13, 14, 15, 16, 17, 18, 19, 20, 21, 22, 23, 25, 26, 27, 28, 29, 30, 31, 32, 33, 35, 36, 37, 38, 39, 40, 41, 42, 43, 45, 46, 47, 49, 50, 51, 52, 55, 56, 57, 58, 59, 60, 61, 62, 63, 64, 65, 66, 67, 68, 69, 71, 72, 73, 74]

--- Генерація вершинного покриття (зі списку суміжності) ---
Знайдене максимальне парування (M): {(16, 20), (47, 65), (44, 51), (30, 58), (13, 42), (11, 54), (23, 28), (9, 63), (29, 41), (17, 21), (2, 14), (1, 24), (45, 64), (3, 61), (55, 71), (7, 25), (59, 69), (52, 72), (5, 39), (38, 73), (62, 66), (0, 31), (12, 57), (10, 35), (6, 74), (8, 50), (33, 43), (36, 60), (26, 40), (19, 68), (32, 53), (46, 67), (48, 70), (34, 56)}
Згенероване вершинне покриття (C): [0, 1, 2, 3, 5, 6, 7, 8, 9, 10, 11, 12, 13, 14, 16, 17, 19, 20, 21, 23, 24, 25, 26, 28, 29, 30, 31, 32, 33, 34, 35, 36, 38, 39, 40, 41, 42, 43, 44, 45, 46, 47, 48, 50, 51, 52, 53, 54, 55, 56, 57, 58, 59, 60, 61, 62, 63, 64, 65, 66, 67, 68, 69, 70, 71, 72, 73, 74]

--- Генерація вершинного покриття (зі списку суміжності) ---
Знайдене максимальне парування (M): {(3, 4), (7, 35), (13, 45), (25, 44), (43, 52), (18, 41), (17, 30), (9, 20), (49, 62), (2, 23), (37, 57), (56, 64), (47, 61), (0, 38), (59, 60), (21, 33), (12, 42), (8, 26), (6, 65), (24, 74), (63, 69), (10, 29), (15, 19), (28, 50), (31, 73), (22, 67), (51, 54), (14, 72), (39, 40), (11, 70), (27, 32), (1, 71), (34, 53)}
Згенероване вершинне покриття (C): [0, 1, 2, 3, 4, 6, 7, 8, 9, 10, 11, 12, 13, 14, 15, 17, 18, 19, 20, 21, 22, 23, 24, 25, 26, 27, 28, 29, 30, 31, 32, 33, 34, 35, 37, 38, 39, 40, 41, 42, 43, 44, 45, 47, 49, 50, 51, 52, 53, 54, 56, 57, 59, 60, 61, 62, 63, 64, 65, 67, 69, 70, 71, 72, 73, 74]

--- Генерація вершинного покриття (зі списку суміжності) ---
Знайдене максимальне парування (M): {(37, 61), (3, 10), (21, 31), (50, 73), (1, 58), (27, 74), (48, 54), (43, 70), (24, 60), (32, 67), (9, 47), (4, 66), (7, 22), (59, 69), (0, 53), (38, 49), (6, 44), (16, 46), (42, 65), (20, 40), (23, 36), (35, 68), (8, 26), (34, 51), (14, 45), (15, 19), (29, 30), (12, 17), (33, 55), (13, 52), (28, 71), (25, 57), (18, 63), (39, 64)}
Згенероване вершинне покриття (C): [0, 1, 3, 4, 6, 7, 8, 9, 10, 12, 13, 14, 15, 16, 17, 18, 19, 20, 21, 22, 23, 24, 25, 26, 27, 28, 29, 30, 31, 32, 33, 34, 35, 36, 37, 38, 39, 40, 42, 43, 44, 45, 46, 47, 48, 49, 50, 51, 52, 53, 54, 55, 57, 58, 59, 60, 61, 63, 64, 65, 66, 67, 68, 69, 70, 71, 73, 74]

--- Генерація вершинного покриття (зі списку суміжності) ---
Знайдене максимальне парування (M): {(39, 73), (18, 20), (28, 61), (1, 34), (33, 48), (14, 74), (31, 44), (3, 52), (2, 29), (30, 45), (19, 51), (15, 38), (59, 72), (43, 60), (24, 62), (65, 69), (13, 71), (8, 32), (12, 66), (47, 57), (4, 56), (6, 22), (9, 55), (42, 67), (5, 23), (46, 64), (35, 70), (17, 25), (7, 11), (53, 63), (0, 27), (54, 68)}
Згенероване вершинне покриття (C): [0, 1, 2, 3, 4, 5, 6, 7, 8, 9, 11, 12, 13, 14, 15, 17, 18, 19, 20, 22, 23, 24, 25, 27, 28, 29, 30, 31, 32, 33, 34, 35, 38, 39, 42, 43, 44, 45, 46, 47, 48, 51, 52, 53, 54, 55, 56, 57, 59, 60, 61, 62, 63, 64, 65, 66, 67, 68, 69, 70, 71, 72, 73, 74]

--- Генерація вершинного покриття (зі списку суміжності) ---
Знайдене максимальне парування (M): {(33, 42), (41, 49), (34, 71), (30, 64), (3, 25), (46, 54), (16, 65), (22, 53), (37, 57), (40, 74), (1, 39), (61, 63), (6, 29), (4, 72), (12, 24), (14, 15), (48, 56), (0, 10), (31, 43), (26, 59), (18, 55), (20, 52), (28, 35), (2, 13), (21, 66), (62, 73), (8, 50), (27, 60), (17, 19), (9, 70), (11, 67), (7, 51), (23, 47), (38, 69), (5, 44)}
Згенероване вершинне покриття (C): [0, 1, 2, 3, 4, 5, 6, 7, 8, 9, 10, 11, 12, 13, 14, 15, 16, 17, 18, 19, 20, 21, 22, 23, 24, 25, 26, 27, 28, 29, 30, 31, 33, 34, 35, 37, 38, 39, 40, 41, 42, 43, 44, 46, 47, 48, 49, 50, 51, 52, 53, 54, 55, 56, 57, 59, 60, 61, 62, 63, 64, 65, 66, 67, 69, 70, 71, 72, 73, 74]

--- Генерація вершинного покриття (зі списку суміжності) ---
Знайдене максимальне парування (M): {(25, 35), (37, 61), (56, 74), (13, 45), (5, 7), (50, 73), (32, 70), (23, 64), (30, 51), (1, 36), (16, 34), (8, 63), (52, 57), (20, 28), (42, 68), (38, 49), (0, 65), (26, 53), (48, 62), (39, 59), (18, 67), (6, 19), (9, 46), (10, 41), (47, 66), (3, 69), (24, 43), (44, 55), (15, 58), (14, 29), (40, 54), (17, 31), (11, 27), (71, 72)}
Згенероване вершинне покриття (C): [0, 1, 3, 5, 6, 7, 8, 9, 10, 11, 13, 14, 15, 16, 17, 18, 19, 20, 23, 24, 25, 26, 27, 28, 29, 30, 31, 32, 34, 35, 36, 37, 38, 39, 40, 41, 42, 43, 44, 45, 46, 47, 48, 49, 50, 51, 52, 53, 54, 55, 56, 57, 58, 59, 61, 62, 63, 64, 65, 66, 67, 68, 69, 70, 71, 72, 73, 74]

Середній час виконання: 0.0000553226 секунд
