
--- Генерація вершинного покриття (зі списку суміжності) ---
Знайдене максимальне парування (M): {(6, 15), (26, 27), (18, 47), (8, 12), (34, 46), (9, 32), (7, 25), (1, 48), (20, 43), (11, 13), (14, 42), (19, 35), (0, 31), (33, 40), (29, 30), (22, 24), (5, 17), (36, 38), (3, 41), (16, 23)}
Згенероване вершинне покриття (C): [0, 1, 3, 5, 6, 7, 8, 9, 11, 12, 13, 14, 15, 16, 17, 18, 19, 20, 22, 23, 24, 25, 26, 27, 29, 30, 31, 32, 33, 34, 35, 36, 38, 40, 41, 42, 43, 46, 47, 48]

--- Генерація вершинного покриття (зі списку суміжності) ---
Знайдене максимальне парування (M): {(1, 31), (41, 49), (14, 16), (4, 30), (19, 24), (9, 32), (10, 27), (28, 45), (42, 47), (6, 23), (29, 37), (39, 44), (38, 46), (3, 33), (8, 26), (0, 40), (7, 21), (12, 20), (22, 36), (13, 18)}
Згенероване вершинне покриття (C): [0, 1, 3, 4, 6, 7, 8, 9, 10, 12, 13, 14, 16, 18, 19, 20, 21, 22, 23, 24, 26, 27, 28, 29, 30, 31, 32, 33, 36, 37, 38, 39, 40, 41, 42, 44, 45, 46, 47, 49]

--- Генерація вершинного покриття (зі списку суміжності) ---
Знайдене максимальне парування (M): {(25, 29), (19, 43), (13, 39), (40, 47), (31, 41), (4, 30), (45, 46), (8, 33), (1, 21), (15, 23), (26, 35), (10, 48), (0, 16), (14, 36), (22, 49), (6, 28), (7, 42), (12, 38), (9, 18), (11, 24), (5, 44)}
Згенероване вершинне покриття (C): [0, 1, 4, 5, 6, 7, 8, 9, 10, 11, 12, 13, 14, 15, 16, 18, 19, 21, 22, 23, 24, 25, 26, 28, 29, 30, 31, 33, 35, 36, 38, 39, 40, 41, 42, 43, 44, 45, 46, 47, 48, 49]

--- Генерація вершинного покриття (зі списку суміжності) ---
Знайдене максимальне парування (M): {(41, 46), (21, 28), (3, 13), (23, 37), (0, 17), (19, 27), (2, 32), (25, 34), (12, 24), (20, 31), (1, 48), (9, 10), (8, 26), (14, 42), (30, 35), (7, 18), (16, 33), (43, 47), (39, 40), (22, 36), (5, 38)}
Згенероване вершинне покриття (C): [0, 1, 2, 3, 5, 7, 8, 9, 10, 12, 13, 14, 16, 17, 18, 19, 20, 21, 22, 23, 24, 25, 26, 27, 28, 30, 31, 32, 33, 34, 35, 36, 37, 38, 39, 40, 41, 42, 43, 46, 47, 48]

--- Генерація вершинного покриття (зі списку суміжності) ---
Знайдене максимальне парування (M): {(25, 32), (2, 39), (6, 27), (21, 31), (13, 23), (7, 10), (33, 35), (12, 15), (46, 47), (18, 40), (1, 48), (8, 14), (4, 29), (34, 36), (9, 22), (11, 19), (5, 42), (17, 41), (24, 28), (0, 49), (26, 43), (3, 20), (30, 37)}
Згенероване вершинне покриття (C): [0, 1, 2, 3, 4, 5, 6, 7, 8, 9, 10, 11, 12, 13, 14, 15, 17, 18, 19, 20, 21, 22, 23, 24, 25, 26, 27, 28, 29, 30, 31, 32, 33, 34, 35, 36, 37, 39, 40, 41, 42, 43, 46, 47, 48, 49]

--- Генерація вершинного покриття (зі списку суміжності) ---
Знайдене максимальне парування (M): {(9, 39), (2, 42), (3, 16), (35, 48), (6, 36), (12, 28), (29, 32), (7, 44), (4, 33), (0, 17), (19, 24), (14, 49), (13, 23), (1, 30), (38, 46), (8, 20), (11, 34), (41, 47), (26, 40), (37, 43), (10, 31)}
Згенероване вершинне покриття (C): [0, 1, 2, 3, 4, 6, 7, 8, 9, 10, 11, 12, 13, 14, 16, 17, 19, 20, 23, 24, 26, 28, 29, 30, 31, 32, 33, 34, 35, 36, 37, 38, 39, 40, 41, 42, 43, 44, 46, 47, 48, 49]

--- Генерація вершинного покриття (зі списку суміжності) ---
Знайдене максимальне парування (M): {(15, 30), (18, 20), (44, 45), (1, 40), (13, 39), (5, 7), (38, 41), (12, 31), (3, 37), (28, 33), (2, 29), (6, 32), (21, 27), (17, 26), (8, 23), (34, 42), (11, 25), (19, 47), (0, 43), (4, 10), (24, 49), (22, 48), (9, 36)}
Згенероване вершинне покриття (C): [0, 1, 2, 3, 4, 5, 6, 7, 8, 9, 10, 11, 12, 13, 15, 17, 18, 19, 20, 21, 22, 23, 24, 25, 26, 27, 28, 29, 30, 31, 32, 33, 34, 36, 37, 38, 39, 40, 41, 42, 43, 44, 45, 47, 48, 49]

--- Генерація вершинного покриття (зі списку суміжності) ---
Знайдене максимальне парування (M): {(13, 39), (10, 46), (25, 44), (7, 38), (14, 28), (23, 34), (19, 42), (2, 35), (33, 41), (1, 36), (4, 8), (29, 31), (21, 27), (12, 30), (5, 18), (6, 47), (20, 40), (17, 32), (0, 49), (16, 45), (22, 48)}
Згенероване вершинне покриття (C): [0, 1, 2, 4, 5, 6, 7, 8, 10, 12, 13, 14, 16, 17, 18, 19, 20, 21, 22, 23, 25, 27, 28, 29, 30, 31, 32, 33, 34, 35, 36, 38, 39, 40, 41, 42, 44, 45, 46, 47, 48, 49]

--- Генерація вершинного покриття (зі списку суміжності) ---
Знайдене максимальне парування (M): {(8, 43), (15, 24), (20, 41), (23, 49), (28, 36), (30, 33), (7, 19), (6, 26), (35, 44), (5, 21), (39, 47), (18, 46), (9, 22), (3, 42), (14, 45), (4, 10), (12, 32), (31, 48), (17, 37), (1, 25), (11, 27)}
Згенероване вершинне покриття (C): [1, 3, 4, 5, 6, 7, 8, 9, 10, 11, 12, 14, 15, 17, 18, 19, 20, 21, 22, 23, 24, 25, 26, 27, 28, 30, 31, 32, 33, 35, 36, 37, 39, 41, 42, 43, 44, 45, 46, 47, 48, 49]

--- Генерація вершинного покриття (зі списку суміжності) ---
Знайдене максимальне парування (M): {(11, 36), (0, 39), (15, 42), (20, 35), (22, 26), (19, 40), (3, 28), (23, 37), (9, 31), (4, 47), (8, 32), (27, 45), (13, 25), (10, 41), (7, 30), (12, 14), (44, 46), (18, 33), (34, 38), (2, 24), (17, 49)}
Згенероване вершинне покриття (C): [0, 2, 3, 4, 7, 8, 9, 10, 11, 12, 13, 14, 15, 17, 18, 19, 20, 22, 23, 24, 25, 26, 27, 28, 30, 31, 32, 33, 34, 35, 36, 37, 38, 39, 40, 41, 42, 44, 45, 46, 47, 49]

--- Генерація вершинного покриття (зі списку суміжності) ---
Знайдене максимальне парування (M): {(25, 32), (20, 35), (38, 44), (22, 47), (4, 45), (0, 29), (24, 26), (5, 15), (40, 49), (27, 30), (11, 13), (2, 16), (3, 39), (36, 48), (33, 37), (18, 42), (6, 43), (23, 41), (28, 31), (1, 10)}
Згенероване вершинне покриття (C): [0, 1, 2, 3, 4, 5, 6, 10, 11, 13, 15, 16, 18, 20, 22, 23, 24, 25, 26, 27, 28, 29, 30, 31, 32, 33, 35, 36, 37, 38, 39, 40, 41, 42, 43, 44, 45, 47, 48, 49]

--- Генерація вершинного покриття (зі списку суміжності) ---
Знайдене максимальне парування (M): {(0, 36), (5, 10), (12, 40), (4, 30), (3, 49), (13, 23), (25, 28), (41, 42), (17, 48), (1, 39), (15, 32), (18, 37), (20, 43), (19, 29), (11, 31), (2, 34), (6, 22), (7, 27), (24, 46), (21, 35), (8, 16), (9, 33)}
Згенероване вершинне покриття (C): [0, 1, 2, 3, 4, 5, 6, 7, 8, 9, 10, 11, 12, 13, 15, 16, 17, 18, 19, 20, 21, 22, 23, 24, 25, 27, 28, 29, 30, 31, 32, 33, 34, 35, 36, 37, 39, 40, 41, 42, 43, 46, 48, 49]

--- Генерація вершинного покриття (зі списку суміжності) ---
Знайдене максимальне парування (M): {(32, 37), (21, 28), (14, 16), (4, 24), (12, 43), (45, 49), (36, 46), (10, 33), (13, 44), (20, 25), (15, 38), (26, 47), (23, 42), (5, 30), (3, 39), (7, 9), (11, 31), (0, 34), (8, 41), (27, 48), (35, 40), (2, 6), (1, 22)}
Згенероване вершинне покриття (C): [0, 1, 2, 3, 4, 5, 6, 7, 8, 9, 10, 11, 12, 13, 14, 15, 16, 20, 21, 22, 23, 24, 25, 26, 27, 28, 30, 31, 32, 33, 34, 35, 36, 37, 38, 39, 40, 41, 42, 43, 44, 45, 46, 47, 48, 49]

--- Генерація вершинного покриття (зі списку суміжності) ---
Знайдене максимальне парування (M): {(32, 34), (8, 9), (12, 31), (20, 41), (28, 48), (1, 42), (25, 43), (21, 24), (26, 38), (35, 47), (4, 17), (5, 18), (10, 11), (0, 19), (27, 33), (36, 45), (13, 40), (44, 46), (3, 23), (22, 30), (39, 49), (7, 14)}
Згенероване вершинне покриття (C): [0, 1, 3, 4, 5, 7, 8, 9, 10, 11, 12, 13, 14, 17, 18, 19, 20, 21, 22, 23, 24, 25, 26, 27, 28, 30, 31, 32, 33, 34, 35, 36, 38, 39, 40, 41, 42, 43, 44, 45, 46, 47, 48, 49]

--- Генерація вершинного покриття (зі списку суміжності) ---
Знайдене максимальне парування (M): {(1, 12), (42, 45), (0, 26), (28, 34), (14, 17), (36, 46), (20, 23), (39, 49), (21, 41), (35, 48), (2, 6), (22, 32), (7, 8), (27, 29), (11, 44), (19, 38), (15, 25), (5, 18)}
Згенероване вершинне покриття (C): [0, 1, 2, 5, 6, 7, 8, 11, 12, 14, 15, 17, 18, 19, 20, 21, 22, 23, 25, 26, 27, 28, 29, 32, 34, 35, 36, 38, 39, 41, 42, 44, 45, 46, 48, 49]

--- Генерація вершинного покриття (зі списку суміжності) ---
Знайдене максимальне парування (M): {(24, 33), (27, 46), (5, 49), (7, 16), (6, 26), (4, 8), (39, 41), (12, 42), (21, 48), (0, 28), (19, 35), (1, 32), (2, 37), (38, 45), (15, 43), (14, 20), (23, 29), (31, 36), (10, 13), (17, 22), (34, 44), (3, 47), (9, 30)}
Згенероване вершинне покриття (C): [0, 1, 2, 3, 4, 5, 6, 7, 8, 9, 10, 12, 13, 14, 15, 16, 17, 19, 20, 21, 22, 23, 24, 26, 27, 28, 29, 30, 31, 32, 33, 34, 35, 36, 37, 38, 39, 41, 42, 43, 44, 45, 46, 47, 48, 49]

--- Генерація вершинного покриття (зі списку суміжності) ---
Знайдене максимальне парування (M): {(4, 49), (32, 43), (6, 30), (22, 44), (11, 23), (12, 46), (20, 25), (39, 41), (0, 1), (14, 24), (9, 13), (7, 21), (3, 5), (18, 27), (16, 42), (26, 40), (38, 45), (34, 35), (8, 28), (19, 31), (36, 47)}
Згенероване вершинне покриття (C): [0, 1, 3, 4, 5, 6, 7, 8, 9, 11, 12, 13, 14, 16, 18, 19, 20, 21, 22, 23, 24, 25, 26, 27, 28, 30, 31, 32, 34, 35, 36, 38, 39, 40, 41, 42, 43, 44, 45, 46, 47, 49]

--- Генерація вершинного покриття (зі списку суміжності) ---
Знайдене максимальне парування (M): {(3, 7), (12, 37), (2, 14), (19, 30), (17, 33), (27, 31), (0, 26), (34, 46), (41, 42), (18, 28), (6, 35), (21, 39), (23, 36), (9, 40), (8, 32), (24, 49), (4, 13), (16, 45), (10, 25), (22, 48), (5, 47)}
Згенероване вершинне покриття (C): [0, 2, 3, 4, 5, 6, 7, 8, 9, 10, 12, 13, 14, 16, 17, 18, 19, 21, 22, 23, 24, 25, 26, 27, 28, 30, 31, 32, 33, 34, 35, 36, 37, 39, 40, 41, 42, 45, 46, 47, 48, 49]

--- Генерація вершинного покриття (зі списку суміжності) ---
Знайдене максимальне парування (M): {(1, 40), (4, 12), (15, 45), (21, 49), (34, 43), (11, 47), (18, 28), (24, 44), (6, 32), (27, 30), (5, 36), (7, 9), (17, 41), (8, 38), (14, 48), (2, 46), (31, 42), (22, 39), (10, 19)}
Згенероване вершинне покриття (C): [1, 2, 4, 5, 6, 7, 8, 9, 10, 11, 12, 14, 15, 17, 18, 19, 21, 22, 24, 27, 28, 30, 31, 32, 34, 36, 38, 39, 40, 41, 42, 43, 44, 45, 46, 47, 48, 49]

--- Генерація вершинного покриття (зі списку суміжності) ---
Знайдене максимальне парування (M): {(26, 27), (43, 49), (7, 35), (12, 28), (39, 42), (4, 18), (20, 44), (1, 6), (23, 34), (3, 40), (45, 46), (24, 47), (29, 37), (21, 48), (11, 19), (0, 25), (10, 38), (5, 14), (2, 9), (8, 22), (13, 15)}
Згенероване вершинне покриття (C): [0, 1, 2, 3, 4, 5, 6, 7, 8, 9, 10, 11, 12, 13, 14, 15, 18, 19, 20, 21, 22, 23, 24, 25, 26, 27, 28, 29, 34, 35, 37, 38, 39, 40, 42, 43, 44, 45, 46, 47, 48, 49]

--- Генерація вершинного покриття (зі списку суміжності) ---
Знайдене максимальне парування (M): {(24, 36), (7, 32), (4, 15), (17, 21), (10, 25), (13, 14), (44, 47), (1, 45), (3, 18), (29, 46), (19, 23), (8, 20), (33, 37), (9, 43), (2, 40), (16, 42), (26, 34), (31, 39), (12, 41), (27, 35)}
Згенероване вершинне покриття (C): [1, 2, 3, 4, 7, 8, 9, 10, 12, 13, 14, 15, 16, 17, 18, 19, 20, 21, 23, 24, 25, 26, 27, 29, 31, 32, 33, 34, 35, 36, 37, 39, 40, 41, 42, 43, 44, 45, 46, 47]

--- Генерація вершинного покриття (зі списку суміжності) ---
Знайдене максимальне парування (M): {(24, 42), (1, 46), (35, 48), (8, 15), (28, 33), (7, 10), (25, 40), (20, 31), (18, 49), (22, 37), (14, 27), (23, 39), (4, 38), (17, 47), (19, 44), (2, 43), (0, 9), (3, 26), (34, 41)}
Згенероване вершинне покриття (C): [0, 1, 2, 3, 4, 7, 8, 9, 10, 14, 15, 17, 18, 19, 20, 22, 23, 24, 25, 26, 27, 28, 31, 33, 34, 35, 37, 38, 39, 40, 41, 42, 43, 44, 46, 47, 48, 49]

--- Генерація вершинного покриття (зі списку суміжності) ---
Знайдене максимальне парування (M): {(0, 42), (15, 24), (20, 29), (1, 12), (8, 33), (27, 46), (22, 25), (9, 28), (14, 45), (19, 41), (13, 34), (11, 49), (7, 30), (26, 37), (21, 32), (23, 44), (4, 40), (2, 6), (17, 31), (5, 35)}
Згенероване вершинне покриття (C): [0, 1, 2, 4, 5, 6, 7, 8, 9, 11, 12, 13, 14, 15, 17, 19, 20, 21, 22, 23, 24, 25, 26, 27, 28, 29, 30, 31, 32, 33, 34, 35, 37, 40, 41, 42, 44, 45, 46, 49]

--- Генерація вершинного покриття (зі списку суміжності) ---
Знайдене максимальне парування (M): {(2, 48), (22, 32), (18, 47), (3, 28), (11, 17), (19, 30), (27, 40), (15, 26), (42, 44), (4, 5), (29, 37), (7, 12), (25, 33), (9, 46), (0, 43), (21, 23), (16, 45), (8, 10), (1, 13), (36, 41)}
Згенероване вершинне покриття (C): [0, 1, 2, 3, 4, 5, 7, 8, 9, 10, 11, 12, 13, 15, 16, 17, 18, 19, 21, 22, 23, 25, 26, 27, 28, 29, 30, 32, 33, 36, 37, 40, 41, 42, 43, 44, 45, 46, 47, 48]

--- Генерація вершинного покриття (зі списку суміжності) ---
Знайдене максимальне парування (M): {(18, 23), (13, 42), (16, 47), (9, 17), (27, 38), (2, 5), (12, 43), (19, 33), (10, 30), (4, 48), (24, 29), (11, 41), (3, 6), (25, 49), (36, 39), (1, 20), (21, 35), (15, 46), (14, 26), (31, 45), (28, 40), (8, 37)}
Згенероване вершинне покриття (C): [1, 2, 3, 4, 5, 6, 8, 9, 10, 11, 12, 13, 14, 15, 16, 17, 18, 19, 20, 21, 23, 24, 25, 26, 27, 28, 29, 30, 31, 33, 35, 36, 37, 38, 39, 40, 41, 42, 43, 45, 46, 47, 48, 49]

--- Генерація вершинного покриття (зі списку суміжності) ---
Знайдене максимальне парування (M): {(1, 34), (7, 38), (21, 46), (19, 42), (22, 28), (4, 23), (0, 13), (11, 25), (17, 41), (8, 44), (33, 43), (15, 40), (35, 49), (20, 30), (6, 37), (12, 26), (5, 14), (18, 48), (2, 3), (10, 16), (45, 47), (9, 27)}
Згенероване вершинне покриття (C): [0, 1, 2, 3, 4, 5, 6, 7, 8, 9, 10, 11, 12, 13, 14, 15, 16, 17, 18, 19, 20, 21, 22, 23, 25, 26, 27, 28, 30, 33, 34, 35, 37, 38, 40, 41, 42, 43, 44, 45, 46, 47, 48, 49]

--- Генерація вершинного покриття (зі списку суміжності) ---
Знайдене максимальне парування (M): {(8, 49), (9, 42), (13, 45), (1, 43), (23, 28), (18, 47), (5, 37), (2, 17), (25, 40), (26, 44), (12, 27), (6, 41), (3, 24), (16, 21), (7, 33), (35, 46), (4, 19), (0, 15), (36, 38), (22, 48)}
Згенероване вершинне покриття (C): [0, 1, 2, 3, 4, 5, 6, 7, 8, 9, 12, 13, 15, 16, 17, 18, 19, 21, 22, 23, 24, 25, 26, 27, 28, 33, 35, 36, 37, 38, 40, 41, 42, 43, 44, 45, 46, 47, 48, 49]

--- Генерація вершинного покриття (зі списку суміжності) ---
Знайдене максимальне парування (M): {(33, 42), (4, 27), (5, 22), (34, 49), (17, 36), (8, 39), (18, 25), (12, 21), (26, 41), (14, 15), (2, 16), (19, 29), (7, 9), (10, 32), (24, 40), (3, 11), (1, 44), (20, 30), (31, 45), (37, 46)}
Згенероване вершинне покриття (C): [1, 2, 3, 4, 5, 7, 8, 9, 10, 11, 12, 14, 15, 16, 17, 18, 19, 20, 21, 22, 24, 25, 26, 27, 29, 30, 31, 32, 33, 34, 36, 37, 39, 40, 41, 42, 44, 45, 46, 49]

--- Генерація вершинного покриття (зі списку суміжності) ---
Знайдене максимальне парування (M): {(8, 46), (13, 42), (7, 32), (11, 14), (9, 26), (17, 36), (0, 41), (4, 29), (27, 33), (10, 35), (2, 25), (30, 47), (24, 40), (12, 20), (15, 49), (6, 43), (22, 39), (34, 38), (31, 45), (21, 44), (1, 19)}
Згенероване вершинне покриття (C): [0, 1, 2, 4, 6, 7, 8, 9, 10, 11, 12, 13, 14, 15, 17, 19, 20, 21, 22, 24, 25, 26, 27, 29, 30, 31, 32, 33, 34, 35, 36, 38, 39, 40, 41, 42, 43, 44, 45, 46, 47, 49]

--- Генерація вершинного покриття (зі списку суміжності) ---
Знайдене максимальне парування (M): {(26, 30), (2, 45), (20, 29), (23, 37), (27, 40), (33, 35), (0, 38), (1, 42), (18, 25), (6, 44), (3, 24), (21, 48), (34, 39), (22, 43), (19, 32), (16, 36), (10, 13), (4, 31), (11, 15)}
Згенероване вершинне покриття (C): [0, 1, 2, 3, 4, 6, 10, 11, 13, 15, 16, 18, 19, 20, 21, 22, 23, 24, 25, 26, 27, 29, 30, 31, 32, 33, 34, 35, 36, 37, 38, 39, 40, 42, 43, 44, 45, 48]

--- Генерація вершинного покриття (зі списку суміжності) ---
Знайдене максимальне парування (M): {(4, 49), (0, 30), (1, 28), (15, 27), (26, 45), (40, 44), (5, 22), (8, 21), (20, 47), (9, 29), (13, 23), (17, 39), (19, 36), (7, 16), (11, 41), (10, 48), (6, 35), (12, 18), (2, 25), (33, 34), (32, 38), (42, 46)}
Згенероване вершинне покриття (C): [0, 1, 2, 4, 5, 6, 7, 8, 9, 10, 11, 12, 13, 15, 16, 17, 18, 19, 20, 21, 22, 23, 25, 26, 27, 28, 29, 30, 32, 33, 34, 35, 36, 38, 39, 40, 41, 42, 44, 45, 46, 47, 48, 49]

--- Генерація вершинного покриття (зі списку суміжності) ---
Знайдене максимальне парування (M): {(32, 34), (33, 42), (10, 46), (20, 29), (38, 47), (0, 5), (17, 48), (6, 23), (9, 44), (21, 24), (35, 41), (18, 49), (14, 36), (15, 31), (26, 37), (22, 27), (16, 45), (4, 28), (39, 43), (1, 7), (2, 12), (30, 40)}
Згенероване вершинне покриття (C): [0, 1, 2, 4, 5, 6, 7, 9, 10, 12, 14, 15, 16, 17, 18, 20, 21, 22, 23, 24, 26, 27, 28, 29, 30, 31, 32, 33, 34, 35, 36, 37, 38, 39, 40, 41, 42, 43, 44, 45, 46, 47, 48, 49]

--- Генерація вершинного покриття (зі списку суміжності) ---
Знайдене максимальне парування (M): {(0, 42), (21, 31), (3, 40), (30, 33), (37, 48), (11, 35), (7, 13), (15, 20), (18, 22), (29, 43), (19, 23), (5, 27), (2, 16), (1, 26), (6, 10), (8, 44), (9, 46), (14, 32), (4, 34), (45, 47)}
Згенероване вершинне покриття (C): [0, 1, 2, 3, 4, 5, 6, 7, 8, 9, 10, 11, 13, 14, 15, 16, 18, 19, 20, 21, 22, 23, 26, 27, 29, 30, 31, 32, 33, 34, 35, 37, 40, 42, 43, 44, 45, 46, 47, 48]

--- Генерація вершинного покриття (зі списку суміжності) ---
Знайдене максимальне парування (M): {(18, 32), (10, 15), (0, 38), (16, 22), (2, 47), (1, 45), (43, 48), (8, 11), (4, 35), (19, 23), (27, 30), (5, 36), (13, 31), (6, 28), (7, 33), (3, 14), (24, 46), (29, 42), (34, 41), (17, 40), (25, 26)}
Згенероване вершинне покриття (C): [0, 1, 2, 3, 4, 5, 6, 7, 8, 10, 11, 13, 14, 15, 16, 17, 18, 19, 22, 23, 24, 25, 26, 27, 28, 29, 30, 31, 32, 33, 34, 35, 36, 38, 40, 41, 42, 43, 45, 46, 47, 48]

--- Генерація вершинного покриття (зі списку суміжності) ---
Знайдене максимальне парування (M): {(13, 30), (9, 48), (6, 24), (43, 49), (14, 16), (20, 35), (40, 41), (17, 18), (12, 34), (4, 36), (0, 29), (8, 26), (37, 47), (10, 32), (19, 44), (27, 45), (2, 25), (1, 38), (7, 42), (11, 33)}
Згенероване вершинне покриття (C): [0, 1, 2, 4, 6, 7, 8, 9, 10, 11, 12, 13, 14, 16, 17, 18, 19, 20, 24, 25, 26, 27, 29, 30, 32, 33, 34, 35, 36, 37, 38, 40, 41, 42, 43, 44, 45, 47, 48, 49]

--- Генерація вершинного покриття (зі списку суміжності) ---
Знайдене максимальне парування (M): {(13, 30), (25, 41), (0, 48), (12, 28), (20, 35), (40, 47), (10, 15), (37, 39), (1, 27), (29, 34), (14, 21), (6, 38), (24, 31), (18, 33), (46, 49), (17, 19), (5, 32), (4, 43), (7, 8)}
Згенероване вершинне покриття (C): [0, 1, 4, 5, 6, 7, 8, 10, 12, 13, 14, 15, 17, 18, 19, 20, 21, 24, 25, 27, 28, 29, 30, 31, 32, 33, 34, 35, 37, 38, 39, 40, 41, 43, 46, 47, 48, 49]

--- Генерація вершинного покриття (зі списку суміжності) ---
Знайдене максимальне парування (M): {(10, 37), (24, 33), (26, 35), (4, 8), (21, 36), (11, 16), (19, 23), (20, 46), (30, 32), (5, 39), (0, 31), (1, 44), (2, 43), (15, 40), (22, 27), (7, 42), (29, 48), (17, 28), (12, 41), (14, 38), (6, 9)}
Згенероване вершинне покриття (C): [0, 1, 2, 4, 5, 6, 7, 8, 9, 10, 11, 12, 14, 15, 16, 17, 19, 20, 21, 22, 23, 24, 26, 27, 28, 29, 30, 31, 32, 33, 35, 36, 37, 38, 39, 40, 41, 42, 43, 44, 46, 48]

--- Генерація вершинного покриття (зі списку суміжності) ---
Знайдене максимальне парування (M): {(2, 33), (1, 46), (26, 39), (3, 10), (20, 35), (7, 47), (14, 34), (32, 36), (13, 21), (23, 30), (28, 29), (17, 41), (4, 16), (38, 42), (25, 48), (15, 49), (18, 45), (0, 12), (8, 37), (6, 9)}
Згенероване вершинне покриття (C): [0, 1, 2, 3, 4, 6, 7, 8, 9, 10, 12, 13, 14, 15, 16, 17, 18, 20, 21, 23, 25, 26, 28, 29, 30, 32, 33, 34, 35, 36, 37, 38, 39, 41, 42, 45, 46, 47, 48, 49]

--- Генерація вершинного покриття (зі списку суміжності) ---
Знайдене максимальне парування (M): {(43, 49), (35, 39), (25, 44), (24, 48), (7, 41), (12, 31), (19, 30), (34, 46), (8, 36), (15, 17), (18, 28), (20, 37), (1, 5), (4, 38), (2, 16), (10, 26), (11, 40), (32, 47), (3, 14), (23, 29), (22, 42), (13, 21)}
Згенероване вершинне покриття (C): [1, 2, 3, 4, 5, 7, 8, 10, 11, 12, 13, 14, 15, 16, 17, 18, 19, 20, 21, 22, 23, 24, 25, 26, 28, 29, 30, 31, 32, 34, 35, 36, 37, 38, 39, 40, 41, 42, 43, 44, 46, 47, 48, 49]

--- Генерація вершинного покриття (зі списку суміжності) ---
Знайдене максимальне парування (M): {(16, 20), (15, 27), (13, 42), (7, 29), (2, 23), (17, 45), (33, 44), (0, 47), (24, 32), (3, 18), (14, 21), (22, 40), (36, 39), (9, 34), (11, 31), (1, 35), (25, 48), (4, 19), (26, 49), (8, 10), (12, 38), (30, 37), (28, 43)}
Згенероване вершинне покриття (C): [0, 1, 2, 3, 4, 7, 8, 9, 10, 11, 12, 13, 14, 15, 16, 17, 18, 19, 20, 21, 22, 23, 24, 25, 26, 27, 28, 29, 30, 31, 32, 33, 34, 35, 36, 37, 38, 39, 40, 42, 43, 44, 45, 47, 48, 49]

--- Генерація вершинного покриття (зі списку суміжності) ---
Знайдене максимальне парування (M): {(8, 49), (38, 41), (23, 25), (26, 48), (3, 28), (39, 45), (9, 35), (34, 46), (4, 42), (13, 20), (10, 36), (2, 47), (0, 1), (12, 27), (5, 30), (17, 44), (24, 31), (33, 43), (21, 32), (11, 15)}
Згенероване вершинне покриття (C): [0, 1, 2, 3, 4, 5, 8, 9, 10, 11, 12, 13, 15, 17, 20, 21, 23, 24, 25, 26, 27, 28, 30, 31, 32, 33, 34, 35, 36, 38, 39, 41, 42, 43, 44, 45, 46, 47, 48, 49]

--- Генерація вершинного покриття (зі списку суміжності) ---
Знайдене максимальне парування (M): {(18, 23), (4, 12), (20, 26), (21, 31), (2, 8), (3, 49), (6, 11), (13, 29), (33, 44), (1, 27), (0, 41), (43, 45), (22, 37), (9, 19), (17, 38), (30, 35), (47, 48), (24, 34), (25, 39), (15, 46), (28, 40)}
Згенероване вершинне покриття (C): [0, 1, 2, 3, 4, 6, 8, 9, 11, 12, 13, 15, 17, 18, 19, 20, 21, 22, 23, 24, 25, 26, 27, 28, 29, 30, 31, 33, 34, 35, 37, 38, 39, 40, 41, 43, 44, 45, 46, 47, 48, 49]

--- Генерація вершинного покриття (зі списку суміжності) ---
Знайдене максимальне парування (M): {(7, 26), (29, 38), (18, 47), (23, 34), (19, 36), (15, 17), (10, 27), (33, 41), (35, 44), (43, 45), (32, 48), (16, 49), (3, 24), (22, 31), (5, 42), (6, 13), (9, 40), (12, 14), (11, 46), (4, 28), (20, 39), (0, 21), (8, 25)}
Згенероване вершинне покриття (C): [0, 3, 4, 5, 6, 7, 8, 9, 10, 11, 12, 13, 14, 15, 16, 17, 18, 19, 20, 21, 22, 23, 24, 25, 26, 27, 28, 29, 31, 32, 33, 34, 35, 36, 38, 39, 40, 41, 42, 43, 44, 45, 46, 47, 48, 49]

--- Генерація вершинного покриття (зі списку суміжності) ---
Знайдене максимальне парування (M): {(2, 48), (5, 22), (8, 30), (1, 45), (38, 43), (3, 27), (17, 26), (20, 49), (34, 39), (0, 28), (7, 12), (13, 25), (16, 33), (24, 46), (29, 42), (21, 32), (14, 35), (23, 44), (19, 31), (36, 47)}
Згенероване вершинне покриття (C): [0, 1, 2, 3, 5, 7, 8, 12, 13, 14, 16, 17, 19, 20, 21, 22, 23, 24, 25, 26, 27, 28, 29, 30, 31, 32, 33, 34, 35, 36, 38, 39, 42, 43, 44, 45, 46, 47, 48, 49]

--- Генерація вершинного покриття (зі списку суміжності) ---
Знайдене максимальне парування (M): {(10, 37), (16, 20), (0, 42), (32, 46), (5, 19), (1, 9), (27, 28), (13, 44), (7, 31), (43, 48), (39, 41), (30, 35), (25, 33), (8, 47), (18, 24), (21, 26), (11, 15), (14, 38), (17, 40)}
Згенероване вершинне покриття (C): [0, 1, 5, 7, 8, 9, 10, 11, 13, 14, 15, 16, 17, 18, 19, 20, 21, 24, 25, 26, 27, 28, 30, 31, 32, 33, 35, 37, 38, 39, 40, 41, 42, 43, 44, 46, 47, 48]

--- Генерація вершинного покриття (зі списку суміжності) ---
Знайдене максимальне парування (M): {(26, 36), (38, 44), (5, 22), (11, 23), (10, 45), (3, 9), (7, 28), (13, 41), (32, 48), (18, 34), (12, 30), (0, 4), (14, 42), (15, 25), (8, 47), (16, 27), (20, 21), (24, 43), (35, 49), (37, 46)}
Згенероване вершинне покриття (C): [0, 3, 4, 5, 7, 8, 9, 10, 11, 12, 13, 14, 15, 16, 18, 20, 21, 22, 23, 24, 25, 26, 27, 28, 30, 32, 34, 35, 36, 37, 38, 41, 42, 43, 44, 45, 46, 47, 48, 49]

--- Генерація вершинного покриття (зі списку суміжності) ---
Знайдене максимальне парування (M): {(5, 7), (29, 32), (3, 13), (1, 12), (4, 45), (19, 42), (0, 41), (35, 44), (21, 27), (20, 37), (23, 33), (8, 17), (14, 39), (11, 31), (9, 43), (26, 40), (6, 46), (18, 48), (36, 38), (10, 25), (30, 34)}
Згенероване вершинне покриття (C): [0, 1, 3, 4, 5, 6, 7, 8, 9, 10, 11, 12, 13, 14, 17, 18, 19, 20, 21, 23, 25, 26, 27, 29, 30, 31, 32, 33, 34, 35, 36, 37, 38, 39, 40, 41, 42, 43, 44, 45, 46, 48]

--- Генерація вершинного покриття (зі списку суміжності) ---
Знайдене максимальне парування (M): {(0, 30), (11, 48), (9, 20), (1, 12), (19, 42), (8, 39), (3, 36), (41, 44), (25, 33), (10, 38), (4, 7), (13, 40), (32, 47), (18, 27), (21, 29), (15, 43), (22, 24), (16, 45), (34, 35), (17, 31)}
Згенероване вершинне покриття (C): [0, 1, 3, 4, 7, 8, 9, 10, 11, 12, 13, 15, 16, 17, 18, 19, 20, 21, 22, 24, 25, 27, 29, 30, 31, 32, 33, 34, 35, 36, 38, 39, 40, 41, 42, 43, 44, 45, 47, 48]

--- Генерація вершинного покриття (зі списку суміжності) ---
Знайдене максимальне парування (M): {(13, 33), (9, 42), (35, 36), (25, 44), (12, 28), (23, 34), (0, 17), (37, 39), (5, 40), (6, 8), (4, 14), (10, 48), (2, 47), (38, 43), (3, 21), (20, 31), (11, 22), (19, 41), (1, 7), (27, 32), (15, 18)}
Згенероване вершинне покриття (C): [0, 1, 2, 3, 4, 5, 6, 7, 8, 9, 10, 11, 12, 13, 14, 15, 17, 18, 19, 20, 21, 22, 23, 25, 27, 28, 31, 32, 33, 34, 35, 36, 37, 38, 39, 40, 41, 42, 43, 44, 47, 48]

--- Генерація вершинного покриття (зі списку суміжності) ---
Знайдене максимальне парування (M): {(6, 21), (30, 46), (1, 43), (7, 38), (5, 10), (4, 45), (0, 44), (31, 40), (3, 39), (28, 32), (19, 35), (34, 48), (11, 37), (25, 42), (29, 33), (22, 27), (26, 49), (9, 12), (8, 13), (36, 41)}
Згенероване вершинне покриття (C): [0, 1, 3, 4, 5, 6, 7, 8, 9, 10, 11, 12, 13, 19, 21, 22, 25, 26, 27, 28, 29, 30, 31, 32, 33, 34, 35, 36, 37, 38, 39, 40, 41, 42, 43, 44, 45, 46, 48, 49]

Середній час виконання: 0.0000276852 секунд
