
--- Генерація вершинного покриття (зі списку суміжності) ---
Знайдене максимальне парування (M): {(2, 39), (82, 157), (133, 141), (40, 68), (24, 136), (70, 130), (99, 120), (22, 28), (31, 150), (20, 95), (37, 145), (56, 158), (17, 87), (60, 85), (59, 96), (50, 166), (15, 55), (69, 154), (44, 143), (160, 162), (149, 171), (30, 43), (117, 142), (14, 74), (6, 36), (65, 122), (57, 118), (113, 126), (23, 49), (3, 165), (47, 107), (86, 147), (4, 75), (63, 106), (78, 88), (12, 42), (33, 83), (91, 100), (11, 25), (48, 138), (8, 111), (67, 72), (32, 123), (41, 71), (62, 112), (16, 124), (0, 18), (127, 156), (45, 77), (35, 121), (1, 137), (19, 51), (5, 125), (98, 109), (167, 172), (115, 168), (79, 114), (21, 161), (102, 152), (53, 58), (34, 173), (128, 134), (92, 169), (103, 153), (94, 129), (46, 110), (116, 135), (61, 89), (146, 151), (38, 90), (80, 132), (13, 164), (73, 93), (26, 170), (9, 29), (52, 54), (81, 163), (105, 139), (64, 101), (27, 155), (108, 144), (119, 174), (76, 84), (10, 148), (104, 140), (7, 97), (66, 131)}
Згенероване вершинне покриття (C): [0, 1, 2, 3, 4, 5, 6, 7, 8, 9, 10, 11, 12, 13, 14, 15, 16, 17, 18, 19, 20, 21, 22, 23, 24, 25, 26, 27, 28, 29, 30, 31, 32, 33, 34, 35, 36, 37, 38, 39, 40, 41, 42, 43, 44, 45, 46, 47, 48, 49, 50, 51, 52, 53, 54, 55, 56, 57, 58, 59, 60, 61, 62, 63, 64, 65, 66, 67, 68, 69, 70, 71, 72, 73, 74, 75, 76, 77, 78, 79, 80, 81, 82, 83, 84, 85, 86, 87, 88, 89, 90, 91, 92, 93, 94, 95, 96, 97, 98, 99, 100, 101, 102, 103, 104, 105, 106, 107, 108, 109, 110, 111, 112, 113, 114, 115, 116, 117, 118, 119, 120, 121, 122, 123, 124, 125, 126, 127, 128, 129, 130, 131, 132, 133, 134, 135, 136, 137, 138, 139, 140, 141, 142, 143, 144, 145, 146, 147, 148, 149, 150, 151, 152, 153, 154, 155, 156, 157, 158, 160, 161, 162, 163, 164, 165, 166, 167, 168, 169, 170, 171, 172, 173, 174]

--- Генерація вершинного покриття (зі списку суміжності) ---
Знайдене максимальне парування (M): {(65, 70), (12, 153), (73, 117), (29, 132), (40, 77), (32, 103), (123, 157), (8, 48), (101, 172), (11, 144), (56, 124), (44, 49), (53, 146), (9, 58), (51, 66), (102, 148), (89, 93), (106, 118), (47, 105), (13, 149), (64, 75), (35, 158), (42, 173), (92, 131), (60, 126), (38, 169), (61, 143), (24, 69), (55, 111), (25, 86), (91, 134), (114, 163), (37, 151), (96, 133), (90, 135), (108, 150), (23, 72), (17, 68), (15, 171), (79, 119), (7, 121), (104, 136), (128, 130), (54, 71), (30, 168), (63, 156), (46, 170), (14, 80), (107, 137), (110, 154), (59, 161), (78, 174), (27, 165), (5, 125), (3, 18), (21, 88), (1, 2), (141, 162), (127, 142), (62, 116), (36, 115), (6, 147), (0, 113), (26, 159), (16, 167), (4, 28), (97, 164), (95, 112), (67, 160), (39, 52), (19, 138), (84, 87), (152, 166), (33, 139), (129, 140), (85, 94), (76, 155), (41, 100), (20, 98), (43, 81), (83, 99), (22, 122), (10, 50), (34, 145), (31, 45), (57, 82)}
Згенероване вершинне покриття (C): [0, 1, 2, 3, 4, 5, 6, 7, 8, 9, 10, 11, 12, 13, 14, 15, 16, 17, 18, 19, 20, 21, 22, 23, 24, 25, 26, 27, 28, 29, 30, 31, 32, 33, 34, 35, 36, 37, 38, 39, 40, 41, 42, 43, 44, 45, 46, 47, 48, 49, 50, 51, 52, 53, 54, 55, 56, 57, 58, 59, 60, 61, 62, 63, 64, 65, 66, 67, 68, 69, 70, 71, 72, 73, 75, 76, 77, 78, 79, 80, 81, 82, 83, 84, 85, 86, 87, 88, 89, 90, 91, 92, 93, 94, 95, 96, 97, 98, 99, 100, 101, 102, 103, 104, 105, 106, 107, 108, 110, 111, 112, 113, 114, 115, 116, 117, 118, 119, 121, 122, 123, 124, 125, 126, 127, 128, 129, 130, 131, 132, 133, 134, 135, 136, 137, 138, 139, 140, 141, 142, 143, 144, 145, 146, 147, 148, 149, 150, 151, 152, 153, 154, 155, 156, 157, 158, 159, 160, 161, 162, 163, 164, 165, 166, 167, 168, 169, 170, 171, 172, 173, 174]

--- Генерація вершинного покриття (зі списку суміжності) ---
Знайдене максимальне парування (M): {(23, 68), (48, 54), (83, 94), (111, 119), (50, 100), (34, 58), (13, 44), (95, 150), (17, 60), (124, 131), (0, 108), (9, 56), (133, 134), (90, 117), (139, 165), (22, 46), (21, 112), (32, 87), (151, 166), (28, 62), (18, 158), (14, 72), (27, 136), (80, 154), (66, 82), (61, 159), (118, 156), (8, 98), (123, 152), (33, 42), (30, 171), (63, 141), (11, 57), (38, 41), (37, 76), (103, 170), (31, 163), (6, 109), (125, 173), (10, 106), (51, 70), (39, 169), (29, 113), (1, 69), (4, 47), (7, 73), (74, 93), (45, 121), (137, 140), (65, 172), (35, 110), (104, 164), (20, 167), (105, 174), (3, 126), (12, 138), (59, 88), (127, 149), (96, 155), (128, 132), (26, 102), (115, 122), (16, 64), (75, 107), (2, 101), (15, 86), (49, 97), (78, 142), (79, 116), (19, 129), (67, 89), (99, 148), (114, 130), (25, 144), (40, 71), (84, 135), (146, 153), (143, 147), (5, 24), (52, 157), (92, 120), (43, 53), (145, 168), (55, 91), (36, 160), (77, 161), (85, 162)}
Згенероване вершинне покриття (C): [0, 1, 2, 3, 4, 5, 6, 7, 8, 9, 10, 11, 12, 13, 14, 15, 16, 17, 18, 19, 20, 21, 22, 23, 24, 25, 26, 27, 28, 29, 30, 31, 32, 33, 34, 35, 36, 37, 38, 39, 40, 41, 42, 43, 44, 45, 46, 47, 48, 49, 50, 51, 52, 53, 54, 55, 56, 57, 58, 59, 60, 61, 62, 63, 64, 65, 66, 67, 68, 69, 70, 71, 72, 73, 74, 75, 76, 77, 78, 79, 80, 82, 83, 84, 85, 86, 87, 88, 89, 90, 91, 92, 93, 94, 95, 96, 97, 98, 99, 100, 101, 102, 103, 104, 105, 106, 107, 108, 109, 110, 111, 112, 113, 114, 115, 116, 117, 118, 119, 120, 121, 122, 123, 124, 125, 126, 127, 128, 129, 130, 131, 132, 133, 134, 135, 136, 137, 138, 139, 140, 141, 142, 143, 144, 145, 146, 147, 148, 149, 150, 151, 152, 153, 154, 155, 156, 157, 158, 159, 160, 161, 162, 163, 164, 165, 166, 167, 168, 169, 170, 171, 172, 173, 174]

--- Генерація вершинного покриття (зі списку суміжності) ---
Знайдене максимальне парування (M): {(146, 148), (32, 156), (89, 123), (24, 152), (121, 142), (72, 130), (110, 141), (136, 169), (75, 138), (49, 73), (90, 147), (27, 118), (48, 159), (108, 125), (134, 153), (4, 34), (13, 140), (35, 158), (81, 100), (165, 170), (60, 71), (17, 82), (103, 124), (78, 168), (126, 162), (54, 58), (59, 127), (68, 157), (22, 80), (46, 111), (31, 174), (19, 20), (74, 93), (88, 92), (1, 160), (26, 98), (95, 161), (44, 76), (6, 122), (12, 172), (10, 28), (37, 55), (91, 120), (83, 171), (5, 114), (66, 155), (30, 113), (84, 163), (53, 129), (8, 42), (94, 109), (102, 131), (50, 133), (33, 135), (79, 132), (99, 144), (3, 112), (128, 143), (29, 149), (7, 45), (47, 145), (16, 57), (70, 101), (96, 150), (137, 139), (25, 151), (69, 77), (15, 106), (65, 119), (115, 117), (0, 63), (107, 173), (18, 40), (11, 56), (2, 62), (36, 39), (9, 86), (38, 67), (97, 116), (14, 164), (61, 105), (43, 154), (41, 166), (21, 23), (64, 85), (104, 167), (51, 87)}
Згенероване вершинне покриття (C): [0, 1, 2, 3, 4, 5, 6, 7, 8, 9, 10, 11, 12, 13, 14, 15, 16, 17, 18, 19, 20, 21, 22, 23, 24, 25, 26, 27, 28, 29, 30, 31, 32, 33, 34, 35, 36, 37, 38, 39, 40, 41, 42, 43, 44, 45, 46, 47, 48, 49, 50, 51, 53, 54, 55, 56, 57, 58, 59, 60, 61, 62, 63, 64, 65, 66, 67, 68, 69, 70, 71, 72, 73, 74, 75, 76, 77, 78, 79, 80, 81, 82, 83, 84, 85, 86, 87, 88, 89, 90, 91, 92, 93, 94, 95, 96, 97, 98, 99, 100, 101, 102, 103, 104, 105, 106, 107, 108, 109, 110, 111, 112, 113, 114, 115, 116, 117, 118, 119, 120, 121, 122, 123, 124, 125, 126, 127, 128, 129, 130, 131, 132, 133, 134, 135, 136, 137, 138, 139, 140, 141, 142, 143, 144, 145, 146, 147, 148, 149, 150, 151, 152, 153, 154, 155, 156, 157, 158, 159, 160, 161, 162, 163, 164, 165, 166, 167, 168, 169, 170, 171, 172, 173, 174]

--- Генерація вершинного покриття (зі списку суміжності) ---
Знайдене максимальне парування (M): {(30, 46), (10, 52), (39, 152), (29, 114), (3, 168), (58, 113), (59, 112), (107, 115), (1, 51), (11, 53), (27, 70), (108, 123), (17, 124), (32, 133), (23, 118), (15, 80), (158, 172), (126, 167), (2, 25), (12, 127), (82, 88), (54, 81), (47, 75), (62, 94), (45, 87), (102, 139), (48, 49), (67, 157), (86, 170), (71, 72), (50, 104), (64, 66), (69, 83), (40, 111), (120, 165), (14, 92), (142, 173), (16, 85), (9, 101), (156, 162), (77, 137), (6, 159), (78, 145), (143, 146), (13, 174), (4, 22), (84, 106), (73, 121), (122, 144), (93, 117), (63, 147), (89, 138), (43, 79), (91, 95), (0, 148), (8, 161), (60, 125), (7, 34), (33, 153), (76, 160), (119, 140), (68, 110), (35, 61), (36, 90), (28, 31), (20, 57), (109, 132), (38, 99), (24, 164), (26, 42), (18, 166), (96, 134), (55, 169), (37, 100), (19, 149), (128, 129), (65, 155), (74, 103), (5, 97), (98, 163), (44, 171), (21, 151), (135, 136), (130, 131), (105, 141), (56, 154), (116, 150)}
Згенероване вершинне покриття (C): [0, 1, 2, 3, 4, 5, 6, 7, 8, 9, 10, 11, 12, 13, 14, 15, 16, 17, 18, 19, 20, 21, 22, 23, 24, 25, 26, 27, 28, 29, 30, 31, 32, 33, 34, 35, 36, 37, 38, 39, 40, 42, 43, 44, 45, 46, 47, 48, 49, 50, 51, 52, 53, 54, 55, 56, 57, 58, 59, 60, 61, 62, 63, 64, 65, 66, 67, 68, 69, 70, 71, 72, 73, 74, 75, 76, 77, 78, 79, 80, 81, 82, 83, 84, 85, 86, 87, 88, 89, 90, 91, 92, 93, 94, 95, 96, 97, 98, 99, 100, 101, 102, 103, 104, 105, 106, 107, 108, 109, 110, 111, 112, 113, 114, 115, 116, 117, 118, 119, 120, 121, 122, 123, 124, 125, 126, 127, 128, 129, 130, 131, 132, 133, 134, 135, 136, 137, 138, 139, 140, 141, 142, 143, 144, 145, 146, 147, 148, 149, 150, 151, 152, 153, 154, 155, 156, 157, 158, 159, 160, 161, 162, 163, 164, 165, 166, 167, 168, 169, 170, 171, 172, 173, 174]

--- Генерація вершинного покриття (зі списку суміжності) ---
Знайдене максимальне парування (M): {(43, 174), (24, 115), (34, 101), (47, 162), (81, 87), (72, 148), (16, 104), (90, 117), (20, 95), (4, 96), (133, 173), (106, 134), (50, 120), (108, 171), (28, 135), (46, 70), (21, 114), (71, 136), (113, 151), (11, 39), (17, 55), (22, 160), (94, 112), (52, 60), (67, 152), (66, 77), (123, 129), (89, 161), (41, 142), (121, 141), (149, 157), (19, 56), (49, 91), (15, 98), (57, 122), (40, 170), (155, 166), (99, 158), (103, 140), (45, 132), (80, 144), (36, 150), (153, 168), (54, 73), (23, 131), (18, 25), (59, 154), (51, 97), (6, 10), (75, 107), (58, 130), (44, 110), (76, 126), (74, 83), (0, 143), (128, 145), (61, 119), (26, 42), (62, 93), (105, 146), (88, 139), (32, 33), (7, 31), (68, 169), (69, 79), (35, 111), (53, 147), (30, 124), (159, 165), (9, 13), (8, 78), (92, 102), (109, 118), (12, 167), (29, 137), (38, 85), (14, 63), (3, 127), (82, 164), (1, 65), (37, 86), (27, 84), (2, 64), (48, 116), (100, 172), (138, 156), (5, 163)}
Згенероване вершинне покриття (C): [0, 1, 2, 3, 4, 5, 6, 7, 8, 9, 10, 11, 12, 13, 14, 15, 16, 17, 18, 19, 20, 21, 22, 23, 24, 25, 26, 27, 28, 29, 30, 31, 32, 33, 34, 35, 36, 37, 38, 39, 40, 41, 42, 43, 44, 45, 46, 47, 48, 49, 50, 51, 52, 53, 54, 55, 56, 57, 58, 59, 60, 61, 62, 63, 64, 65, 66, 67, 68, 69, 70, 71, 72, 73, 74, 75, 76, 77, 78, 79, 80, 81, 82, 83, 84, 85, 86, 87, 88, 89, 90, 91, 92, 93, 94, 95, 96, 97, 98, 99, 100, 101, 102, 103, 104, 105, 106, 107, 108, 109, 110, 111, 112, 113, 114, 115, 116, 117, 118, 119, 120, 121, 122, 123, 124, 126, 127, 128, 129, 130, 131, 132, 133, 134, 135, 136, 137, 138, 139, 140, 141, 142, 143, 144, 145, 146, 147, 148, 149, 150, 151, 152, 153, 154, 155, 156, 157, 158, 159, 160, 161, 162, 163, 164, 165, 166, 167, 168, 169, 170, 171, 172, 173, 174]

--- Генерація вершинного покриття (зі списку суміжності) ---
Знайдене максимальне парування (M): {(12, 123), (8, 174), (33, 173), (127, 143), (66, 124), (109, 159), (128, 172), (119, 169), (15, 142), (24, 154), (41, 170), (19, 57), (53, 98), (75, 83), (29, 70), (56, 60), (107, 117), (28, 126), (134, 162), (23, 111), (92, 165), (96, 156), (90, 149), (2, 91), (63, 86), (145, 167), (48, 161), (49, 50), (20, 163), (34, 55), (16, 138), (54, 158), (61, 136), (1, 69), (6, 120), (76, 81), (82, 140), (30, 166), (100, 130), (139, 146), (46, 104), (94, 132), (38, 164), (87, 157), (4, 95), (18, 112), (52, 144), (59, 150), (80, 160), (45, 114), (71, 133), (113, 148), (36, 65), (73, 84), (17, 125), (11, 118), (97, 151), (21, 40), (42, 72), (37, 121), (25, 67), (0, 13), (101, 141), (9, 89), (26, 31), (103, 153), (44, 64), (27, 78), (102, 108), (99, 155), (62, 129), (58, 116), (51, 110), (32, 106), (43, 115), (137, 171), (5, 88), (68, 135), (85, 105), (7, 152), (35, 168), (22, 79), (10, 77), (14, 93), (3, 47), (39, 131), (122, 147)}
Згенероване вершинне покриття (C): [0, 1, 2, 3, 4, 5, 6, 7, 8, 9, 10, 11, 12, 13, 14, 15, 16, 17, 18, 19, 20, 21, 22, 23, 24, 25, 26, 27, 28, 29, 30, 31, 32, 33, 34, 35, 36, 37, 38, 39, 40, 41, 42, 43, 44, 45, 46, 47, 48, 49, 50, 51, 52, 53, 54, 55, 56, 57, 58, 59, 60, 61, 62, 63, 64, 65, 66, 67, 68, 69, 70, 71, 72, 73, 75, 76, 77, 78, 79, 80, 81, 82, 83, 84, 85, 86, 87, 88, 89, 90, 91, 92, 93, 94, 95, 96, 97, 98, 99, 100, 101, 102, 103, 104, 105, 106, 107, 108, 109, 110, 111, 112, 113, 114, 115, 116, 117, 118, 119, 120, 121, 122, 123, 124, 125, 126, 127, 128, 129, 130, 131, 132, 133, 134, 135, 136, 137, 138, 139, 140, 141, 142, 143, 144, 145, 146, 147, 148, 149, 150, 151, 152, 153, 154, 155, 156, 157, 158, 159, 160, 161, 162, 163, 164, 165, 166, 167, 168, 169, 170, 171, 172, 173, 174]

--- Генерація вершинного покриття (зі списку суміжності) ---
Знайдене максимальне парування (M): {(36, 53), (26, 39), (5, 28), (74, 146), (3, 40), (24, 35), (49, 153), (33, 102), (108, 169), (20, 22), (82, 159), (142, 155), (14, 42), (6, 123), (83, 160), (57, 141), (4, 105), (87, 121), (75, 101), (69, 124), (165, 168), (44, 88), (158, 174), (71, 81), (104, 148), (132, 164), (54, 129), (29, 111), (55, 120), (98, 100), (76, 161), (12, 15), (46, 47), (109, 149), (103, 117), (52, 78), (77, 162), (115, 125), (79, 135), (50, 163), (99, 147), (93, 106), (16, 85), (17, 59), (51, 63), (41, 126), (38, 173), (94, 150), (60, 157), (25, 136), (110, 170), (10, 156), (128, 139), (58, 62), (43, 171), (23, 37), (48, 151), (112, 154), (7, 107), (1, 130), (91, 97), (27, 167), (73, 134), (8, 172), (72, 92), (0, 70), (19, 138), (34, 56), (65, 89), (131, 144), (95, 133), (32, 113), (13, 45), (64, 145), (90, 127), (9, 84), (118, 152), (21, 122), (67, 137), (31, 61), (96, 166), (86, 143), (68, 119), (114, 116), (2, 18), (66, 140), (11, 30)}
Згенероване вершинне покриття (C): [0, 1, 2, 3, 4, 5, 6, 7, 8, 9, 10, 11, 12, 13, 14, 15, 16, 17, 18, 19, 20, 21, 22, 23, 24, 25, 26, 27, 28, 29, 30, 31, 32, 33, 34, 35, 36, 37, 38, 39, 40, 41, 42, 43, 44, 45, 46, 47, 48, 49, 50, 51, 52, 53, 54, 55, 56, 57, 58, 59, 60, 61, 62, 63, 64, 65, 66, 67, 68, 69, 70, 71, 72, 73, 74, 75, 76, 77, 78, 79, 81, 82, 83, 84, 85, 86, 87, 88, 89, 90, 91, 92, 93, 94, 95, 96, 97, 98, 99, 100, 101, 102, 103, 104, 105, 106, 107, 108, 109, 110, 111, 112, 113, 114, 115, 116, 117, 118, 119, 120, 121, 122, 123, 124, 125, 126, 127, 128, 129, 130, 131, 132, 133, 134, 135, 136, 137, 138, 139, 140, 141, 142, 143, 144, 145, 146, 147, 148, 149, 150, 151, 152, 153, 154, 155, 156, 157, 158, 159, 160, 161, 162, 163, 164, 165, 166, 167, 168, 169, 170, 171, 172, 173, 174]

--- Генерація вершинного покриття (зі списку суміжності) ---
Знайдене максимальне парування (M): {(15, 21), (50, 107), (73, 90), (156, 161), (98, 174), (30, 128), (39, 51), (122, 131), (57, 84), (3, 113), (53, 62), (1, 143), (42, 105), (43, 167), (117, 147), (101, 108), (22, 83), (63, 100), (37, 145), (13, 74), (70, 123), (7, 85), (44, 49), (12, 20), (28, 135), (91, 148), (112, 116), (99, 106), (14, 165), (75, 151), (144, 168), (93, 104), (54, 67), (36, 61), (41, 60), (58, 140), (34, 48), (19, 29), (25, 79), (17, 169), (97, 158), (18, 103), (59, 150), (16, 124), (126, 157), (110, 170), (45, 77), (66, 109), (38, 120), (6, 115), (155, 159), (138, 152), (26, 127), (162, 164), (11, 102), (31, 80), (96, 139), (125, 154), (9, 89), (71, 137), (129, 163), (4, 10), (33, 46), (133, 142), (114, 171), (88, 119), (82, 121), (56, 166), (2, 149), (86, 130), (72, 76), (64, 81), (92, 134), (69, 141), (35, 118), (0, 136), (27, 55), (52, 173), (8, 78), (47, 94), (5, 24), (68, 153), (40, 146), (87, 160), (23, 32), (65, 132), (111, 172)}
Згенероване вершинне покриття (C): [0, 1, 2, 3, 4, 5, 6, 7, 8, 9, 10, 11, 12, 13, 14, 15, 16, 17, 18, 19, 20, 21, 22, 23, 24, 25, 26, 27, 28, 29, 30, 31, 32, 33, 34, 35, 36, 37, 38, 39, 40, 41, 42, 43, 44, 45, 46, 47, 48, 49, 50, 51, 52, 53, 54, 55, 56, 57, 58, 59, 60, 61, 62, 63, 64, 65, 66, 67, 68, 69, 70, 71, 72, 73, 74, 75, 76, 77, 78, 79, 80, 81, 82, 83, 84, 85, 86, 87, 88, 89, 90, 91, 92, 93, 94, 96, 97, 98, 99, 100, 101, 102, 103, 104, 105, 106, 107, 108, 109, 110, 111, 112, 113, 114, 115, 116, 117, 118, 119, 120, 121, 122, 123, 124, 125, 126, 127, 128, 129, 130, 131, 132, 133, 134, 135, 136, 137, 138, 139, 140, 141, 142, 143, 144, 145, 146, 147, 148, 149, 150, 151, 152, 153, 154, 155, 156, 157, 158, 159, 160, 161, 162, 163, 164, 165, 166, 167, 168, 169, 170, 171, 172, 173, 174]

--- Генерація вершинного покриття (зі списку суміжності) ---
Знайдене максимальне парування (M): {(27, 169), (4, 137), (42, 121), (64, 126), (35, 90), (139, 147), (5, 21), (122, 124), (131, 136), (7, 58), (41, 163), (67, 127), (98, 105), (63, 93), (54, 99), (3, 26), (65, 129), (28, 153), (88, 152), (10, 95), (117, 133), (82, 145), (81, 155), (12, 13), (91, 132), (33, 72), (116, 161), (11, 160), (6, 38), (69, 140), (14, 85), (84, 113), (166, 173), (8, 148), (108, 150), (34, 112), (53, 125), (109, 142), (103, 156), (15, 162), (86, 158), (77, 100), (31, 60), (107, 171), (151, 168), (101, 164), (111, 141), (46, 170), (78, 138), (1, 119), (104, 120), (36, 40), (110, 172), (71, 135), (39, 75), (30, 106), (0, 102), (48, 96), (92, 130), (24, 50), (80, 146), (17, 20), (70, 154), (37, 59), (55, 149), (25, 87), (9, 45), (74, 174), (61, 73), (47, 83), (22, 29), (118, 134), (76, 128), (56, 159), (32, 143), (43, 97), (44, 114), (115, 165), (16, 52), (51, 94), (157, 167), (57, 144), (68, 89), (23, 66), (62, 79), (2, 18)}
Згенероване вершинне покриття (C): [0, 1, 2, 3, 4, 5, 6, 7, 8, 9, 10, 11, 12, 13, 14, 15, 16, 17, 18, 20, 21, 22, 23, 24, 25, 26, 27, 28, 29, 30, 31, 32, 33, 34, 35, 36, 37, 38, 39, 40, 41, 42, 43, 44, 45, 46, 47, 48, 50, 51, 52, 53, 54, 55, 56, 57, 58, 59, 60, 61, 62, 63, 64, 65, 66, 67, 68, 69, 70, 71, 72, 73, 74, 75, 76, 77, 78, 79, 80, 81, 82, 83, 84, 85, 86, 87, 88, 89, 90, 91, 92, 93, 94, 95, 96, 97, 98, 99, 100, 101, 102, 103, 104, 105, 106, 107, 108, 109, 110, 111, 112, 113, 114, 115, 116, 117, 118, 119, 120, 121, 122, 124, 125, 126, 127, 128, 129, 130, 131, 132, 133, 134, 135, 136, 137, 138, 139, 140, 141, 142, 143, 144, 145, 146, 147, 148, 149, 150, 151, 152, 153, 154, 155, 156, 157, 158, 159, 160, 161, 162, 163, 164, 165, 166, 167, 168, 169, 170, 171, 172, 173, 174]

--- Генерація вершинного покриття (зі списку суміжності) ---
Знайдене максимальне парування (M): {(4, 119), (18, 81), (123, 164), (88, 136), (68, 75), (58, 159), (55, 59), (26, 32), (64, 144), (0, 108), (20, 95), (91, 155), (114, 120), (60, 94), (15, 126), (104, 146), (16, 152), (125, 132), (154, 168), (22, 167), (80, 99), (44, 97), (89, 129), (52, 110), (162, 165), (62, 87), (5, 71), (29, 102), (40, 47), (50, 143), (10, 42), (34, 73), (17, 121), (3, 67), (8, 127), (6, 157), (21, 36), (137, 174), (1, 14), (33, 92), (9, 46), (116, 117), (85, 111), (25, 161), (56, 148), (57, 113), (63, 163), (135, 151), (39, 82), (23, 138), (13, 112), (24, 130), (38, 77), (160, 173), (12, 131), (27, 30), (28, 84), (7, 61), (11, 141), (90, 150), (76, 96), (140, 172), (35, 98), (78, 142), (70, 156), (105, 153), (54, 169), (66, 79), (106, 133), (72, 158), (19, 122), (118, 134), (51, 83), (37, 45), (48, 139), (74, 103), (69, 171), (149, 170), (49, 147), (101, 166), (107, 145), (100, 115), (41, 93), (43, 53), (2, 128), (31, 109), (65, 86)}
Згенероване вершинне покриття (C): [0, 1, 2, 3, 4, 5, 6, 7, 8, 9, 10, 11, 12, 13, 14, 15, 16, 17, 18, 19, 20, 21, 22, 23, 24, 25, 26, 27, 28, 29, 30, 31, 32, 33, 34, 35, 36, 37, 38, 39, 40, 41, 42, 43, 44, 45, 46, 47, 48, 49, 50, 51, 52, 53, 54, 55, 56, 57, 58, 59, 60, 61, 62, 63, 64, 65, 66, 67, 68, 69, 70, 71, 72, 73, 74, 75, 76, 77, 78, 79, 80, 81, 82, 83, 84, 85, 86, 87, 88, 89, 90, 91, 92, 93, 94, 95, 96, 97, 98, 99, 100, 101, 102, 103, 104, 105, 106, 107, 108, 109, 110, 111, 112, 113, 114, 115, 116, 117, 118, 119, 120, 121, 122, 123, 125, 126, 127, 128, 129, 130, 131, 132, 133, 134, 135, 136, 137, 138, 139, 140, 141, 142, 143, 144, 145, 146, 147, 148, 149, 150, 151, 152, 153, 154, 155, 156, 157, 158, 159, 160, 161, 162, 163, 164, 165, 166, 167, 168, 169, 170, 171, 172, 173, 174]

--- Генерація вершинного покриття (зі списку суміжності) ---
Знайдене максимальне парування (M): {(96, 159), (61, 116), (47, 126), (115, 160), (19, 128), (39, 106), (76, 125), (6, 112), (22, 53), (83, 103), (9, 163), (1, 143), (43, 158), (64, 135), (65, 100), (50, 63), (113, 174), (105, 136), (32, 124), (74, 139), (21, 57), (42, 89), (79, 147), (2, 34), (10, 102), (52, 172), (88, 168), (23, 84), (60, 151), (92, 165), (16, 81), (8, 107), (31, 145), (40, 166), (11, 75), (138, 146), (67, 104), (33, 90), (55, 129), (121, 123), (26, 68), (59, 157), (142, 173), (98, 148), (0, 162), (62, 91), (97, 167), (130, 155), (56, 114), (119, 127), (48, 85), (94, 171), (54, 80), (120, 144), (95, 154), (7, 41), (12, 156), (44, 69), (118, 137), (27, 28), (110, 117), (36, 122), (25, 49), (72, 99), (51, 131), (30, 108), (29, 140), (5, 93), (66, 152), (58, 132), (13, 164), (4, 149), (134, 170), (46, 78), (37, 109), (82, 141), (18, 77), (86, 150), (24, 111), (17, 35), (14, 45), (87, 133), (15, 101), (70, 71), (73, 161), (153, 169), (3, 38)}
Згенероване вершинне покриття (C): [0, 1, 2, 3, 4, 5, 6, 7, 8, 9, 10, 11, 12, 13, 14, 15, 16, 17, 18, 19, 21, 22, 23, 24, 25, 26, 27, 28, 29, 30, 31, 32, 33, 34, 35, 36, 37, 38, 39, 40, 41, 42, 43, 44, 45, 46, 47, 48, 49, 50, 51, 52, 53, 54, 55, 56, 57, 58, 59, 60, 61, 62, 63, 64, 65, 66, 67, 68, 69, 70, 71, 72, 73, 74, 75, 76, 77, 78, 79, 80, 81, 82, 83, 84, 85, 86, 87, 88, 89, 90, 91, 92, 93, 94, 95, 96, 97, 98, 99, 100, 101, 102, 103, 104, 105, 106, 107, 108, 109, 110, 111, 112, 113, 114, 115, 116, 117, 118, 119, 120, 121, 122, 123, 124, 125, 126, 127, 128, 129, 130, 131, 132, 133, 134, 135, 136, 137, 138, 139, 140, 141, 142, 143, 144, 145, 146, 147, 148, 149, 150, 151, 152, 153, 154, 155, 156, 157, 158, 159, 160, 161, 162, 163, 164, 165, 166, 167, 168, 169, 170, 171, 172, 173, 174]

--- Генерація вершинного покриття (зі списку суміжності) ---
Знайдене максимальне парування (M): {(66, 103), (35, 97), (61, 116), (136, 158), (81, 167), (8, 18), (40, 50), (30, 146), (92, 161), (120, 122), (112, 157), (59, 121), (113, 165), (57, 105), (125, 139), (73, 110), (23, 155), (64, 119), (41, 99), (16, 143), (13, 37), (107, 108), (62, 76), (27, 118), (130, 174), (44, 168), (93, 127), (48, 58), (4, 89), (7, 51), (1, 74), (47, 169), (45, 117), (36, 68), (70, 134), (71, 163), (52, 131), (166, 171), (39, 78), (128, 144), (129, 173), (12, 24), (5, 137), (79, 98), (54, 142), (77, 82), (55, 152), (94, 150), (25, 63), (2, 88), (26, 100), (0, 20), (115, 159), (34, 91), (85, 145), (33, 153), (83, 102), (75, 162), (84, 149), (43, 56), (15, 104), (124, 148), (96, 141), (10, 135), (29, 60), (22, 109), (151, 156), (14, 114), (106, 133), (3, 123), (72, 140), (38, 154), (21, 147), (67, 80), (69, 86), (53, 172), (28, 42), (49, 138), (160, 170), (6, 87), (101, 111), (11, 65), (9, 132), (46, 126), (90, 95), (17, 19)}
Згенероване вершинне покриття (C): [0, 1, 2, 3, 4, 5, 6, 7, 8, 9, 10, 11, 12, 13, 14, 15, 16, 17, 18, 19, 20, 21, 22, 23, 24, 25, 26, 27, 28, 29, 30, 33, 34, 35, 36, 37, 38, 39, 40, 41, 42, 43, 44, 45, 46, 47, 48, 49, 50, 51, 52, 53, 54, 55, 56, 57, 58, 59, 60, 61, 62, 63, 64, 65, 66, 67, 68, 69, 70, 71, 72, 73, 74, 75, 76, 77, 78, 79, 80, 81, 82, 83, 84, 85, 86, 87, 88, 89, 90, 91, 92, 93, 94, 95, 96, 97, 98, 99, 100, 101, 102, 103, 104, 105, 106, 107, 108, 109, 110, 111, 112, 113, 114, 115, 116, 117, 118, 119, 120, 121, 122, 123, 124, 125, 126, 127, 128, 129, 130, 131, 132, 133, 134, 135, 136, 137, 138, 139, 140, 141, 142, 143, 144, 145, 146, 147, 148, 149, 150, 151, 152, 153, 154, 155, 156, 157, 158, 159, 160, 161, 162, 163, 165, 166, 167, 168, 169, 170, 171, 172, 173, 174]

--- Генерація вершинного покриття (зі списку суміжності) ---
Знайдене максимальне парування (M): {(34, 129), (10, 171), (64, 160), (31, 56), (13, 17), (166, 174), (45, 67), (65, 164), (49, 110), (14, 88), (22, 37), (38, 119), (32, 78), (41, 154), (157, 173), (55, 79), (8, 59), (5, 124), (111, 142), (3, 145), (97, 161), (62, 69), (1, 101), (82, 99), (77, 96), (12, 40), (121, 139), (118, 149), (19, 100), (127, 170), (28, 57), (20, 156), (50, 72), (46, 120), (80, 85), (25, 70), (24, 135), (104, 134), (90, 162), (63, 108), (43, 123), (152, 158), (95, 115), (61, 147), (141, 167), (27, 35), (7, 130), (11, 36), (58, 71), (106, 172), (98, 143), (15, 29), (53, 86), (105, 133), (89, 94), (113, 116), (74, 81), (73, 125), (16, 137), (23, 51), (4, 138), (18, 54), (44, 146), (2, 30), (112, 140), (128, 136), (102, 126), (52, 107), (33, 103), (150, 151), (42, 60), (84, 169), (87, 165), (39, 109), (76, 91), (75, 93), (132, 163), (47, 131), (148, 155), (66, 92), (68, 153), (26, 83), (9, 168), (6, 144), (114, 159), (0, 122), (21, 117)}
Згенероване вершинне покриття (C): [0, 1, 2, 3, 4, 5, 6, 7, 8, 9, 10, 11, 12, 13, 14, 15, 16, 17, 18, 19, 20, 21, 22, 23, 24, 25, 26, 27, 28, 29, 30, 31, 32, 33, 34, 35, 36, 37, 38, 39, 40, 41, 42, 43, 44, 45, 46, 47, 49, 50, 51, 52, 53, 54, 55, 56, 57, 58, 59, 60, 61, 62, 63, 64, 65, 66, 67, 68, 69, 70, 71, 72, 73, 74, 75, 76, 77, 78, 79, 80, 81, 82, 83, 84, 85, 86, 87, 88, 89, 90, 91, 92, 93, 94, 95, 96, 97, 98, 99, 100, 101, 102, 103, 104, 105, 106, 107, 108, 109, 110, 111, 112, 113, 114, 115, 116, 117, 118, 119, 120, 121, 122, 123, 124, 125, 126, 127, 128, 129, 130, 131, 132, 133, 134, 135, 136, 137, 138, 139, 140, 141, 142, 143, 144, 145, 146, 147, 148, 149, 150, 151, 152, 153, 154, 155, 156, 157, 158, 159, 160, 161, 162, 163, 164, 165, 166, 167, 168, 169, 170, 171, 172, 173, 174]

--- Генерація вершинного покриття (зі списку суміжності) ---
Знайдене максимальне парування (M): {(97, 127), (99, 118), (106, 114), (61, 91), (32, 85), (82, 150), (100, 140), (16, 168), (74, 130), (20, 159), (19, 139), (39, 172), (6, 169), (129, 148), (4, 160), (38, 146), (26, 144), (23, 29), (137, 170), (57, 125), (69, 90), (95, 109), (77, 103), (33, 143), (13, 94), (101, 158), (105, 122), (73, 151), (5, 89), (14, 37), (35, 142), (50, 161), (132, 157), (79, 96), (128, 162), (41, 124), (78, 88), (3, 30), (53, 171), (62, 119), (18, 112), (52, 55), (86, 87), (28, 134), (10, 21), (64, 65), (22, 68), (0, 47), (75, 123), (1, 48), (111, 117), (24, 141), (60, 164), (9, 116), (43, 166), (152, 155), (70, 147), (36, 154), (2, 12), (113, 136), (110, 167), (40, 133), (63, 135), (72, 149), (67, 80), (115, 163), (104, 108), (44, 66), (153, 156), (8, 76), (51, 83), (31, 59), (45, 58), (71, 98), (42, 126), (7, 49), (54, 173), (92, 102), (11, 165), (107, 120), (34, 145), (81, 174), (27, 84), (25, 121), (17, 138), (15, 131)}
Згенероване вершинне покриття (C): [0, 1, 2, 3, 4, 5, 6, 7, 8, 9, 10, 11, 12, 13, 14, 15, 16, 17, 18, 19, 20, 21, 22, 23, 24, 25, 26, 27, 28, 29, 30, 31, 32, 33, 34, 35, 36, 37, 38, 39, 40, 41, 42, 43, 44, 45, 47, 48, 49, 50, 51, 52, 53, 54, 55, 57, 58, 59, 60, 61, 62, 63, 64, 65, 66, 67, 68, 69, 70, 71, 72, 73, 74, 75, 76, 77, 78, 79, 80, 81, 82, 83, 84, 85, 86, 87, 88, 89, 90, 91, 92, 94, 95, 96, 97, 98, 99, 100, 101, 102, 103, 104, 105, 106, 107, 108, 109, 110, 111, 112, 113, 114, 115, 116, 117, 118, 119, 120, 121, 122, 123, 124, 125, 126, 127, 128, 129, 130, 131, 132, 133, 134, 135, 136, 137, 138, 139, 140, 141, 142, 143, 144, 145, 146, 147, 148, 149, 150, 151, 152, 153, 154, 155, 156, 157, 158, 159, 160, 161, 162, 163, 164, 165, 166, 167, 168, 169, 170, 171, 172, 173, 174]

--- Генерація вершинного покриття (зі списку суміжності) ---
Знайдене максимальне парування (M): {(13, 143), (9, 63), (27, 77), (31, 102), (82, 129), (96, 161), (61, 173), (28, 51), (70, 130), (156, 172), (119, 171), (97, 131), (16, 24), (79, 101), (105, 120), (19, 123), (62, 158), (107, 126), (48, 104), (29, 100), (85, 141), (121, 155), (47, 169), (80, 83), (52, 76), (55, 65), (88, 154), (10, 106), (18, 153), (56, 146), (40, 168), (1, 78), (89, 115), (7, 137), (73, 91), (23, 81), (103, 165), (5, 84), (135, 142), (15, 125), (87, 111), (42, 170), (30, 122), (69, 71), (95, 99), (132, 136), (110, 117), (124, 128), (35, 50), (38, 49), (86, 98), (53, 150), (0, 4), (36, 152), (108, 138), (34, 164), (8, 90), (25, 140), (2, 92), (37, 68), (26, 159), (44, 174), (59, 147), (127, 144), (3, 32), (57, 67), (45, 166), (22, 109), (75, 118), (72, 167), (17, 134), (46, 133), (114, 139), (60, 113), (33, 160), (6, 151), (116, 148), (66, 74), (43, 145), (94, 163), (64, 149), (54, 93), (14, 20), (12, 41), (11, 21), (58, 157)}
Згенероване вершинне покриття (C): [0, 1, 2, 3, 4, 5, 6, 7, 8, 9, 10, 11, 12, 13, 14, 15, 16, 17, 18, 19, 20, 21, 22, 23, 24, 25, 26, 27, 28, 29, 30, 31, 32, 33, 34, 35, 36, 37, 38, 40, 41, 42, 43, 44, 45, 46, 47, 48, 49, 50, 51, 52, 53, 54, 55, 56, 57, 58, 59, 60, 61, 62, 63, 64, 65, 66, 67, 68, 69, 70, 71, 72, 73, 74, 75, 76, 77, 78, 79, 80, 81, 82, 83, 84, 85, 86, 87, 88, 89, 90, 91, 92, 93, 94, 95, 96, 97, 98, 99, 100, 101, 102, 103, 104, 105, 106, 107, 108, 109, 110, 111, 113, 114, 115, 116, 117, 118, 119, 120, 121, 122, 123, 124, 125, 126, 127, 128, 129, 130, 131, 132, 133, 134, 135, 136, 137, 138, 139, 140, 141, 142, 143, 144, 145, 146, 147, 148, 149, 150, 151, 152, 153, 154, 155, 156, 157, 158, 159, 160, 161, 163, 164, 165, 166, 167, 168, 169, 170, 171, 172, 173, 174]

--- Генерація вершинного покриття (зі списку суміжності) ---
Знайдене максимальне парування (M): {(35, 143), (96, 168), (8, 110), (16, 47), (79, 170), (37, 42), (5, 156), (2, 139), (27, 34), (3, 113), (107, 115), (99, 166), (124, 140), (21, 39), (14, 33), (9, 92), (81, 126), (29, 134), (133, 173), (86, 131), (78, 127), (44, 104), (102, 121), (36, 75), (56, 87), (26, 55), (54, 172), (41, 83), (109, 117), (7, 60), (30, 162), (69, 74), (122, 128), (50, 152), (59, 63), (62, 89), (71, 101), (45, 82), (51, 125), (135, 149), (23, 106), (1, 142), (53, 70), (57, 159), (11, 52), (12, 154), (19, 22), (68, 88), (15, 155), (67, 138), (98, 116), (4, 24), (105, 167), (66, 93), (28, 118), (43, 100), (65, 112), (46, 108), (130, 132), (145, 150), (13, 25), (84, 158), (6, 174), (48, 119), (94, 95), (10, 153), (120, 141), (32, 49), (64, 90), (161, 169), (73, 111), (17, 97), (91, 165), (38, 129), (80, 171), (18, 77), (103, 157), (147, 163), (114, 123), (85, 151), (31, 61), (40, 146), (58, 72), (144, 148), (20, 164), (0, 76)}
Згенероване вершинне покриття (C): [0, 1, 2, 3, 4, 5, 6, 7, 8, 9, 10, 11, 12, 13, 14, 15, 16, 17, 18, 19, 20, 21, 22, 23, 24, 25, 26, 27, 28, 29, 30, 31, 32, 33, 34, 35, 36, 37, 38, 39, 40, 41, 42, 43, 44, 45, 46, 47, 48, 49, 50, 51, 52, 53, 54, 55, 56, 57, 58, 59, 60, 61, 62, 63, 64, 65, 66, 67, 68, 69, 70, 71, 72, 73, 74, 75, 76, 77, 78, 79, 80, 81, 82, 83, 84, 85, 86, 87, 88, 89, 90, 91, 92, 93, 94, 95, 96, 97, 98, 99, 100, 101, 102, 103, 104, 105, 106, 107, 108, 109, 110, 111, 112, 113, 114, 115, 116, 117, 118, 119, 120, 121, 122, 123, 124, 125, 126, 127, 128, 129, 130, 131, 132, 133, 134, 135, 138, 139, 140, 141, 142, 143, 144, 145, 146, 147, 148, 149, 150, 151, 152, 153, 154, 155, 156, 157, 158, 159, 161, 162, 163, 164, 165, 166, 167, 168, 169, 170, 171, 172, 173, 174]

--- Генерація вершинного покриття (зі списку суміжності) ---
Знайдене максимальне парування (M): {(0, 158), (55, 57), (18, 26), (84, 148), (43, 174), (79, 161), (2, 48), (106, 114), (86, 111), (109, 122), (143, 172), (28, 60), (159, 171), (68, 141), (13, 19), (50, 120), (53, 155), (49, 103), (110, 152), (15, 46), (27, 29), (95, 118), (33, 42), (34, 126), (17, 119), (45, 64), (72, 145), (35, 160), (98, 164), (100, 128), (73, 162), (40, 104), (69, 149), (66, 132), (78, 115), (93, 97), (71, 76), (91, 127), (63, 108), (105, 138), (80, 96), (10, 83), (87, 129), (85, 168), (14, 62), (22, 139), (94, 134), (21, 150), (58, 89), (121, 136), (11, 157), (3, 9), (41, 130), (52, 75), (113, 125), (12, 133), (31, 173), (61, 135), (153, 163), (44, 82), (88, 146), (92, 107), (74, 101), (8, 165), (38, 154), (4, 131), (20, 169), (77, 166), (54, 70), (81, 90), (25, 37), (6, 32), (67, 137), (16, 116), (59, 151), (23, 167), (5, 170), (51, 112), (7, 24), (36, 124), (1, 102), (30, 117), (147, 156), (47, 142), (65, 123), (56, 99), (140, 144)}
Згенероване вершинне покриття (C): [0, 1, 2, 3, 4, 5, 6, 7, 8, 9, 10, 11, 12, 13, 14, 15, 16, 17, 18, 19, 20, 21, 22, 23, 24, 25, 26, 27, 28, 29, 30, 31, 32, 33, 34, 35, 36, 37, 38, 40, 41, 42, 43, 44, 45, 46, 47, 48, 49, 50, 51, 52, 53, 54, 55, 56, 57, 58, 59, 60, 61, 62, 63, 64, 65, 66, 67, 68, 69, 70, 71, 72, 73, 74, 75, 76, 77, 78, 79, 80, 81, 82, 83, 84, 85, 86, 87, 88, 89, 90, 91, 92, 93, 94, 95, 96, 97, 98, 99, 100, 101, 102, 103, 104, 105, 106, 107, 108, 109, 110, 111, 112, 113, 114, 115, 116, 117, 118, 119, 120, 121, 122, 123, 124, 125, 126, 127, 128, 129, 130, 131, 132, 133, 134, 135, 136, 137, 138, 139, 140, 141, 142, 143, 144, 145, 146, 147, 148, 149, 150, 151, 152, 153, 154, 155, 156, 157, 158, 159, 160, 161, 162, 163, 164, 165, 166, 167, 168, 169, 170, 171, 172, 173, 174]

--- Генерація вершинного покриття (зі списку суміжності) ---
Знайдене максимальне парування (M): {(107, 113), (54, 141), (110, 139), (152, 154), (30, 128), (3, 22), (83, 94), (77, 108), (131, 143), (112, 148), (1, 33), (115, 162), (8, 121), (79, 172), (71, 168), (74, 84), (60, 149), (105, 166), (47, 57), (99, 122), (32, 62), (66, 73), (31, 51), (56, 117), (59, 70), (25, 111), (28, 146), (80, 147), (78, 95), (24, 124), (92, 103), (21, 61), (17, 167), (76, 97), (4, 38), (11, 34), (29, 161), (104, 109), (39, 55), (87, 129), (53, 72), (127, 174), (12, 65), (120, 153), (26, 45), (16, 126), (144, 165), (10, 85), (27, 101), (48, 133), (100, 134), (7, 98), (13, 114), (150, 156), (41, 75), (19, 145), (9, 171), (49, 170), (125, 138), (0, 15), (44, 82), (18, 63), (93, 151), (157, 163), (43, 86), (58, 123), (35, 155), (81, 106), (90, 118), (36, 37), (20, 50), (68, 142), (40, 89), (6, 96), (88, 169), (116, 130), (67, 91), (5, 42), (69, 164), (14, 173), (52, 102), (135, 136), (64, 158), (2, 119), (23, 160), (46, 137), (132, 140)}
Згенероване вершинне покриття (C): [0, 1, 2, 3, 4, 5, 6, 7, 8, 9, 10, 11, 12, 13, 14, 15, 16, 17, 18, 19, 20, 21, 22, 23, 24, 25, 26, 27, 28, 29, 30, 31, 32, 33, 34, 35, 36, 37, 38, 39, 40, 41, 42, 43, 44, 45, 46, 47, 48, 49, 50, 51, 52, 53, 54, 55, 56, 57, 58, 59, 60, 61, 62, 63, 64, 65, 66, 67, 68, 69, 70, 71, 72, 73, 74, 75, 76, 77, 78, 79, 80, 81, 82, 83, 84, 85, 86, 87, 88, 89, 90, 91, 92, 93, 94, 95, 96, 97, 98, 99, 100, 101, 102, 103, 104, 105, 106, 107, 108, 109, 110, 111, 112, 113, 114, 115, 116, 117, 118, 119, 120, 121, 122, 123, 124, 125, 126, 127, 128, 129, 130, 131, 132, 133, 134, 135, 136, 137, 138, 139, 140, 141, 142, 143, 144, 145, 146, 147, 148, 149, 150, 151, 152, 153, 154, 155, 156, 157, 158, 160, 161, 162, 163, 164, 165, 166, 167, 168, 169, 170, 171, 172, 173, 174]

--- Генерація вершинного покриття (зі списку суміжності) ---
Знайдене максимальне парування (M): {(22, 81), (48, 54), (109, 159), (64, 126), (47, 119), (76, 136), (29, 61), (24, 138), (71, 88), (90, 156), (117, 149), (34, 142), (99, 122), (78, 93), (67, 166), (155, 169), (51, 157), (36, 105), (55, 63), (21, 132), (42, 45), (82, 154), (103, 170), (2, 127), (124, 147), (49, 123), (152, 172), (10, 79), (27, 95), (70, 164), (7, 16), (26, 148), (52, 167), (111, 128), (11, 59), (5, 73), (92, 133), (20, 30), (13, 46), (15, 162), (18, 39), (6, 104), (77, 100), (97, 112), (113, 139), (12, 129), (84, 145), (14, 135), (94, 143), (141, 160), (56, 98), (25, 83), (134, 173), (31, 80), (38, 150), (41, 121), (43, 118), (1, 75), (50, 96), (8, 163), (23, 69), (17, 120), (3, 130), (107, 114), (101, 171), (72, 174), (19, 28), (53, 115), (57, 131), (32, 86), (68, 85), (65, 153), (37, 116), (74, 165), (40, 151), (89, 144), (33, 66), (0, 35), (9, 102), (60, 168), (87, 158), (91, 140), (4, 108), (106, 146), (110, 137), (62, 161), (44, 125)}
Згенероване вершинне покриття (C): [0, 1, 2, 3, 4, 5, 6, 7, 8, 9, 10, 11, 12, 13, 14, 15, 16, 17, 18, 19, 20, 21, 22, 23, 24, 25, 26, 27, 28, 29, 30, 31, 32, 33, 34, 35, 36, 37, 38, 39, 40, 41, 42, 43, 44, 45, 46, 47, 48, 49, 50, 51, 52, 53, 54, 55, 56, 57, 59, 60, 61, 62, 63, 64, 65, 66, 67, 68, 69, 70, 71, 72, 73, 74, 75, 76, 77, 78, 79, 80, 81, 82, 83, 84, 85, 86, 87, 88, 89, 90, 91, 92, 93, 94, 95, 96, 97, 98, 99, 100, 101, 102, 103, 104, 105, 106, 107, 108, 109, 110, 111, 112, 113, 114, 115, 116, 117, 118, 119, 120, 121, 122, 123, 124, 125, 126, 127, 128, 129, 130, 131, 132, 133, 134, 135, 136, 137, 138, 139, 140, 141, 142, 143, 144, 145, 146, 147, 148, 149, 150, 151, 152, 153, 154, 155, 156, 157, 158, 159, 160, 161, 162, 163, 164, 165, 166, 167, 168, 169, 170, 171, 172, 173, 174]

--- Генерація вершинного покриття (зі списку суміжності) ---
Знайдене максимальне парування (M): {(46, 155), (121, 167), (147, 149), (74, 82), (14, 40), (3, 49), (92, 170), (55, 114), (44, 148), (124, 168), (13, 90), (25, 162), (100, 140), (22, 28), (67, 109), (73, 131), (151, 166), (24, 156), (42, 171), (134, 135), (47, 75), (123, 125), (4, 43), (76, 159), (11, 103), (48, 152), (9, 78), (126, 144), (16, 56), (69, 110), (36, 116), (30, 118), (20, 37), (70, 157), (10, 136), (91, 173), (93, 115), (141, 158), (130, 137), (52, 89), (54, 117), (2, 143), (6, 15), (18, 41), (26, 127), (104, 129), (59, 106), (87, 122), (64, 65), (96, 164), (81, 145), (80, 128), (31, 153), (132, 138), (172, 174), (8, 154), (0, 86), (32, 102), (68, 165), (7, 27), (98, 111), (17, 95), (29, 60), (12, 108), (146, 160), (61, 119), (38, 163), (33, 57), (72, 112), (99, 139), (71, 77), (35, 84), (1, 45), (53, 83), (97, 150), (34, 79), (85, 133), (19, 142), (39, 120), (21, 51), (5, 161), (50, 105), (58, 63), (62, 88), (101, 113), (23, 169), (66, 94)}
Згенероване вершинне покриття (C): [0, 1, 2, 3, 4, 5, 6, 7, 8, 9, 10, 11, 12, 13, 14, 15, 16, 17, 18, 19, 20, 21, 22, 23, 24, 25, 26, 27, 28, 29, 30, 31, 32, 33, 34, 35, 36, 37, 38, 39, 40, 41, 42, 43, 44, 45, 46, 47, 48, 49, 50, 51, 52, 53, 54, 55, 56, 57, 58, 59, 60, 61, 62, 63, 64, 65, 66, 67, 68, 69, 70, 71, 72, 73, 74, 75, 76, 77, 78, 79, 80, 81, 82, 83, 84, 85, 86, 87, 88, 89, 90, 91, 92, 93, 94, 95, 96, 97, 98, 99, 100, 101, 102, 103, 104, 105, 106, 108, 109, 110, 111, 112, 113, 114, 115, 116, 117, 118, 119, 120, 121, 122, 123, 124, 125, 126, 127, 128, 129, 130, 131, 132, 133, 134, 135, 136, 137, 138, 139, 140, 141, 142, 143, 144, 145, 146, 147, 148, 149, 150, 151, 152, 153, 154, 155, 156, 157, 158, 159, 160, 161, 162, 163, 164, 165, 166, 167, 168, 169, 170, 171, 172, 173, 174]

--- Генерація вершинного покриття (зі списку суміжності) ---
Знайдене максимальне парування (M): {(10, 134), (48, 127), (109, 113), (87, 119), (55, 68), (47, 64), (69, 131), (50, 63), (106, 150), (156, 172), (8, 75), (112, 132), (143, 165), (12, 173), (34, 124), (56, 78), (37, 129), (62, 94), (30, 123), (0, 9), (83, 144), (22, 103), (13, 85), (36, 169), (105, 168), (111, 162), (19, 45), (100, 137), (20, 92), (16, 76), (122, 142), (14, 32), (38, 118), (27, 35), (108, 152), (39, 73), (28, 116), (2, 42), (84, 90), (86, 96), (59, 79), (53, 157), (4, 33), (6, 115), (1, 128), (23, 58), (26, 29), (41, 57), (89, 140), (18, 43), (153, 161), (93, 149), (61, 160), (117, 125), (3, 167), (60, 164), (151, 163), (15, 159), (141, 146), (95, 158), (102, 154), (51, 99), (40, 133), (74, 110), (139, 145), (24, 91), (21, 138), (130, 136), (25, 135), (66, 81), (104, 147), (49, 101), (67, 82), (88, 114), (54, 155), (31, 107), (46, 71), (5, 97), (65, 148), (7, 70), (44, 52), (121, 174), (98, 126), (72, 171), (77, 170), (80, 166)}
Згенероване вершинне покриття (C): [0, 1, 2, 3, 4, 5, 6, 7, 8, 9, 10, 12, 13, 14, 15, 16, 18, 19, 20, 21, 22, 23, 24, 25, 26, 27, 28, 29, 30, 31, 32, 33, 34, 35, 36, 37, 38, 39, 40, 41, 42, 43, 44, 45, 46, 47, 48, 49, 50, 51, 52, 53, 54, 55, 56, 57, 58, 59, 60, 61, 62, 63, 64, 65, 66, 67, 68, 69, 70, 71, 72, 73, 74, 75, 76, 77, 78, 79, 80, 81, 82, 83, 84, 85, 86, 87, 88, 89, 90, 91, 92, 93, 94, 95, 96, 97, 98, 99, 100, 101, 102, 103, 104, 105, 106, 107, 108, 109, 110, 111, 112, 113, 114, 115, 116, 117, 118, 119, 121, 122, 123, 124, 125, 126, 127, 128, 129, 130, 131, 132, 133, 134, 135, 136, 137, 138, 139, 140, 141, 142, 143, 144, 145, 146, 147, 148, 149, 150, 151, 152, 153, 154, 155, 156, 157, 158, 159, 160, 161, 162, 163, 164, 165, 166, 167, 168, 169, 170, 171, 172, 173, 174]

--- Генерація вершинного покриття (зі списку суміжності) ---
Знайдене максимальне парування (M): {(15, 21), (88, 173), (55, 148), (54, 150), (2, 57), (5, 28), (63, 125), (61, 100), (60, 174), (4, 66), (33, 111), (29, 34), (94, 160), (8, 105), (1, 44), (71, 152), (116, 129), (14, 154), (104, 121), (83, 153), (141, 170), (51, 93), (70, 162), (18, 133), (96, 101), (102, 114), (64, 75), (35, 167), (23, 159), (11, 139), (59, 91), (32, 146), (50, 106), (38, 107), (13, 46), (95, 97), (78, 99), (77, 164), (62, 112), (113, 130), (115, 127), (87, 120), (45, 169), (47, 166), (48, 76), (0, 36), (26, 27), (6, 24), (31, 142), (84, 145), (3, 80), (16, 53), (10, 12), (72, 124), (19, 42), (82, 144), (69, 137), (7, 43), (37, 41), (22, 52), (89, 151), (136, 168), (30, 74), (17, 86), (108, 140), (68, 131), (58, 123), (25, 117), (92, 109), (65, 155), (85, 103), (67, 128), (56, 143), (157, 158), (9, 40), (138, 172), (163, 171), (132, 165), (81, 156), (119, 149), (98, 126), (73, 161), (134, 147), (79, 122), (39, 49), (20, 118)}
Згенероване вершинне покриття (C): [0, 1, 2, 3, 4, 5, 6, 7, 8, 9, 10, 11, 12, 13, 14, 15, 16, 17, 18, 19, 20, 21, 22, 23, 24, 25, 26, 27, 28, 29, 30, 31, 32, 33, 34, 35, 36, 37, 38, 39, 40, 41, 42, 43, 44, 45, 46, 47, 48, 49, 50, 51, 52, 53, 54, 55, 56, 57, 58, 59, 60, 61, 62, 63, 64, 65, 66, 67, 68, 69, 70, 71, 72, 73, 74, 75, 76, 77, 78, 79, 80, 81, 82, 83, 84, 85, 86, 87, 88, 89, 91, 92, 93, 94, 95, 96, 97, 98, 99, 100, 101, 102, 103, 104, 105, 106, 107, 108, 109, 111, 112, 113, 114, 115, 116, 117, 118, 119, 120, 121, 122, 123, 124, 125, 126, 127, 128, 129, 130, 131, 132, 133, 134, 136, 137, 138, 139, 140, 141, 142, 143, 144, 145, 146, 147, 148, 149, 150, 151, 152, 153, 154, 155, 156, 157, 158, 159, 160, 161, 162, 163, 164, 165, 166, 167, 168, 169, 170, 171, 172, 173, 174]

--- Генерація вершинного покриття (зі списку суміжності) ---
Знайдене максимальне парування (M): {(21, 71), (88, 100), (81, 94), (128, 163), (6, 57), (4, 158), (78, 171), (98, 149), (146, 150), (25, 34), (113, 165), (0, 62), (12, 27), (28, 142), (58, 97), (11, 144), (106, 125), (39, 110), (84, 109), (29, 173), (89, 102), (114, 131), (60, 169), (10, 95), (33, 161), (108, 118), (36, 77), (101, 167), (85, 116), (120, 156), (23, 31), (9, 14), (69, 92), (13, 124), (127, 152), (35, 151), (105, 115), (147, 148), (51, 107), (38, 162), (40, 159), (112, 129), (24, 126), (123, 138), (49, 134), (79, 135), (7, 82), (20, 30), (70, 104), (55, 170), (45, 50), (22, 139), (67, 74), (41, 64), (26, 164), (42, 63), (75, 130), (54, 73), (91, 122), (80, 119), (43, 72), (18, 61), (37, 96), (90, 141), (5, 155), (17, 56), (32, 47), (44, 46), (16, 48), (2, 3), (99, 137), (66, 143), (117, 145), (68, 103), (133, 153), (8, 76), (86, 132), (15, 172), (83, 154), (65, 157), (140, 160), (52, 166), (19, 53), (93, 121), (1, 111), (136, 174)}
Згенероване вершинне покриття (C): [0, 1, 2, 3, 4, 5, 6, 7, 8, 9, 10, 11, 12, 13, 14, 15, 16, 17, 18, 19, 20, 21, 22, 23, 24, 25, 26, 27, 28, 29, 30, 31, 32, 33, 34, 35, 36, 37, 38, 39, 40, 41, 42, 43, 44, 45, 46, 47, 48, 49, 50, 51, 52, 53, 54, 55, 56, 57, 58, 60, 61, 62, 63, 64, 65, 66, 67, 68, 69, 70, 71, 72, 73, 74, 75, 76, 77, 78, 79, 80, 81, 82, 83, 84, 85, 86, 88, 89, 90, 91, 92, 93, 94, 95, 96, 97, 98, 99, 100, 101, 102, 103, 104, 105, 106, 107, 108, 109, 110, 111, 112, 113, 114, 115, 116, 117, 118, 119, 120, 121, 122, 123, 124, 125, 126, 127, 128, 129, 130, 131, 132, 133, 134, 135, 136, 137, 138, 139, 140, 141, 142, 143, 144, 145, 146, 147, 148, 149, 150, 151, 152, 153, 154, 155, 156, 157, 158, 159, 160, 161, 162, 163, 164, 165, 166, 167, 169, 170, 171, 172, 173, 174]

--- Генерація вершинного покриття (зі списку суміжності) ---
Знайдене максимальне парування (M): {(78, 132), (8, 55), (90, 106), (18, 163), (53, 160), (57, 66), (31, 65), (35, 81), (24, 154), (44, 120), (101, 172), (22, 83), (46, 50), (82, 113), (17, 23), (131, 150), (32, 62), (84, 164), (68, 79), (93, 102), (136, 137), (105, 168), (2, 45), (109, 110), (7, 126), (74, 100), (1, 167), (99, 117), (69, 149), (48, 138), (85, 166), (39, 89), (34, 139), (37, 135), (72, 159), (141, 158), (115, 118), (123, 170), (14, 144), (43, 125), (42, 127), (133, 174), (19, 97), (51, 95), (56, 70), (60, 116), (87, 143), (40, 165), (92, 148), (76, 151), (122, 157), (3, 130), (96, 114), (86, 155), (64, 152), (26, 58), (98, 129), (0, 15), (10, 25), (5, 38), (41, 52), (146, 169), (107, 134), (47, 156), (21, 67), (9, 33), (12, 128), (49, 147), (61, 121), (29, 153), (27, 119), (30, 124), (59, 142), (36, 103), (20, 171), (13, 77), (28, 108), (104, 140), (112, 162), (71, 91), (4, 80), (16, 54), (111, 145), (161, 173), (75, 88), (11, 94), (6, 73)}
Згенероване вершинне покриття (C): [0, 1, 2, 3, 4, 5, 6, 7, 8, 9, 10, 11, 12, 13, 14, 15, 16, 17, 18, 19, 20, 21, 22, 23, 24, 25, 26, 27, 28, 29, 30, 31, 32, 33, 34, 35, 36, 37, 38, 39, 40, 41, 42, 43, 44, 45, 46, 47, 48, 49, 50, 51, 52, 53, 54, 55, 56, 57, 58, 59, 60, 61, 62, 64, 65, 66, 67, 68, 69, 70, 71, 72, 73, 74, 75, 76, 77, 78, 79, 80, 81, 82, 83, 84, 85, 86, 87, 88, 89, 90, 91, 92, 93, 94, 95, 96, 97, 98, 99, 100, 101, 102, 103, 104, 105, 106, 107, 108, 109, 110, 111, 112, 113, 114, 115, 116, 117, 118, 119, 120, 121, 122, 123, 124, 125, 126, 127, 128, 129, 130, 131, 132, 133, 134, 135, 136, 137, 138, 139, 140, 141, 142, 143, 144, 145, 146, 147, 148, 149, 150, 151, 152, 153, 154, 155, 156, 157, 158, 159, 160, 161, 162, 163, 164, 165, 166, 167, 168, 169, 170, 171, 172, 173, 174]

--- Генерація вершинного покриття (зі списку суміжності) ---
Знайдене максимальне парування (M): {(138, 165), (50, 171), (41, 168), (82, 102), (117, 154), (10, 61), (48, 54), (2, 130), (166, 174), (40, 132), (29, 141), (30, 121), (96, 124), (8, 66), (95, 107), (49, 119), (74, 148), (26, 144), (15, 153), (89, 136), (108, 116), (45, 142), (20, 33), (123, 125), (31, 170), (75, 85), (120, 172), (98, 135), (18, 78), (56, 62), (71, 90), (32, 73), (92, 94), (25, 68), (111, 146), (69, 76), (67, 143), (23, 161), (80, 103), (126, 164), (52, 160), (63, 163), (55, 152), (6, 58), (127, 147), (19, 159), (86, 133), (5, 13), (27, 83), (81, 118), (72, 115), (91, 104), (64, 65), (105, 167), (100, 134), (16, 37), (35, 169), (7, 162), (17, 157), (42, 101), (93, 112), (60, 109), (137, 155), (99, 128), (59, 156), (0, 88), (57, 149), (1, 34), (4, 131), (53, 145), (87, 110), (44, 139), (12, 46), (97, 114), (21, 122), (158, 173), (77, 129), (113, 150), (43, 106), (47, 140), (36, 39), (11, 28), (9, 70), (14, 84), (3, 38), (22, 51), (24, 79)}
Згенероване вершинне покриття (C): [0, 1, 2, 3, 4, 5, 6, 7, 8, 9, 10, 11, 12, 13, 14, 15, 16, 17, 18, 19, 20, 21, 22, 23, 24, 25, 26, 27, 28, 29, 30, 31, 32, 33, 34, 35, 36, 37, 38, 39, 40, 41, 42, 43, 44, 45, 46, 47, 48, 49, 50, 51, 52, 53, 54, 55, 56, 57, 58, 59, 60, 61, 62, 63, 64, 65, 66, 67, 68, 69, 70, 71, 72, 73, 74, 75, 76, 77, 78, 79, 80, 81, 82, 83, 84, 85, 86, 87, 88, 89, 90, 91, 92, 93, 94, 95, 96, 97, 98, 99, 100, 101, 102, 103, 104, 105, 106, 107, 108, 109, 110, 111, 112, 113, 114, 115, 116, 117, 118, 119, 120, 121, 122, 123, 124, 125, 126, 127, 128, 129, 130, 131, 132, 133, 134, 135, 136, 137, 138, 139, 140, 141, 142, 143, 144, 145, 146, 147, 148, 149, 150, 152, 153, 154, 155, 156, 157, 158, 159, 160, 161, 162, 163, 164, 165, 166, 167, 168, 169, 170, 171, 172, 173, 174]

--- Генерація вершинного покриття (зі списку суміжності) ---
Знайдене максимальне парування (M): {(1, 86), (26, 149), (18, 81), (13, 42), (47, 162), (97, 120), (110, 132), (79, 163), (87, 146), (101, 172), (3, 33), (11, 144), (29, 125), (90, 165), (9, 58), (20, 88), (68, 107), (52, 74), (51, 93), (67, 111), (64, 121), (116, 122), (154, 170), (156, 167), (103, 115), (50, 143), (21, 171), (104, 141), (34, 128), (39, 96), (5, 73), (12, 24), (69, 85), (36, 164), (10, 44), (102, 127), (17, 123), (100, 139), (106, 152), (80, 151), (25, 136), (65, 147), (62, 75), (48, 94), (49, 148), (4, 6), (95, 145), (109, 153), (23, 37), (14, 82), (57, 117), (53, 150), (38, 113), (71, 119), (22, 43), (63, 124), (56, 173), (105, 169), (32, 157), (61, 126), (27, 142), (19, 92), (8, 131), (89, 98), (30, 140), (31, 114), (166, 168), (60, 159), (54, 70), (77, 129), (15, 99), (133, 137), (59, 78), (72, 160), (76, 130), (45, 161), (66, 138), (46, 135), (0, 28), (83, 108), (7, 134), (35, 40), (2, 174), (55, 155), (16, 118), (84, 112)}
Згенероване вершинне покриття (C): [0, 1, 2, 3, 4, 5, 6, 7, 8, 9, 10, 11, 12, 13, 14, 15, 16, 17, 18, 19, 20, 21, 22, 23, 24, 25, 26, 27, 28, 29, 30, 31, 32, 33, 34, 35, 36, 37, 38, 39, 40, 42, 43, 44, 45, 46, 47, 48, 49, 50, 51, 52, 53, 54, 55, 56, 57, 58, 59, 60, 61, 62, 63, 64, 65, 66, 67, 68, 69, 70, 71, 72, 73, 74, 75, 76, 77, 78, 79, 80, 81, 82, 83, 84, 85, 86, 87, 88, 89, 90, 92, 93, 94, 95, 96, 97, 98, 99, 100, 101, 102, 103, 104, 105, 106, 107, 108, 109, 110, 111, 112, 113, 114, 115, 116, 117, 118, 119, 120, 121, 122, 123, 124, 125, 126, 127, 128, 129, 130, 131, 132, 133, 134, 135, 136, 137, 138, 139, 140, 141, 142, 143, 144, 145, 146, 147, 148, 149, 150, 151, 152, 153, 154, 155, 156, 157, 159, 160, 161, 162, 163, 164, 165, 166, 167, 168, 169, 170, 171, 172, 173, 174]

--- Генерація вершинного покриття (зі списку суміжності) ---
Знайдене максимальне парування (M): {(149, 165), (103, 152), (39, 97), (15, 23), (110, 123), (108, 169), (82, 150), (9, 56), (48, 102), (26, 53), (83, 87), (14, 115), (21, 130), (7, 30), (99, 113), (10, 129), (138, 144), (8, 43), (33, 42), (37, 76), (122, 174), (20, 44), (40, 120), (107, 140), (18, 117), (1, 131), (63, 70), (57, 93), (16, 156), (31, 101), (38, 171), (116, 145), (36, 109), (32, 41), (25, 161), (90, 162), (2, 104), (86, 94), (46, 58), (66, 155), (92, 128), (54, 153), (29, 172), (121, 136), (27, 28), (119, 166), (91, 95), (17, 45), (50, 60), (49, 168), (124, 146), (133, 158), (118, 139), (19, 81), (35, 141), (105, 160), (77, 125), (22, 134), (59, 65), (127, 135), (73, 173), (11, 88), (68, 85), (114, 137), (12, 62), (132, 170), (84, 96), (47, 74), (78, 89), (64, 163), (51, 147), (52, 164), (61, 112), (98, 106), (55, 80), (4, 151), (5, 24), (142, 167), (6, 126), (13, 159), (34, 72), (71, 100), (0, 67), (111, 154), (3, 148), (75, 79), (69, 157)}
Згенероване вершинне покриття (C): [0, 1, 2, 3, 4, 5, 6, 7, 8, 9, 10, 11, 12, 13, 14, 15, 16, 17, 18, 19, 20, 21, 22, 23, 24, 25, 26, 27, 28, 29, 30, 31, 32, 33, 34, 35, 36, 37, 38, 39, 40, 41, 42, 43, 44, 45, 46, 47, 48, 49, 50, 51, 52, 53, 54, 55, 56, 57, 58, 59, 60, 61, 62, 63, 64, 65, 66, 67, 68, 69, 70, 71, 72, 73, 74, 75, 76, 77, 78, 79, 80, 81, 82, 83, 84, 85, 86, 87, 88, 89, 90, 91, 92, 93, 94, 95, 96, 97, 98, 99, 100, 101, 102, 103, 104, 105, 106, 107, 108, 109, 110, 111, 112, 113, 114, 115, 116, 117, 118, 119, 120, 121, 122, 123, 124, 125, 126, 127, 128, 129, 130, 131, 132, 133, 134, 135, 136, 137, 138, 139, 140, 141, 142, 144, 145, 146, 147, 148, 149, 150, 151, 152, 153, 154, 155, 156, 157, 158, 159, 160, 161, 162, 163, 164, 165, 166, 167, 168, 169, 170, 171, 172, 173, 174]

--- Генерація вершинного покриття (зі списку суміжності) ---
Знайдене максимальне парування (M): {(123, 155), (58, 65), (42, 48), (3, 13), (54, 159), (5, 138), (34, 165), (46, 130), (49, 80), (16, 22), (96, 170), (79, 99), (82, 150), (88, 111), (25, 107), (2, 4), (9, 74), (86, 104), (75, 83), (67, 127), (12, 157), (21, 50), (18, 60), (55, 109), (124, 163), (7, 69), (61, 113), (62, 78), (63, 77), (71, 145), (53, 84), (101, 167), (29, 93), (38, 160), (43, 137), (139, 153), (15, 59), (56, 112), (31, 131), (14, 151), (87, 102), (39, 119), (144, 172), (26, 36), (24, 121), (116, 140), (70, 152), (118, 146), (105, 158), (35, 41), (64, 95), (125, 154), (134, 166), (11, 168), (23, 133), (37, 132), (57, 110), (115, 161), (114, 171), (44, 73), (141, 173), (85, 156), (6, 76), (90, 164), (17, 143), (0, 72), (40, 117), (66, 81), (28, 106), (148, 162), (47, 174), (32, 97), (1, 100), (91, 149), (19, 142), (68, 126), (51, 103), (33, 98), (92, 129), (52, 120), (10, 169), (45, 136), (20, 27), (108, 128), (8, 135), (94, 147), (30, 89)}
Згенероване вершинне покриття (C): [0, 1, 2, 3, 4, 5, 6, 7, 8, 9, 10, 11, 12, 13, 14, 15, 16, 17, 18, 19, 20, 21, 22, 23, 24, 25, 26, 27, 28, 29, 30, 31, 32, 33, 34, 35, 36, 37, 38, 39, 40, 41, 42, 43, 44, 45, 46, 47, 48, 49, 50, 51, 52, 53, 54, 55, 56, 57, 58, 59, 60, 61, 62, 63, 64, 65, 66, 67, 68, 69, 70, 71, 72, 73, 74, 75, 76, 77, 78, 79, 80, 81, 82, 83, 84, 85, 86, 87, 88, 89, 90, 91, 92, 93, 94, 95, 96, 97, 98, 99, 100, 101, 102, 103, 104, 105, 106, 107, 108, 109, 110, 111, 112, 113, 114, 115, 116, 117, 118, 119, 120, 121, 123, 124, 125, 126, 127, 128, 129, 130, 131, 132, 133, 134, 135, 136, 137, 138, 139, 140, 141, 142, 143, 144, 145, 146, 147, 148, 149, 150, 151, 152, 153, 154, 155, 156, 157, 158, 159, 160, 161, 162, 163, 164, 165, 166, 167, 168, 169, 170, 171, 172, 173, 174]

--- Генерація вершинного покриття (зі списку суміжності) ---
Знайдене максимальне парування (M): {(43, 101), (25, 160), (12, 153), (45, 165), (24, 154), (70, 75), (28, 124), (18, 58), (95, 125), (55, 171), (1, 145), (72, 86), (76, 111), (102, 157), (52, 83), (155, 169), (149, 162), (119, 121), (38, 96), (14, 19), (6, 36), (33, 81), (135, 174), (62, 80), (23, 161), (21, 118), (27, 106), (64, 134), (71, 103), (56, 148), (50, 74), (16, 115), (42, 88), (91, 166), (63, 129), (5, 105), (31, 32), (7, 114), (37, 167), (17, 173), (30, 170), (128, 150), (29, 147), (78, 140), (66, 120), (67, 85), (107, 139), (98, 136), (73, 116), (127, 151), (11, 77), (99, 144), (117, 143), (46, 110), (15, 159), (41, 123), (89, 142), (65, 126), (8, 92), (51, 90), (2, 94), (20, 130), (26, 97), (44, 112), (34, 168), (100, 122), (49, 138), (0, 163), (39, 47), (48, 59), (4, 108), (3, 54), (132, 156), (53, 131), (87, 133), (13, 40), (84, 146), (104, 158), (61, 68), (164, 172), (35, 113), (82, 109), (22, 152), (9, 79), (10, 141), (69, 93), (57, 137)}
Згенероване вершинне покриття (C): [0, 1, 2, 3, 4, 5, 6, 7, 8, 9, 10, 11, 12, 13, 14, 15, 16, 17, 18, 19, 20, 21, 22, 23, 24, 25, 26, 27, 28, 29, 30, 31, 32, 33, 34, 35, 36, 37, 38, 39, 40, 41, 42, 43, 44, 45, 46, 47, 48, 49, 50, 51, 52, 53, 54, 55, 56, 57, 58, 59, 61, 62, 63, 64, 65, 66, 67, 68, 69, 70, 71, 72, 73, 74, 75, 76, 77, 78, 79, 80, 81, 82, 83, 84, 85, 86, 87, 88, 89, 90, 91, 92, 93, 94, 95, 96, 97, 98, 99, 100, 101, 102, 103, 104, 105, 106, 107, 108, 109, 110, 111, 112, 113, 114, 115, 116, 117, 118, 119, 120, 121, 122, 123, 124, 125, 126, 127, 128, 129, 130, 131, 132, 133, 134, 135, 136, 137, 138, 139, 140, 141, 142, 143, 144, 145, 146, 147, 148, 149, 150, 151, 152, 153, 154, 155, 156, 157, 158, 159, 160, 161, 162, 163, 164, 165, 166, 167, 168, 169, 170, 171, 172, 173, 174]

--- Генерація вершинного покриття (зі списку суміжності) ---
Знайдене максимальне парування (M): {(49, 151), (16, 29), (164, 165), (61, 70), (46, 112), (39, 170), (76, 79), (28, 94), (80, 168), (18, 129), (8, 57), (35, 172), (102, 137), (101, 117), (51, 128), (65, 72), (68, 77), (92, 163), (52, 90), (50, 93), (25, 27), (59, 123), (20, 97), (95, 109), (103, 122), (33, 88), (15, 146), (2, 36), (91, 132), (48, 106), (14, 19), (5, 89), (11, 139), (44, 154), (45, 119), (42, 111), (131, 161), (38, 98), (17, 32), (41, 160), (74, 120), (3, 142), (21, 157), (115, 127), (71, 124), (105, 156), (22, 66), (69, 126), (121, 173), (55, 81), (23, 37), (1, 73), (87, 113), (30, 152), (34, 171), (82, 135), (12, 58), (84, 138), (60, 116), (64, 159), (75, 141), (108, 174), (43, 47), (40, 158), (24, 125), (133, 169), (118, 150), (83, 104), (9, 100), (85, 110), (6, 149), (144, 153), (78, 162), (99, 130), (96, 143), (26, 136), (7, 86), (67, 155), (63, 167), (0, 147), (13, 31), (4, 62), (107, 166), (53, 140), (54, 148), (56, 145), (114, 134)}
Згенероване вершинне покриття (C): [0, 1, 2, 3, 4, 5, 6, 7, 8, 9, 11, 12, 13, 14, 15, 16, 17, 18, 19, 20, 21, 22, 23, 24, 25, 26, 27, 28, 29, 30, 31, 32, 33, 34, 35, 36, 37, 38, 39, 40, 41, 42, 43, 44, 45, 46, 47, 48, 49, 50, 51, 52, 53, 54, 55, 56, 57, 58, 59, 60, 61, 62, 63, 64, 65, 66, 67, 68, 69, 70, 71, 72, 73, 74, 75, 76, 77, 78, 79, 80, 81, 82, 83, 84, 85, 86, 87, 88, 89, 90, 91, 92, 93, 94, 95, 96, 97, 98, 99, 100, 101, 102, 103, 104, 105, 106, 107, 108, 109, 110, 111, 112, 113, 114, 115, 116, 117, 118, 119, 120, 121, 122, 123, 124, 125, 126, 127, 128, 129, 130, 131, 132, 133, 134, 135, 136, 137, 138, 139, 140, 141, 142, 143, 144, 145, 146, 147, 148, 149, 150, 151, 152, 153, 154, 155, 156, 157, 158, 159, 160, 161, 162, 163, 164, 165, 166, 167, 168, 169, 170, 171, 172, 173, 174]

--- Генерація вершинного покриття (зі списку суміжності) ---
Знайдене максимальне парування (M): {(13, 143), (58, 120), (10, 98), (22, 99), (14, 95), (129, 155), (59, 130), (73, 147), (11, 53), (17, 23), (60, 85), (139, 174), (40, 116), (54, 136), (64, 82), (127, 138), (56, 151), (41, 74), (12, 102), (9, 149), (6, 125), (63, 86), (37, 140), (78, 159), (32, 91), (123, 145), (7, 126), (26, 84), (36, 171), (89, 161), (27, 170), (111, 121), (31, 76), (25, 106), (65, 117), (52, 62), (69, 142), (87, 93), (152, 158), (61, 83), (18, 57), (45, 169), (122, 153), (164, 168), (48, 103), (15, 173), (1, 119), (30, 79), (80, 162), (2, 81), (108, 154), (0, 157), (21, 24), (141, 144), (43, 72), (55, 165), (113, 134), (16, 137), (8, 44), (49, 88), (39, 107), (133, 160), (70, 101), (71, 75), (66, 97), (35, 118), (77, 166), (51, 110), (50, 112), (38, 92), (104, 156), (132, 172), (19, 124), (28, 90), (68, 135), (5, 42), (128, 131), (114, 150), (29, 146), (115, 167), (3, 148), (47, 96), (34, 163), (20, 109), (67, 105), (4, 46)}
Згенероване вершинне покриття (C): [0, 1, 2, 3, 4, 5, 6, 7, 8, 9, 10, 11, 12, 13, 14, 15, 16, 17, 18, 19, 20, 21, 22, 23, 24, 25, 26, 27, 28, 29, 30, 31, 32, 34, 35, 36, 37, 38, 39, 40, 41, 42, 43, 44, 45, 46, 47, 48, 49, 50, 51, 52, 53, 54, 55, 56, 57, 58, 59, 60, 61, 62, 63, 64, 65, 66, 67, 68, 69, 70, 71, 72, 73, 74, 75, 76, 77, 78, 79, 80, 81, 82, 83, 84, 85, 86, 87, 88, 89, 90, 91, 92, 93, 95, 96, 97, 98, 99, 101, 102, 103, 104, 105, 106, 107, 108, 109, 110, 111, 112, 113, 114, 115, 116, 117, 118, 119, 120, 121, 122, 123, 124, 125, 126, 127, 128, 129, 130, 131, 132, 133, 134, 135, 136, 137, 138, 139, 140, 141, 142, 143, 144, 145, 146, 147, 148, 149, 150, 151, 152, 153, 154, 155, 156, 157, 158, 159, 160, 161, 162, 163, 164, 165, 166, 167, 168, 169, 170, 171, 172, 173, 174]

--- Генерація вершинного покриття (зі списку суміжності) ---
Знайдене максимальне парування (M): {(23, 68), (124, 168), (114, 145), (18, 92), (30, 57), (82, 159), (51, 73), (63, 118), (15, 71), (121, 144), (41, 90), (59, 169), (93, 173), (42, 171), (0, 110), (10, 120), (17, 135), (130, 140), (4, 98), (36, 105), (79, 103), (69, 74), (11, 66), (97, 163), (44, 81), (132, 148), (1, 158), (9, 172), (84, 86), (46, 166), (21, 27), (104, 107), (50, 136), (12, 161), (126, 164), (33, 37), (5, 48), (39, 162), (6, 40), (8, 13), (101, 128), (47, 102), (54, 117), (146, 154), (94, 116), (139, 157), (31, 151), (52, 119), (24, 167), (113, 141), (89, 131), (43, 109), (55, 156), (58, 155), (150, 174), (56, 100), (2, 138), (25, 85), (28, 111), (34, 127), (22, 134), (133, 142), (35, 70), (3, 32), (129, 147), (16, 96), (95, 160), (53, 108), (49, 83), (14, 61), (78, 137), (38, 165), (80, 143), (91, 149), (65, 75), (19, 87), (45, 115), (20, 125), (64, 76), (72, 153), (62, 152), (7, 170), (29, 112), (77, 106), (26, 67), (60, 99)}
Згенероване вершинне покриття (C): [0, 1, 2, 3, 4, 5, 6, 7, 8, 9, 10, 11, 12, 13, 14, 15, 16, 17, 18, 19, 20, 21, 22, 23, 24, 25, 26, 27, 28, 29, 30, 31, 32, 33, 34, 35, 36, 37, 38, 39, 40, 41, 42, 43, 44, 45, 46, 47, 48, 49, 50, 51, 52, 53, 54, 55, 56, 57, 58, 59, 60, 61, 62, 63, 64, 65, 66, 67, 68, 69, 70, 71, 72, 73, 74, 75, 76, 77, 78, 79, 80, 81, 82, 83, 84, 85, 86, 87, 89, 90, 91, 92, 93, 94, 95, 96, 97, 98, 99, 100, 101, 102, 103, 104, 105, 106, 107, 108, 109, 110, 111, 112, 113, 114, 115, 116, 117, 118, 119, 120, 121, 124, 125, 126, 127, 128, 129, 130, 131, 132, 133, 134, 135, 136, 137, 138, 139, 140, 141, 142, 143, 144, 145, 146, 147, 148, 149, 150, 151, 152, 153, 154, 155, 156, 157, 158, 159, 160, 161, 162, 163, 164, 165, 166, 167, 168, 169, 170, 171, 172, 173, 174]

--- Генерація вершинного покриття (зі списку суміжності) ---
Знайдене максимальне парування (M): {(136, 167), (8, 18), (12, 43), (51, 89), (41, 97), (13, 172), (147, 169), (31, 95), (21, 39), (23, 36), (82, 122), (100, 158), (30, 148), (29, 70), (16, 134), (139, 149), (137, 161), (66, 119), (60, 78), (19, 116), (14, 74), (73, 160), (99, 124), (57, 63), (65, 131), (20, 108), (24, 69), (49, 132), (76, 152), (33, 44), (88, 163), (85, 109), (67, 143), (48, 53), (92, 151), (115, 125), (80, 112), (101, 144), (47, 54), (28, 114), (68, 150), (56, 130), (0, 171), (128, 164), (138, 141), (87, 157), (117, 121), (105, 165), (156, 173), (52, 64), (32, 61), (159, 166), (123, 133), (34, 162), (17, 91), (110, 126), (59, 72), (153, 170), (81, 129), (25, 140), (3, 103), (5, 127), (4, 83), (55, 94), (93, 142), (50, 174), (104, 154), (26, 106), (79, 118), (22, 111), (71, 98), (10, 11), (2, 62), (27, 146), (107, 145), (38, 58), (77, 113), (6, 135), (7, 15), (96, 102), (75, 168), (42, 46), (35, 40), (84, 155), (45, 90), (1, 120), (37, 86)}
Згенероване вершинне покриття (C): [0, 1, 2, 3, 4, 5, 6, 7, 8, 10, 11, 12, 13, 14, 15, 16, 17, 18, 19, 20, 21, 22, 23, 24, 25, 26, 27, 28, 29, 30, 31, 32, 33, 34, 35, 36, 37, 38, 39, 40, 41, 42, 43, 44, 45, 46, 47, 48, 49, 50, 51, 52, 53, 54, 55, 56, 57, 58, 59, 60, 61, 62, 63, 64, 65, 66, 67, 68, 69, 70, 71, 72, 73, 74, 75, 76, 77, 78, 79, 80, 81, 82, 83, 84, 85, 86, 87, 88, 89, 90, 91, 92, 93, 94, 95, 96, 97, 98, 99, 100, 101, 102, 103, 104, 105, 106, 107, 108, 109, 110, 111, 112, 113, 114, 115, 116, 117, 118, 119, 120, 121, 122, 123, 124, 125, 126, 127, 128, 129, 130, 131, 132, 133, 134, 135, 136, 137, 138, 139, 140, 141, 142, 143, 144, 145, 146, 147, 148, 149, 150, 151, 152, 153, 154, 155, 156, 157, 158, 159, 160, 161, 162, 163, 164, 165, 166, 167, 168, 169, 170, 171, 172, 173, 174]

--- Генерація вершинного покриття (зі списку суміжності) ---
Знайдене максимальне парування (M): {(77, 124), (33, 36), (52, 58), (110, 148), (76, 125), (11, 69), (37, 106), (41, 152), (96, 115), (64, 89), (40, 162), (86, 113), (38, 146), (44, 104), (62, 167), (17, 144), (129, 141), (94, 153), (92, 174), (116, 159), (2, 91), (109, 156), (84, 111), (6, 173), (31, 172), (1, 30), (5, 46), (24, 53), (120, 158), (12, 42), (8, 20), (79, 135), (7, 128), (72, 138), (88, 101), (63, 145), (95, 121), (139, 164), (49, 118), (61, 83), (112, 131), (10, 74), (18, 57), (93, 99), (35, 39), (3, 16), (9, 130), (25, 56), (132, 136), (73, 169), (127, 149), (65, 140), (34, 70), (22, 68), (15, 29), (66, 166), (50, 60), (75, 123), (45, 100), (47, 97), (28, 157), (32, 102), (67, 160), (0, 143), (103, 137), (59, 122), (26, 161), (4, 85), (71, 105), (78, 98), (142, 165), (54, 171), (23, 55), (51, 119), (14, 134), (81, 154), (82, 107), (27, 48), (13, 150), (43, 163), (21, 151), (90, 168), (126, 133), (19, 80), (108, 155), (87, 117)}
Згенероване вершинне покриття (C): [0, 1, 2, 3, 4, 5, 6, 7, 8, 9, 10, 11, 12, 13, 14, 15, 16, 17, 18, 19, 20, 21, 22, 23, 24, 25, 26, 27, 28, 29, 30, 31, 32, 33, 34, 35, 36, 37, 38, 39, 40, 41, 42, 43, 44, 45, 46, 47, 48, 49, 50, 51, 52, 53, 54, 55, 56, 57, 58, 59, 60, 61, 62, 63, 64, 65, 66, 67, 68, 69, 70, 71, 72, 73, 74, 75, 76, 77, 78, 79, 80, 81, 82, 83, 84, 85, 86, 87, 88, 89, 90, 91, 92, 93, 94, 95, 96, 97, 98, 99, 100, 101, 102, 103, 104, 105, 106, 107, 108, 109, 110, 111, 112, 113, 115, 116, 117, 118, 119, 120, 121, 122, 123, 124, 125, 126, 127, 128, 129, 130, 131, 132, 133, 134, 135, 136, 137, 138, 139, 140, 141, 142, 143, 144, 145, 146, 148, 149, 150, 151, 152, 153, 154, 155, 156, 157, 158, 159, 160, 161, 162, 163, 164, 165, 166, 167, 168, 169, 171, 172, 173, 174]

--- Генерація вершинного покриття (зі списку суміжності) ---
Знайдене максимальне парування (M): {(18, 35), (70, 73), (110, 139), (0, 69), (21, 37), (49, 62), (41, 79), (9, 26), (6, 66), (113, 147), (29, 61), (44, 159), (88, 104), (12, 47), (23, 166), (75, 149), (81, 128), (51, 157), (52, 156), (99, 161), (101, 103), (54, 83), (58, 138), (74, 134), (15, 112), (50, 143), (31, 172), (25, 68), (97, 117), (114, 133), (4, 164), (105, 152), (30, 45), (2, 38), (108, 111), (77, 144), (22, 153), (87, 173), (82, 85), (8, 56), (11, 116), (84, 106), (24, 119), (33, 67), (80, 96), (1, 135), (53, 118), (36, 120), (94, 171), (71, 151), (55, 90), (98, 125), (127, 140), (72, 124), (40, 65), (28, 109), (7, 34), (13, 59), (95, 174), (107, 148), (5, 155), (102, 170), (129, 154), (145, 150), (14, 130), (92, 132), (78, 142), (39, 43), (76, 126), (16, 121), (10, 89), (32, 122), (19, 131), (57, 60), (46, 160), (86, 141), (27, 146), (20, 162), (48, 123), (93, 100), (17, 163), (3, 63), (115, 158), (136, 165), (42, 137), (64, 167), (91, 169)}
Згенероване вершинне покриття (C): [0, 1, 2, 3, 4, 5, 6, 7, 8, 9, 10, 11, 12, 13, 14, 15, 16, 17, 18, 19, 20, 21, 22, 23, 24, 25, 26, 27, 28, 29, 30, 31, 32, 33, 34, 35, 36, 37, 38, 39, 40, 41, 42, 43, 44, 45, 46, 47, 48, 49, 50, 51, 52, 53, 54, 55, 56, 57, 58, 59, 60, 61, 62, 63, 64, 65, 66, 67, 68, 69, 70, 71, 72, 73, 74, 75, 76, 77, 78, 79, 80, 81, 82, 83, 84, 85, 86, 87, 88, 89, 90, 91, 92, 93, 94, 95, 96, 97, 98, 99, 100, 101, 102, 103, 104, 105, 106, 107, 108, 109, 110, 111, 112, 113, 114, 115, 116, 117, 118, 119, 120, 121, 122, 123, 124, 125, 126, 127, 128, 129, 130, 131, 132, 133, 134, 135, 136, 137, 138, 139, 140, 141, 142, 143, 144, 145, 146, 147, 148, 149, 150, 151, 152, 153, 154, 155, 156, 157, 158, 159, 160, 161, 162, 163, 164, 165, 166, 167, 169, 170, 171, 172, 173, 174]

--- Генерація вершинного покриття (зі списку суміжності) ---
Знайдене максимальне парування (M): {(85, 128), (0, 124), (77, 90), (48, 54), (114, 145), (38, 153), (71, 104), (74, 130), (6, 105), (24, 65), (18, 67), (113, 140), (69, 170), (10, 93), (41, 108), (53, 73), (11, 37), (43, 169), (1, 163), (147, 162), (30, 68), (25, 118), (49, 167), (12, 148), (40, 109), (35, 131), (34, 117), (64, 75), (61, 122), (46, 100), (134, 137), (139, 151), (60, 89), (78, 159), (116, 161), (42, 111), (107, 112), (20, 138), (2, 120), (63, 106), (150, 168), (70, 157), (50, 172), (45, 121), (51, 127), (14, 142), (96, 126), (28, 98), (47, 56), (9, 158), (22, 66), (76, 165), (4, 88), (55, 99), (44, 133), (132, 136), (52, 91), (19, 143), (59, 115), (27, 110), (123, 154), (13, 160), (26, 102), (58, 82), (87, 97), (33, 135), (5, 155), (101, 141), (17, 166), (29, 94), (83, 86), (15, 79), (57, 149), (31, 84), (21, 156), (72, 103), (62, 129), (92, 173), (16, 171), (8, 23), (36, 39), (119, 174), (32, 81), (80, 164), (95, 146), (7, 152), (125, 144)}
Згенероване вершинне покриття (C): [0, 1, 2, 4, 5, 6, 7, 8, 9, 10, 11, 12, 13, 14, 15, 16, 17, 18, 19, 20, 21, 22, 23, 24, 25, 26, 27, 28, 29, 30, 31, 32, 33, 34, 35, 36, 37, 38, 39, 40, 41, 42, 43, 44, 45, 46, 47, 48, 49, 50, 51, 52, 53, 54, 55, 56, 57, 58, 59, 60, 61, 62, 63, 64, 65, 66, 67, 68, 69, 70, 71, 72, 73, 74, 75, 76, 77, 78, 79, 80, 81, 82, 83, 84, 85, 86, 87, 88, 89, 90, 91, 92, 93, 94, 95, 96, 97, 98, 99, 100, 101, 102, 103, 104, 105, 106, 107, 108, 109, 110, 111, 112, 113, 114, 115, 116, 117, 118, 119, 120, 121, 122, 123, 124, 125, 126, 127, 128, 129, 130, 131, 132, 133, 134, 135, 136, 137, 138, 139, 140, 141, 142, 143, 144, 145, 146, 147, 148, 149, 150, 151, 152, 153, 154, 155, 156, 157, 158, 159, 160, 161, 162, 163, 164, 165, 166, 167, 168, 169, 170, 171, 172, 173, 174]

--- Генерація вершинного покриття (зі списку суміжності) ---
Знайдене максимальне парування (M): {(32, 156), (43, 174), (39, 152), (113, 172), (77, 108), (68, 84), (7, 74), (44, 157), (15, 151), (63, 100), (62, 110), (5, 140), (103, 138), (21, 75), (136, 153), (107, 126), (0, 9), (87, 105), (97, 124), (18, 69), (59, 116), (127, 168), (28, 73), (23, 86), (67, 95), (4, 36), (19, 109), (56, 128), (71, 101), (119, 159), (27, 143), (49, 134), (33, 92), (102, 118), (48, 147), (1, 53), (83, 141), (72, 104), (70, 150), (35, 137), (135, 169), (154, 158), (41, 55), (31, 96), (38, 166), (42, 81), (11, 29), (94, 173), (6, 99), (26, 111), (90, 123), (88, 89), (20, 64), (93, 167), (8, 163), (54, 66), (40, 76), (17, 120), (106, 149), (115, 170), (61, 144), (2, 122), (10, 80), (30, 37), (12, 117), (52, 98), (139, 145), (132, 161), (146, 160), (60, 65), (24, 45), (16, 114), (3, 34), (46, 142), (58, 125), (50, 121), (47, 131), (78, 155), (79, 129), (14, 91), (13, 22), (112, 171), (133, 148), (25, 130), (57, 82), (85, 162)}
Згенероване вершинне покриття (C): [0, 1, 2, 3, 4, 5, 6, 7, 8, 9, 10, 11, 12, 13, 14, 15, 16, 17, 18, 19, 20, 21, 22, 23, 24, 25, 26, 27, 28, 29, 30, 31, 32, 33, 34, 35, 36, 37, 38, 39, 40, 41, 42, 43, 44, 45, 46, 47, 48, 49, 50, 52, 53, 54, 55, 56, 57, 58, 59, 60, 61, 62, 63, 64, 65, 66, 67, 68, 69, 70, 71, 72, 73, 74, 75, 76, 77, 78, 79, 80, 81, 82, 83, 84, 85, 86, 87, 88, 89, 90, 91, 92, 93, 94, 95, 96, 97, 98, 99, 100, 101, 102, 103, 104, 105, 106, 107, 108, 109, 110, 111, 112, 113, 114, 115, 116, 117, 118, 119, 120, 121, 122, 123, 124, 125, 126, 127, 128, 129, 130, 131, 132, 133, 134, 135, 136, 137, 138, 139, 140, 141, 142, 143, 144, 145, 146, 147, 148, 149, 150, 151, 152, 153, 154, 155, 156, 157, 158, 159, 160, 161, 162, 163, 166, 167, 168, 169, 170, 171, 172, 173, 174]

--- Генерація вершинного покриття (зі списку суміжності) ---
Знайдене максимальне парування (M): {(137, 145), (24, 88), (104, 151), (99, 100), (25, 50), (18, 108), (117, 163), (39, 106), (57, 66), (89, 107), (155, 174), (42, 96), (16, 77), (34, 85), (27, 134), (19, 139), (43, 69), (148, 152), (98, 142), (41, 154), (0, 55), (11, 119), (9, 12), (3, 35), (28, 153), (61, 95), (64, 121), (105, 122), (44, 170), (38, 169), (103, 115), (90, 133), (1, 76), (36, 171), (59, 118), (156, 160), (29, 159), (4, 84), (80, 167), (30, 47), (37, 126), (20, 140), (74, 120), (52, 62), (86, 149), (6, 113), (13, 82), (8, 150), (45, 123), (51, 102), (31, 87), (67, 138), (78, 83), (23, 165), (7, 132), (68, 81), (162, 173), (26, 166), (10, 14), (2, 147), (56, 63), (58, 130), (65, 135), (110, 112), (53, 124), (49, 136), (168, 172), (72, 94), (79, 164), (127, 128), (73, 111), (93, 144), (131, 146), (32, 143), (54, 70), (75, 157), (21, 158), (40, 46), (60, 97), (5, 161), (71, 91), (15, 101), (22, 33), (114, 116), (17, 92), (48, 125)}
Згенероване вершинне покриття (C): [0, 1, 2, 3, 4, 5, 6, 7, 8, 9, 10, 11, 12, 13, 14, 15, 16, 17, 18, 19, 20, 21, 22, 23, 24, 25, 26, 27, 28, 29, 30, 31, 32, 33, 34, 35, 36, 37, 38, 39, 40, 41, 42, 43, 44, 45, 46, 47, 48, 49, 50, 51, 52, 53, 54, 55, 56, 57, 58, 59, 60, 61, 62, 63, 64, 65, 66, 67, 68, 69, 70, 71, 72, 73, 74, 75, 76, 77, 78, 79, 80, 81, 82, 83, 84, 85, 86, 87, 88, 89, 90, 91, 92, 93, 94, 95, 96, 97, 98, 99, 100, 101, 102, 103, 104, 105, 106, 107, 108, 110, 111, 112, 113, 114, 115, 116, 117, 118, 119, 120, 121, 122, 123, 124, 125, 126, 127, 128, 130, 131, 132, 133, 134, 135, 136, 137, 138, 139, 140, 142, 143, 144, 145, 146, 147, 148, 149, 150, 151, 152, 153, 154, 155, 156, 157, 158, 159, 160, 161, 162, 163, 164, 165, 166, 167, 168, 169, 170, 171, 172, 173, 174]

--- Генерація вершинного покриття (зі списку суміжності) ---
Знайдене максимальне парування (M): {(61, 162), (46, 155), (101, 170), (4, 39), (22, 28), (6, 41), (20, 122), (58, 106), (35, 156), (73, 140), (18, 94), (90, 165), (5, 69), (56, 96), (80, 145), (49, 57), (3, 163), (33, 88), (2, 27), (19, 43), (44, 161), (79, 158), (59, 134), (77, 133), (84, 157), (15, 121), (1, 76), (100, 119), (74, 109), (114, 154), (26, 169), (50, 81), (9, 144), (36, 91), (89, 115), (47, 164), (37, 117), (7, 146), (68, 150), (102, 127), (123, 168), (103, 110), (48, 174), (60, 139), (64, 72), (83, 107), (136, 152), (71, 151), (111, 141), (13, 167), (153, 159), (87, 104), (55, 172), (45, 52), (40, 65), (82, 135), (53, 129), (38, 86), (11, 120), (67, 85), (98, 118), (42, 147), (54, 112), (63, 78), (14, 130), (8, 92), (31, 66), (51, 108), (12, 126), (16, 32), (29, 160), (105, 137), (30, 131), (25, 62), (34, 95), (171, 173), (75, 166), (23, 128), (24, 93), (70, 142), (0, 10), (116, 148), (21, 124), (113, 143), (99, 125), (17, 138), (132, 149)}
Згенероване вершинне покриття (C): [0, 1, 2, 3, 4, 5, 6, 7, 8, 9, 10, 11, 12, 13, 14, 15, 16, 17, 18, 19, 20, 21, 22, 23, 24, 25, 26, 27, 28, 29, 30, 31, 32, 33, 34, 35, 36, 37, 38, 39, 40, 41, 42, 43, 44, 45, 46, 47, 48, 49, 50, 51, 52, 53, 54, 55, 56, 57, 58, 59, 60, 61, 62, 63, 64, 65, 66, 67, 68, 69, 70, 71, 72, 73, 74, 75, 76, 77, 78, 79, 80, 81, 82, 83, 84, 85, 86, 87, 88, 89, 90, 91, 92, 93, 94, 95, 96, 98, 99, 100, 101, 102, 103, 104, 105, 106, 107, 108, 109, 110, 111, 112, 113, 114, 115, 116, 117, 118, 119, 120, 121, 122, 123, 124, 125, 126, 127, 128, 129, 130, 131, 132, 133, 134, 135, 136, 137, 138, 139, 140, 141, 142, 143, 144, 145, 146, 147, 148, 149, 150, 151, 152, 153, 154, 155, 156, 157, 158, 159, 160, 161, 162, 163, 164, 165, 166, 167, 168, 169, 170, 171, 172, 173, 174]

--- Генерація вершинного покриття (зі списку суміжності) ---
Знайдене максимальне парування (M): {(72, 137), (51, 169), (127, 171), (90, 161), (18, 35), (37, 70), (42, 66), (25, 132), (21, 174), (89, 107), (154, 166), (44, 120), (56, 85), (17, 133), (23, 155), (43, 142), (14, 106), (27, 36), (8, 41), (31, 152), (65, 129), (92, 110), (79, 140), (101, 167), (97, 108), (38, 68), (67, 168), (39, 69), (48, 143), (81, 84), (73, 80), (105, 115), (139, 144), (28, 121), (63, 88), (1, 60), (116, 145), (34, 103), (96, 151), (7, 9), (12, 136), (22, 146), (0, 125), (53, 164), (16, 124), (10, 147), (47, 111), (87, 159), (13, 130), (50, 94), (20, 71), (77, 123), (52, 112), (57, 163), (55, 83), (99, 126), (82, 119), (46, 138), (100, 118), (11, 49), (26, 150), (61, 62), (40, 158), (135, 157), (128, 173), (32, 95), (6, 149), (24, 54), (19, 122), (153, 156), (30, 76), (45, 104), (93, 98), (75, 148), (5, 58), (33, 59), (78, 91), (134, 172), (114, 141), (2, 64), (3, 29), (117, 170), (102, 160), (86, 109), (15, 131), (4, 165), (74, 162)}
Згенероване вершинне покриття (C): [0, 1, 2, 3, 4, 5, 6, 7, 8, 9, 10, 11, 12, 13, 14, 15, 16, 17, 18, 19, 20, 21, 22, 23, 24, 25, 26, 27, 28, 29, 30, 31, 32, 33, 34, 35, 36, 37, 38, 39, 40, 41, 42, 43, 44, 45, 46, 47, 48, 49, 50, 51, 52, 53, 54, 55, 56, 57, 58, 59, 60, 61, 62, 63, 64, 65, 66, 67, 68, 69, 70, 71, 72, 73, 74, 75, 76, 77, 78, 79, 80, 81, 82, 83, 84, 85, 86, 87, 88, 89, 90, 91, 92, 93, 94, 95, 96, 97, 98, 99, 100, 101, 102, 103, 104, 105, 106, 107, 108, 109, 110, 111, 112, 114, 115, 116, 117, 118, 119, 120, 121, 122, 123, 124, 125, 126, 127, 128, 129, 130, 131, 132, 133, 134, 135, 136, 137, 138, 139, 140, 141, 142, 143, 144, 145, 146, 147, 148, 149, 150, 151, 152, 153, 154, 155, 156, 157, 158, 159, 160, 161, 162, 163, 164, 165, 166, 167, 168, 169, 170, 171, 172, 173, 174]

--- Генерація вершинного покриття (зі списку суміжності) ---
Знайдене максимальне парування (M): {(50, 171), (33, 164), (162, 168), (4, 137), (3, 86), (18, 19), (41, 106), (47, 64), (2, 123), (149, 151), (6, 13), (27, 109), (63, 93), (125, 141), (145, 174), (30, 132), (39, 46), (62, 167), (23, 56), (42, 91), (121, 155), (68, 127), (24, 133), (129, 152), (17, 57), (48, 154), (28, 66), (38, 98), (100, 146), (138, 139), (78, 170), (88, 156), (7, 82), (31, 131), (136, 150), (9, 110), (22, 73), (35, 119), (52, 135), (1, 71), (67, 108), (95, 124), (128, 130), (5, 105), (102, 120), (112, 161), (54, 153), (20, 96), (84, 99), (69, 80), (44, 60), (104, 166), (83, 143), (142, 159), (77, 114), (32, 45), (43, 118), (115, 122), (107, 148), (25, 85), (40, 76), (103, 144), (29, 140), (12, 87), (36, 72), (8, 65), (55, 158), (0, 79), (51, 90), (74, 165), (81, 97), (169, 173), (58, 61), (14, 134), (53, 101), (16, 116), (10, 11), (92, 111), (160, 163), (26, 147), (75, 113), (15, 37), (70, 126), (59, 89), (34, 172), (21, 117)}
Згенероване вершинне покриття (C): [0, 1, 2, 3, 4, 5, 6, 7, 8, 9, 10, 11, 12, 13, 14, 15, 16, 17, 18, 19, 20, 21, 22, 23, 24, 25, 26, 27, 28, 29, 30, 31, 32, 33, 34, 35, 36, 37, 38, 39, 40, 41, 42, 43, 44, 45, 46, 47, 48, 50, 51, 52, 53, 54, 55, 56, 57, 58, 59, 60, 61, 62, 63, 64, 65, 66, 67, 68, 69, 70, 71, 72, 73, 74, 75, 76, 77, 78, 79, 80, 81, 82, 83, 84, 85, 86, 87, 88, 89, 90, 91, 92, 93, 95, 96, 97, 98, 99, 100, 101, 102, 103, 104, 105, 106, 107, 108, 109, 110, 111, 112, 113, 114, 115, 116, 117, 118, 119, 120, 121, 122, 123, 124, 125, 126, 127, 128, 129, 130, 131, 132, 133, 134, 135, 136, 137, 138, 139, 140, 141, 142, 143, 144, 145, 146, 147, 148, 149, 150, 151, 152, 153, 154, 155, 156, 158, 159, 160, 161, 162, 163, 164, 165, 166, 167, 168, 169, 170, 171, 172, 173, 174]

--- Генерація вершинного покриття (зі списку суміжності) ---
Знайдене максимальне парування (M): {(49, 142), (13, 161), (101, 124), (86, 120), (40, 141), (37, 127), (7, 156), (56, 140), (0, 62), (71, 113), (8, 139), (47, 112), (12, 111), (81, 128), (39, 76), (79, 94), (91, 123), (17, 64), (69, 92), (57, 72), (59, 100), (16, 129), (21, 125), (4, 54), (102, 107), (126, 171), (45, 73), (10, 51), (48, 154), (82, 165), (52, 78), (15, 68), (53, 61), (34, 121), (28, 169), (36, 63), (103, 147), (89, 99), (19, 22), (108, 143), (1, 144), (85, 122), (66, 118), (20, 160), (58, 162), (116, 167), (88, 96), (74, 97), (83, 109), (46, 90), (3, 174), (145, 157), (26, 38), (5, 134), (41, 130), (65, 151), (84, 131), (60, 173), (31, 155), (42, 149), (9, 27), (106, 133), (67, 80), (136, 170), (44, 75), (87, 110), (119, 172), (2, 23), (166, 168), (132, 163), (43, 115), (33, 114), (93, 137), (55, 98), (135, 152), (105, 148), (11, 138), (14, 164), (32, 35), (24, 150), (25, 30), (29, 146), (70, 117), (6, 153), (50, 77), (158, 159)}
Згенероване вершинне покриття (C): [0, 1, 2, 3, 4, 5, 6, 7, 8, 9, 10, 11, 12, 13, 14, 15, 16, 17, 19, 20, 21, 22, 23, 24, 25, 26, 27, 28, 29, 30, 31, 32, 33, 34, 35, 36, 37, 38, 39, 40, 41, 42, 43, 44, 45, 46, 47, 48, 49, 50, 51, 52, 53, 54, 55, 56, 57, 58, 59, 60, 61, 62, 63, 64, 65, 66, 67, 68, 69, 70, 71, 72, 73, 74, 75, 76, 77, 78, 79, 80, 81, 82, 83, 84, 85, 86, 87, 88, 89, 90, 91, 92, 93, 94, 96, 97, 98, 99, 100, 101, 102, 103, 105, 106, 107, 108, 109, 110, 111, 112, 113, 114, 115, 116, 117, 118, 119, 120, 121, 122, 123, 124, 125, 126, 127, 128, 129, 130, 131, 132, 133, 134, 135, 136, 137, 138, 139, 140, 141, 142, 143, 144, 145, 146, 147, 148, 149, 150, 151, 152, 153, 154, 155, 156, 157, 158, 159, 160, 161, 162, 163, 164, 165, 166, 167, 168, 169, 170, 171, 172, 173, 174]

--- Генерація вершинного покриття (зі списку суміжності) ---
Знайдене максимальне парування (M): {(162, 168), (39, 88), (7, 35), (115, 169), (5, 10), (73, 163), (28, 140), (8, 137), (82, 120), (83, 85), (3, 150), (40, 132), (50, 127), (20, 86), (9, 65), (11, 62), (2, 4), (32, 69), (128, 174), (14, 106), (53, 55), (91, 139), (63, 111), (19, 141), (98, 144), (75, 167), (16, 26), (79, 158), (30, 125), (38, 105), (67, 95), (6, 173), (80, 156), (59, 155), (124, 165), (89, 122), (0, 96), (108, 166), (46, 93), (42, 56), (12, 33), (44, 147), (71, 131), (76, 117), (31, 94), (51, 81), (64, 109), (34, 41), (126, 157), (112, 161), (54, 110), (15, 84), (45, 134), (57, 99), (22, 77), (13, 114), (66, 129), (61, 142), (18, 116), (29, 149), (103, 107), (1, 123), (130, 143), (47, 154), (25, 78), (148, 151), (97, 121), (74, 101), (119, 133), (52, 171), (43, 49), (24, 164), (36, 138), (27, 135), (60, 104), (17, 170), (23, 146), (70, 87), (118, 136), (48, 68), (92, 102), (58, 72), (90, 159), (100, 145), (153, 160), (21, 172), (37, 113)}
Згенероване вершинне покриття (C): [0, 1, 2, 3, 4, 5, 6, 7, 8, 9, 10, 11, 12, 13, 14, 15, 16, 17, 18, 19, 20, 21, 22, 23, 24, 25, 26, 27, 28, 29, 30, 31, 32, 33, 34, 35, 36, 37, 38, 39, 40, 41, 42, 43, 44, 45, 46, 47, 48, 49, 50, 51, 52, 53, 54, 55, 56, 57, 58, 59, 60, 61, 62, 63, 64, 65, 66, 67, 68, 69, 70, 71, 72, 73, 74, 75, 76, 77, 78, 79, 80, 81, 82, 83, 84, 85, 86, 87, 88, 89, 90, 91, 92, 93, 94, 95, 96, 97, 98, 99, 100, 101, 102, 103, 104, 105, 106, 107, 108, 109, 110, 111, 112, 113, 114, 115, 116, 117, 118, 119, 120, 121, 122, 123, 124, 125, 126, 127, 128, 129, 130, 131, 132, 133, 134, 135, 136, 137, 138, 139, 140, 141, 142, 143, 144, 145, 146, 147, 148, 149, 150, 151, 153, 154, 155, 156, 157, 158, 159, 160, 161, 162, 163, 164, 165, 166, 167, 168, 169, 170, 171, 172, 173, 174]

--- Генерація вершинного покриття (зі списку суміжності) ---
Знайдене максимальне парування (M): {(18, 72), (24, 106), (8, 174), (65, 79), (68, 75), (46, 148), (89, 116), (44, 166), (50, 63), (147, 151), (45, 158), (109, 115), (33, 104), (93, 173), (6, 43), (31, 170), (103, 131), (3, 108), (12, 56), (4, 107), (13, 21), (47, 105), (136, 137), (2, 27), (39, 85), (0, 66), (86, 154), (112, 118), (60, 144), (84, 111), (16, 129), (25, 77), (42, 102), (71, 138), (36, 125), (145, 160), (62, 153), (146, 168), (26, 169), (101, 135), (10, 172), (81, 171), (37, 110), (52, 119), (7, 96), (87, 150), (5, 141), (127, 140), (11, 20), (28, 54), (61, 78), (142, 161), (30, 35), (38, 70), (23, 51), (139, 143), (132, 159), (67, 133), (124, 130), (53, 88), (40, 167), (64, 152), (19, 92), (48, 128), (41, 98), (57, 94), (49, 90), (1, 34), (97, 157), (91, 156), (100, 113), (99, 114), (55, 162), (14, 155), (117, 122), (82, 134), (9, 95), (69, 164), (22, 58), (29, 73), (32, 163), (59, 126), (15, 165), (76, 123), (17, 83), (74, 80), (121, 149)}
Згенероване вершинне покриття (C): [0, 1, 2, 3, 4, 5, 6, 7, 8, 9, 10, 11, 12, 13, 14, 15, 16, 17, 18, 19, 20, 21, 22, 23, 24, 25, 26, 27, 28, 29, 30, 31, 32, 33, 34, 35, 36, 37, 38, 39, 40, 41, 42, 43, 44, 45, 46, 47, 48, 49, 50, 51, 52, 53, 54, 55, 56, 57, 58, 59, 60, 61, 62, 63, 64, 65, 66, 67, 68, 69, 70, 71, 72, 73, 74, 75, 76, 77, 78, 79, 80, 81, 82, 83, 84, 85, 86, 87, 88, 89, 90, 91, 92, 93, 94, 95, 96, 97, 98, 99, 100, 101, 102, 103, 104, 105, 106, 107, 108, 109, 110, 111, 112, 113, 114, 115, 116, 117, 118, 119, 121, 122, 123, 124, 125, 126, 127, 128, 129, 130, 131, 132, 133, 134, 135, 136, 137, 138, 139, 140, 141, 142, 143, 144, 145, 146, 147, 148, 149, 150, 151, 152, 153, 154, 155, 156, 157, 158, 159, 160, 161, 162, 163, 164, 165, 166, 167, 168, 169, 170, 171, 172, 173, 174]

--- Генерація вершинного покриття (зі списку суміжності) ---
Знайдене максимальне парування (M): {(164, 165), (61, 70), (68, 112), (85, 128), (39, 51), (17, 158), (21, 55), (24, 136), (96, 161), (18, 138), (105, 173), (118, 170), (153, 155), (40, 43), (56, 103), (29, 171), (78, 100), (77, 174), (25, 91), (1, 35), (10, 102), (20, 79), (87, 114), (67, 111), (19, 162), (145, 149), (30, 52), (76, 113), (41, 131), (12, 49), (107, 140), (90, 133), (53, 123), (48, 81), (99, 108), (38, 89), (154, 172), (28, 130), (106, 159), (59, 157), (9, 64), (82, 167), (60, 148), (47, 93), (45, 50), (119, 127), (22, 75), (15, 109), (31, 144), (156, 166), (16, 37), (143, 168), (44, 80), (11, 141), (88, 98), (5, 54), (137, 146), (23, 69), (115, 152), (36, 72), (58, 139), (32, 120), (101, 125), (8, 92), (66, 97), (3, 132), (27, 126), (34, 104), (95, 135), (0, 163), (124, 134), (6, 160), (42, 71), (57, 62), (117, 122), (65, 84), (13, 86), (26, 83), (14, 63), (129, 169), (7, 33), (142, 151), (116, 150), (94, 147), (46, 73), (4, 110)}
Згенероване вершинне покриття (C): [0, 1, 3, 4, 5, 6, 7, 8, 9, 10, 11, 12, 13, 14, 15, 16, 17, 18, 19, 20, 21, 22, 23, 24, 25, 26, 27, 28, 29, 30, 31, 32, 33, 34, 35, 36, 37, 38, 39, 40, 41, 42, 43, 44, 45, 46, 47, 48, 49, 50, 51, 52, 53, 54, 55, 56, 57, 58, 59, 60, 61, 62, 63, 64, 65, 66, 67, 68, 69, 70, 71, 72, 73, 75, 76, 77, 78, 79, 80, 81, 82, 83, 84, 85, 86, 87, 88, 89, 90, 91, 92, 93, 94, 95, 96, 97, 98, 99, 100, 101, 102, 103, 104, 105, 106, 107, 108, 109, 110, 111, 112, 113, 114, 115, 116, 117, 118, 119, 120, 122, 123, 124, 125, 126, 127, 128, 129, 130, 131, 132, 133, 134, 135, 136, 137, 138, 139, 140, 141, 142, 143, 144, 145, 146, 147, 148, 149, 150, 151, 152, 153, 154, 155, 156, 157, 158, 159, 160, 161, 162, 163, 164, 165, 166, 167, 168, 169, 170, 171, 172, 173, 174]

--- Генерація вершинного покриття (зі списку суміжності) ---
Знайдене максимальне парування (M): {(129, 162), (75, 170), (73, 145), (33, 173), (44, 118), (46, 48), (161, 166), (21, 165), (94, 158), (31, 65), (38, 144), (95, 141), (18, 92), (93, 125), (19, 66), (71, 168), (12, 109), (24, 74), (131, 154), (10, 47), (30, 114), (45, 78), (9, 113), (39, 156), (111, 142), (134, 153), (117, 167), (155, 160), (68, 143), (135, 163), (70, 171), (28, 119), (57, 100), (17, 128), (3, 83), (5, 25), (80, 101), (43, 146), (107, 149), (2, 20), (41, 124), (35, 62), (69, 103), (76, 81), (110, 122), (11, 52), (6, 104), (67, 99), (59, 159), (36, 157), (34, 169), (98, 150), (54, 89), (32, 61), (106, 108), (26, 63), (121, 136), (27, 147), (16, 126), (0, 148), (14, 64), (22, 77), (4, 127), (13, 50), (90, 123), (51, 152), (49, 88), (58, 139), (86, 164), (40, 133), (15, 79), (60, 120), (72, 85), (42, 115), (37, 91), (87, 174), (23, 55), (116, 130), (140, 151), (29, 82), (96, 102), (138, 172), (8, 53), (7, 97), (105, 132), (1, 56), (112, 137)}
Згенероване вершинне покриття (C): [0, 1, 2, 3, 4, 5, 6, 7, 8, 9, 10, 11, 12, 13, 14, 15, 16, 17, 18, 19, 20, 21, 22, 23, 24, 25, 26, 27, 28, 29, 30, 31, 32, 33, 34, 35, 36, 37, 38, 39, 40, 41, 42, 43, 44, 45, 46, 47, 48, 49, 50, 51, 52, 53, 54, 55, 56, 57, 58, 59, 60, 61, 62, 63, 64, 65, 66, 67, 68, 69, 70, 71, 72, 73, 74, 75, 76, 77, 78, 79, 80, 81, 82, 83, 85, 86, 87, 88, 89, 90, 91, 92, 93, 94, 95, 96, 97, 98, 99, 100, 101, 102, 103, 104, 105, 106, 107, 108, 109, 110, 111, 112, 113, 114, 115, 116, 117, 118, 119, 120, 121, 122, 123, 124, 125, 126, 127, 128, 129, 130, 131, 132, 133, 134, 135, 136, 137, 138, 139, 140, 141, 142, 143, 144, 145, 146, 147, 148, 149, 150, 151, 152, 153, 154, 155, 156, 157, 158, 159, 160, 161, 162, 163, 164, 165, 166, 167, 168, 169, 170, 171, 172, 173, 174]

--- Генерація вершинного покриття (зі списку суміжності) ---
Знайдене максимальне парування (M): {(30, 174), (105, 125), (62, 99), (16, 166), (59, 82), (11, 23), (89, 107), (66, 151), (17, 115), (55, 77), (79, 117), (48, 111), (128, 165), (5, 85), (40, 52), (123, 132), (32, 87), (18, 76), (0, 101), (49, 103), (69, 145), (68, 70), (119, 130), (22, 124), (88, 106), (20, 81), (94, 137), (4, 146), (51, 141), (6, 173), (44, 90), (65, 152), (2, 47), (33, 129), (21, 109), (118, 169), (53, 143), (38, 54), (41, 80), (154, 167), (120, 144), (29, 35), (12, 37), (133, 147), (46, 136), (14, 110), (108, 163), (140, 161), (8, 170), (60, 171), (43, 45), (24, 50), (42, 74), (10, 78), (93, 112), (116, 153), (73, 127), (63, 126), (71, 139), (9, 100), (122, 159), (26, 97), (31, 148), (1, 162), (142, 156), (19, 131), (114, 121), (34, 113), (95, 98), (13, 56), (28, 72), (7, 168), (61, 84), (102, 149), (3, 91), (57, 135), (86, 134), (27, 75), (150, 164), (64, 158), (39, 104), (96, 138), (36, 160), (83, 92), (58, 157), (15, 67), (155, 172)}
Згенероване вершинне покриття (C): [0, 1, 2, 3, 4, 5, 6, 7, 8, 9, 10, 11, 12, 13, 14, 15, 16, 17, 18, 19, 20, 21, 22, 23, 24, 26, 27, 28, 29, 30, 31, 32, 33, 34, 35, 36, 37, 38, 39, 40, 41, 42, 43, 44, 45, 46, 47, 48, 49, 50, 51, 52, 53, 54, 55, 56, 57, 58, 59, 60, 61, 62, 63, 64, 65, 66, 67, 68, 69, 70, 71, 72, 73, 74, 75, 76, 77, 78, 79, 80, 81, 82, 83, 84, 85, 86, 87, 88, 89, 90, 91, 92, 93, 94, 95, 96, 97, 98, 99, 100, 101, 102, 103, 104, 105, 106, 107, 108, 109, 110, 111, 112, 113, 114, 115, 116, 117, 118, 119, 120, 121, 122, 123, 124, 125, 126, 127, 128, 129, 130, 131, 132, 133, 134, 135, 136, 137, 138, 139, 140, 141, 142, 143, 144, 145, 146, 147, 148, 149, 150, 151, 152, 153, 154, 155, 156, 157, 158, 159, 160, 161, 162, 163, 164, 165, 166, 167, 168, 169, 170, 171, 172, 173, 174]

--- Генерація вершинного покриття (зі списку суміжності) ---
Знайдене максимальне парування (M): {(1, 86), (52, 113), (130, 170), (80, 104), (0, 151), (24, 26), (96, 97), (37, 63), (39, 99), (119, 153), (9, 147), (114, 129), (131, 145), (95, 125), (102, 148), (85, 150), (44, 152), (124, 172), (41, 67), (117, 169), (135, 156), (69, 165), (115, 132), (101, 142), (98, 164), (94, 112), (12, 79), (5, 128), (6, 47), (7, 46), (107, 133), (137, 140), (2, 40), (141, 149), (61, 74), (66, 70), (78, 163), (118, 171), (22, 75), (3, 126), (60, 123), (38, 157), (15, 100), (84, 154), (34, 43), (36, 49), (25, 83), (17, 45), (8, 106), (33, 53), (58, 82), (16, 73), (64, 122), (81, 138), (54, 121), (120, 139), (111, 136), (42, 76), (72, 174), (50, 89), (27, 32), (127, 144), (31, 57), (28, 159), (14, 59), (108, 167), (65, 146), (91, 110), (4, 51), (92, 173), (18, 77), (90, 93), (13, 166), (56, 143), (161, 162), (30, 87), (29, 55), (11, 19), (62, 88), (71, 109), (10, 68), (20, 155), (48, 116), (23, 160), (103, 134), (158, 168)}
Згенероване вершинне покриття (C): [0, 1, 2, 3, 4, 5, 6, 7, 8, 9, 10, 11, 12, 13, 14, 15, 16, 17, 18, 19, 20, 22, 23, 24, 25, 26, 27, 28, 29, 30, 31, 32, 33, 34, 36, 37, 38, 39, 40, 41, 42, 43, 44, 45, 46, 47, 48, 49, 50, 51, 52, 53, 54, 55, 56, 57, 58, 59, 60, 61, 62, 63, 64, 65, 66, 67, 68, 69, 70, 71, 72, 73, 74, 75, 76, 77, 78, 79, 80, 81, 82, 83, 84, 85, 86, 87, 88, 89, 90, 91, 92, 93, 94, 95, 96, 97, 98, 99, 100, 101, 102, 103, 104, 106, 107, 108, 109, 110, 111, 112, 113, 114, 115, 116, 117, 118, 119, 120, 121, 122, 123, 124, 125, 126, 127, 128, 129, 130, 131, 132, 133, 134, 135, 136, 137, 138, 139, 140, 141, 142, 143, 144, 145, 146, 147, 148, 149, 150, 151, 152, 153, 154, 155, 156, 157, 158, 159, 160, 161, 162, 163, 164, 165, 166, 167, 168, 169, 170, 171, 172, 173, 174]

--- Генерація вершинного покриття (зі списку суміжності) ---
Знайдене максимальне парування (M): {(75, 106), (18, 136), (151, 171), (52, 58), (27, 77), (144, 150), (97, 102), (20, 120), (94, 103), (93, 134), (3, 143), (38, 110), (11, 30), (60, 167), (76, 111), (49, 112), (32, 71), (5, 96), (83, 98), (88, 152), (73, 78), (2, 91), (54, 74), (139, 160), (65, 161), (64, 141), (39, 142), (9, 172), (84, 122), (125, 157), (17, 114), (14, 124), (48, 156), (0, 61), (13, 55), (36, 166), (1, 25), (79, 82), (28, 43), (53, 72), (128, 148), (15, 155), (29, 163), (7, 41), (42, 127), (123, 133), (34, 70), (95, 138), (86, 135), (69, 119), (6, 99), (40, 101), (35, 169), (67, 85), (92, 105), (33, 46), (121, 168), (12, 23), (90, 107), (87, 154), (81, 113), (44, 137), (22, 45), (31, 57), (21, 129), (131, 162), (51, 117), (26, 170), (16, 50), (116, 146), (100, 159), (19, 149), (8, 158), (104, 147), (24, 56), (118, 145), (109, 173), (37, 47), (108, 153), (80, 164), (63, 130), (4, 126), (66, 174), (10, 68), (59, 89), (62, 115), (132, 140)}
Згенероване вершинне покриття (C): [0, 1, 2, 3, 4, 5, 6, 7, 8, 9, 10, 11, 12, 13, 14, 15, 16, 17, 18, 19, 20, 21, 22, 23, 24, 25, 26, 27, 28, 29, 30, 31, 32, 33, 34, 35, 36, 37, 38, 39, 40, 41, 42, 43, 44, 45, 46, 47, 48, 49, 50, 51, 52, 53, 54, 55, 56, 57, 58, 59, 60, 61, 62, 63, 64, 65, 66, 67, 68, 69, 70, 71, 72, 73, 74, 75, 76, 77, 78, 79, 80, 81, 82, 83, 84, 85, 86, 87, 88, 89, 90, 91, 92, 93, 94, 95, 96, 97, 98, 99, 100, 101, 102, 103, 104, 105, 106, 107, 108, 109, 110, 111, 112, 113, 114, 115, 116, 117, 118, 119, 120, 121, 122, 123, 124, 125, 126, 127, 128, 129, 130, 131, 132, 133, 134, 135, 136, 137, 138, 139, 140, 141, 142, 143, 144, 145, 146, 147, 148, 149, 150, 151, 152, 153, 154, 155, 156, 157, 158, 159, 160, 161, 162, 163, 164, 166, 167, 168, 169, 170, 171, 172, 173, 174]

Середній час виконання: 0.0015603733 секунд
