
--- Генерація вершинного покриття (зі списку суміжності) ---
Знайдене максимальне парування (M): {(27, 56), (43, 46), (24, 45), (21, 92), (7, 99), (34, 89), (53, 96), (33, 57), (40, 41), (3, 31), (30, 79), (38, 68), (11, 81), (54, 61), (76, 94), (13, 35), (67, 70), (16, 25), (12, 73), (4, 5), (55, 86), (10, 63), (17, 72), (29, 49), (83, 84), (77, 98), (23, 36), (42, 74), (48, 59), (60, 91), (26, 65), (0, 22), (8, 90), (9, 95), (20, 64), (51, 97), (32, 93), (6, 19), (18, 85), (58, 75), (47, 78), (69, 87), (39, 52), (1, 71), (28, 37), (66, 82), (2, 15), (44, 88), (14, 50)}
Згенероване вершинне покриття (C): [0, 1, 2, 3, 4, 5, 6, 7, 8, 9, 10, 11, 12, 13, 14, 15, 16, 17, 18, 19, 20, 21, 22, 23, 24, 25, 26, 27, 28, 29, 30, 31, 32, 33, 34, 35, 36, 37, 38, 39, 40, 41, 42, 43, 44, 45, 46, 47, 48, 49, 50, 51, 52, 53, 54, 55, 56, 57, 58, 59, 60, 61, 63, 64, 65, 66, 67, 68, 69, 70, 71, 72, 73, 74, 75, 76, 77, 78, 79, 81, 82, 83, 84, 85, 86, 87, 88, 89, 90, 91, 92, 93, 94, 95, 96, 97, 98, 99]

--- Генерація вершинного покриття (зі списку суміжності) ---
Знайдене максимальне парування (M): {(54, 71), (64, 69), (26, 94), (22, 75), (28, 58), (5, 13), (29, 38), (17, 85), (2, 66), (18, 53), (49, 62), (8, 24), (19, 88), (7, 65), (44, 96), (56, 61), (43, 97), (67, 70), (0, 47), (32, 48), (39, 99), (21, 91), (14, 33), (15, 68), (42, 92), (10, 87), (35, 74), (11, 25), (23, 57), (46, 89), (9, 37), (79, 86), (40, 82), (90, 98), (36, 63), (31, 76), (55, 73), (81, 95), (6, 34), (51, 72), (3, 20), (30, 77), (27, 84), (1, 4), (52, 80), (60, 93), (41, 83), (45, 50), (16, 78), (12, 59)}
Згенероване вершинне покриття (C): [0, 1, 2, 3, 4, 5, 6, 7, 8, 9, 10, 11, 12, 13, 14, 15, 16, 17, 18, 19, 20, 21, 22, 23, 24, 25, 26, 27, 28, 29, 30, 31, 32, 33, 34, 35, 36, 37, 38, 39, 40, 41, 42, 43, 44, 45, 46, 47, 48, 49, 50, 51, 52, 53, 54, 55, 56, 57, 58, 59, 60, 61, 62, 63, 64, 65, 66, 67, 68, 69, 70, 71, 72, 73, 74, 75, 76, 77, 78, 79, 80, 81, 82, 83, 84, 85, 86, 87, 88, 89, 90, 91, 92, 93, 94, 95, 96, 97, 98, 99]

--- Генерація вершинного покриття (зі списку суміжності) ---
Знайдене максимальне парування (M): {(54, 65), (22, 66), (38, 84), (29, 81), (24, 91), (11, 48), (10, 46), (21, 28), (73, 90), (39, 97), (15, 51), (47, 83), (44, 75), (1, 3), (60, 89), (12, 98), (35, 69), (34, 58), (14, 70), (57, 99), (62, 92), (7, 37), (42, 68), (67, 85), (2, 53), (23, 94), (61, 72), (27, 79), (36, 41), (13, 71), (43, 87), (52, 93), (76, 96), (25, 88), (50, 56), (6, 19), (20, 82), (30, 59), (33, 55), (4, 77), (0, 64), (5, 26), (49, 63), (9, 18), (31, 45), (32, 80), (17, 95), (74, 86), (16, 78), (8, 40)}
Згенероване вершинне покриття (C): [0, 1, 2, 3, 4, 5, 6, 7, 8, 9, 10, 11, 12, 13, 14, 15, 16, 17, 18, 19, 20, 21, 22, 23, 24, 25, 26, 27, 28, 29, 30, 31, 32, 33, 34, 35, 36, 37, 38, 39, 40, 41, 42, 43, 44, 45, 46, 47, 48, 49, 50, 51, 52, 53, 54, 55, 56, 57, 58, 59, 60, 61, 62, 63, 64, 65, 66, 67, 68, 69, 70, 71, 72, 73, 74, 75, 76, 77, 78, 79, 80, 81, 82, 83, 84, 85, 86, 87, 88, 89, 90, 91, 92, 93, 94, 95, 96, 97, 98, 99]

--- Генерація вершинного покриття (зі списку суміжності) ---
Знайдене максимальне парування (M): {(49, 84), (73, 81), (4, 12), (33, 54), (40, 90), (18, 93), (24, 48), (10, 55), (70, 79), (17, 82), (52, 76), (68, 72), (34, 98), (59, 97), (66, 78), (0, 75), (22, 41), (11, 26), (65, 91), (44, 96), (27, 43), (9, 47), (64, 74), (1, 42), (7, 37), (8, 63), (53, 89), (3, 15), (23, 30), (67, 85), (13, 71), (20, 58), (14, 39), (56, 57), (32, 35), (46, 92), (31, 88), (16, 45), (19, 62), (86, 94), (36, 87), (29, 51), (38, 69), (61, 80), (28, 77), (25, 60), (2, 6), (21, 50), (5, 99), (83, 95)}
Згенероване вершинне покриття (C): [0, 1, 2, 3, 4, 5, 6, 7, 8, 9, 10, 11, 12, 13, 14, 15, 16, 17, 18, 19, 20, 21, 22, 23, 24, 25, 26, 27, 28, 29, 30, 31, 32, 33, 34, 35, 36, 37, 38, 39, 40, 41, 42, 43, 44, 45, 46, 47, 48, 49, 50, 51, 52, 53, 54, 55, 56, 57, 58, 59, 60, 61, 62, 63, 64, 65, 66, 67, 68, 69, 70, 71, 72, 73, 74, 75, 76, 77, 78, 79, 80, 81, 82, 83, 84, 85, 86, 87, 88, 89, 90, 91, 92, 93, 94, 95, 96, 97, 98, 99]

--- Генерація вершинного покриття (зі списку суміжності) ---
Знайдене максимальне парування (M): {(1, 28), (65, 98), (45, 62), (53, 75), (11, 39), (37, 64), (7, 84), (41, 58), (95, 99), (60, 71), (70, 94), (17, 88), (30, 85), (68, 69), (20, 56), (3, 40), (25, 80), (35, 90), (72, 81), (2, 32), (54, 79), (34, 76), (6, 96), (67, 82), (22, 86), (12, 27), (18, 49), (15, 77), (33, 92), (51, 97), (48, 83), (73, 91), (43, 47), (23, 78), (8, 59), (16, 42), (44, 52), (4, 74), (21, 93), (46, 55), (14, 26), (10, 13), (5, 87), (61, 89), (38, 66), (29, 63), (0, 24), (31, 57), (9, 36)}
Згенероване вершинне покриття (C): [0, 1, 2, 3, 4, 5, 6, 7, 8, 9, 10, 11, 12, 13, 14, 15, 16, 17, 18, 20, 21, 22, 23, 24, 25, 26, 27, 28, 29, 30, 31, 32, 33, 34, 35, 36, 37, 38, 39, 40, 41, 42, 43, 44, 45, 46, 47, 48, 49, 51, 52, 53, 54, 55, 56, 57, 58, 59, 60, 61, 62, 63, 64, 65, 66, 67, 68, 69, 70, 71, 72, 73, 74, 75, 76, 77, 78, 79, 80, 81, 82, 83, 84, 85, 86, 87, 88, 89, 90, 91, 92, 93, 94, 95, 96, 97, 98, 99]

--- Генерація вершинного покриття (зі списку суміжності) ---
Знайдене максимальне парування (M): {(31, 72), (41, 46), (73, 81), (6, 85), (40, 84), (24, 51), (5, 65), (8, 58), (44, 63), (60, 71), (80, 86), (9, 14), (30, 76), (0, 99), (20, 77), (15, 96), (12, 82), (16, 98), (33, 53), (87, 88), (50, 69), (89, 94), (4, 29), (10, 75), (70, 93), (42, 92), (17, 38), (22, 52), (7, 64), (26, 74), (3, 54), (79, 83), (11, 95), (2, 28), (23, 66), (13, 37), (21, 78), (25, 36), (62, 91), (19, 59), (1, 47), (35, 43), (67, 90), (32, 68), (39, 49), (55, 97), (48, 61), (18, 57), (34, 56)}
Згенероване вершинне покриття (C): [0, 1, 2, 3, 4, 5, 6, 7, 8, 9, 10, 11, 12, 13, 14, 15, 16, 17, 18, 19, 20, 21, 22, 23, 24, 25, 26, 28, 29, 30, 31, 32, 33, 34, 35, 36, 37, 38, 39, 40, 41, 42, 43, 44, 46, 47, 48, 49, 50, 51, 52, 53, 54, 55, 56, 57, 58, 59, 60, 61, 62, 63, 64, 65, 66, 67, 68, 69, 70, 71, 72, 73, 74, 75, 76, 77, 78, 79, 80, 81, 82, 83, 84, 85, 86, 87, 88, 89, 90, 91, 92, 93, 94, 95, 96, 97, 98, 99]

--- Генерація вершинного покриття (зі списку суміжності) ---
Знайдене максимальне парування (M): {(0, 94), (1, 49), (3, 19), (29, 38), (55, 96), (26, 60), (83, 88), (13, 69), (53, 65), (28, 48), (81, 93), (18, 22), (36, 64), (54, 79), (4, 14), (70, 75), (47, 73), (84, 98), (31, 86), (2, 59), (5, 85), (66, 80), (11, 92), (23, 57), (30, 40), (37, 50), (74, 99), (76, 90), (25, 97), (16, 33), (10, 41), (20, 21), (56, 72), (15, 95), (35, 43), (51, 63), (8, 68), (77, 91), (7, 45), (32, 62), (9, 12), (61, 89), (34, 44), (39, 58), (6, 52), (24, 67), (27, 87), (42, 82), (71, 78)}
Згенероване вершинне покриття (C): [0, 1, 2, 3, 4, 5, 6, 7, 8, 9, 10, 11, 12, 13, 14, 15, 16, 18, 19, 20, 21, 22, 23, 24, 25, 26, 27, 28, 29, 30, 31, 32, 33, 34, 35, 36, 37, 38, 39, 40, 41, 42, 43, 44, 45, 47, 48, 49, 50, 51, 52, 53, 54, 55, 56, 57, 58, 59, 60, 61, 62, 63, 64, 65, 66, 67, 68, 69, 70, 71, 72, 73, 74, 75, 76, 77, 78, 79, 80, 81, 82, 83, 84, 85, 86, 87, 88, 89, 90, 91, 92, 93, 94, 95, 96, 97, 98, 99]

--- Генерація вершинного покриття (зі списку суміжності) ---
Знайдене максимальне парування (M): {(16, 81), (40, 72), (11, 97), (5, 56), (47, 65), (44, 45), (53, 78), (42, 57), (0, 69), (20, 41), (6, 54), (17, 94), (75, 87), (18, 80), (63, 85), (48, 96), (26, 99), (1, 51), (21, 27), (22, 92), (32, 66), (25, 58), (43, 60), (12, 36), (19, 23), (35, 71), (28, 93), (7, 64), (9, 34), (13, 83), (29, 73), (2, 31), (10, 38), (82, 91), (79, 86), (62, 88), (52, 59), (67, 84), (15, 98), (33, 61), (39, 49), (14, 90), (74, 77), (24, 70), (30, 89), (68, 76), (8, 37), (4, 46), (3, 50)}
Згенероване вершинне покриття (C): [0, 1, 2, 3, 4, 5, 6, 7, 8, 9, 10, 11, 12, 13, 14, 15, 16, 17, 18, 19, 20, 21, 22, 23, 24, 25, 26, 27, 28, 29, 30, 31, 32, 33, 34, 35, 36, 37, 38, 39, 40, 41, 42, 43, 44, 45, 46, 47, 48, 49, 50, 51, 52, 53, 54, 56, 57, 58, 59, 60, 61, 62, 63, 64, 65, 66, 67, 68, 69, 70, 71, 72, 73, 74, 75, 76, 77, 78, 79, 80, 81, 82, 83, 84, 85, 86, 87, 88, 89, 90, 91, 92, 93, 94, 96, 97, 98, 99]

--- Генерація вершинного покриття (зі списку суміжності) ---
Знайдене максимальне парування (M): {(39, 73), (3, 53), (18, 20), (27, 65), (29, 96), (50, 70), (11, 57), (47, 74), (13, 48), (1, 55), (4, 82), (8, 21), (7, 59), (43, 76), (25, 68), (0, 26), (49, 71), (85, 88), (56, 64), (51, 52), (60, 67), (38, 95), (6, 35), (41, 63), (31, 86), (40, 98), (19, 72), (28, 81), (32, 75), (66, 77), (30, 84), (37, 44), (24, 34), (12, 14), (17, 62), (33, 61), (15, 46), (89, 90), (87, 93), (2, 58), (16, 54), (5, 23), (78, 99), (22, 36), (10, 80), (83, 92), (9, 91), (42, 97)}
Згенероване вершинне покриття (C): [0, 1, 2, 3, 4, 5, 6, 7, 8, 9, 10, 11, 12, 13, 14, 15, 16, 17, 18, 19, 20, 21, 22, 23, 24, 25, 26, 27, 28, 29, 30, 31, 32, 33, 34, 35, 36, 37, 38, 39, 40, 41, 42, 43, 44, 46, 47, 48, 49, 50, 51, 52, 53, 54, 55, 56, 57, 58, 59, 60, 61, 62, 63, 64, 65, 66, 67, 68, 70, 71, 72, 73, 74, 75, 76, 77, 78, 80, 81, 82, 83, 84, 85, 86, 87, 88, 89, 90, 91, 92, 93, 95, 96, 97, 98, 99]

--- Генерація вершинного покриття (зі списку суміжності) ---
Знайдене максимальне парування (M): {(58, 59), (35, 42), (82, 96), (31, 32), (55, 81), (67, 89), (26, 48), (60, 74), (3, 37), (2, 79), (11, 84), (30, 36), (45, 61), (17, 57), (44, 47), (20, 83), (27, 64), (7, 34), (87, 94), (28, 72), (13, 76), (69, 85), (4, 38), (65, 78), (75, 86), (15, 71), (54, 63), (16, 70), (24, 77), (19, 90), (9, 98), (68, 92), (25, 91), (1, 93), (29, 33), (40, 97), (39, 95), (46, 52), (51, 66), (5, 8), (43, 62), (6, 49), (21, 41), (80, 99), (23, 50), (10, 22), (0, 88), (12, 53), (14, 56)}
Згенероване вершинне покриття (C): [0, 1, 2, 3, 4, 5, 6, 7, 8, 9, 10, 11, 12, 13, 14, 15, 16, 17, 19, 20, 21, 22, 23, 24, 25, 26, 27, 28, 29, 30, 31, 32, 33, 34, 35, 36, 37, 38, 39, 40, 41, 42, 43, 44, 45, 46, 47, 48, 49, 50, 51, 52, 53, 54, 55, 56, 57, 58, 59, 60, 61, 62, 63, 64, 65, 66, 67, 68, 69, 70, 71, 72, 74, 75, 76, 77, 78, 79, 80, 81, 82, 83, 84, 85, 86, 87, 88, 89, 90, 91, 92, 93, 94, 95, 96, 97, 98, 99]

--- Генерація вершинного покриття (зі списку суміжності) ---
Знайдене максимальне парування (M): {(24, 88), (72, 82), (6, 30), (41, 55), (58, 77), (44, 63), (26, 48), (3, 22), (46, 60), (2, 14), (66, 78), (10, 15), (5, 34), (23, 61), (0, 93), (29, 74), (33, 38), (16, 86), (12, 70), (25, 37), (51, 52), (39, 96), (9, 62), (69, 76), (47, 85), (8, 17), (50, 90), (7, 64), (35, 89), (27, 45), (1, 32), (4, 59), (13, 95), (11, 49), (81, 92), (67, 75), (31, 79), (54, 87), (21, 84), (19, 68), (18, 42), (73, 97), (20, 36), (56, 99), (65, 71), (43, 80), (83, 98), (28, 40), (53, 57)}
Згенероване вершинне покриття (C): [0, 1, 2, 3, 4, 5, 6, 7, 8, 9, 10, 11, 12, 13, 14, 15, 16, 17, 18, 19, 20, 21, 22, 23, 24, 25, 26, 27, 28, 29, 30, 31, 32, 33, 34, 35, 36, 37, 38, 39, 40, 41, 42, 43, 44, 45, 46, 47, 48, 49, 50, 51, 52, 53, 54, 55, 56, 57, 58, 59, 60, 61, 62, 63, 64, 65, 66, 67, 68, 69, 70, 71, 72, 73, 74, 75, 76, 77, 78, 79, 80, 81, 82, 83, 84, 85, 86, 87, 88, 89, 90, 92, 93, 95, 96, 97, 98, 99]

--- Генерація вершинного покриття (зі списку суміжності) ---
Знайдене максимальне парування (M): {(43, 95), (2, 42), (47, 68), (30, 55), (5, 10), (19, 70), (22, 90), (38, 50), (59, 94), (20, 41), (51, 80), (21, 52), (57, 69), (1, 73), (17, 91), (33, 81), (25, 77), (48, 75), (29, 65), (0, 35), (7, 83), (79, 93), (18, 92), (31, 89), (84, 98), (37, 72), (56, 97), (4, 87), (24, 71), (14, 36), (76, 78), (23, 45), (66, 74), (54, 63), (11, 86), (53, 61), (96, 99), (16, 88), (3, 60), (13, 40), (64, 85), (26, 46), (8, 62), (15, 49), (12, 32), (39, 58), (9, 82), (28, 34), (27, 44)}
Згенероване вершинне покриття (C): [0, 1, 2, 3, 4, 5, 7, 8, 9, 10, 11, 12, 13, 14, 15, 16, 17, 18, 19, 20, 21, 22, 23, 24, 25, 26, 27, 28, 29, 30, 31, 32, 33, 34, 35, 36, 37, 38, 39, 40, 41, 42, 43, 44, 45, 46, 47, 48, 49, 50, 51, 52, 53, 54, 55, 56, 57, 58, 59, 60, 61, 62, 63, 64, 65, 66, 68, 69, 70, 71, 72, 73, 74, 75, 76, 77, 78, 79, 80, 81, 82, 83, 84, 85, 86, 87, 88, 89, 90, 91, 92, 93, 94, 95, 96, 97, 98, 99]

--- Генерація вершинного покриття (зі списку суміжності) ---
Знайдене максимальне парування (M): {(4, 55), (35, 94), (44, 45), (9, 51), (11, 48), (50, 64), (20, 90), (12, 92), (1, 18), (33, 84), (22, 65), (46, 93), (26, 96), (29, 69), (42, 59), (7, 31), (32, 54), (36, 73), (10, 63), (28, 43), (97, 98), (27, 76), (40, 49), (61, 87), (39, 62), (38, 82), (0, 89), (16, 30), (14, 60), (79, 95), (19, 53), (34, 72), (8, 37), (6, 86), (67, 81), (52, 68), (57, 58), (77, 88), (74, 80), (17, 25), (41, 83), (47, 99), (23, 56), (15, 70), (66, 85), (13, 21), (75, 91), (2, 24), (71, 78)}
Згенероване вершинне покриття (C): [0, 1, 2, 4, 6, 7, 8, 9, 10, 11, 12, 13, 14, 15, 16, 17, 18, 19, 20, 21, 22, 23, 24, 25, 26, 27, 28, 29, 30, 31, 32, 33, 34, 35, 36, 37, 38, 39, 40, 41, 42, 43, 44, 45, 46, 47, 48, 49, 50, 51, 52, 53, 54, 55, 56, 57, 58, 59, 60, 61, 62, 63, 64, 65, 66, 67, 68, 69, 70, 71, 72, 73, 74, 75, 76, 77, 78, 79, 80, 81, 82, 83, 84, 85, 86, 87, 88, 89, 90, 91, 92, 93, 94, 95, 96, 97, 98, 99]

--- Генерація вершинного покриття (зі списку суміжності) ---
Знайдене максимальне парування (M): {(24, 30), (7, 23), (3, 4), (48, 85), (2, 42), (20, 78), (41, 46), (16, 32), (34, 74), (52, 55), (53, 84), (5, 10), (87, 92), (57, 60), (1, 70), (22, 44), (83, 94), (45, 49), (31, 59), (56, 58), (29, 68), (72, 75), (54, 67), (0, 47), (37, 66), (26, 35), (14, 76), (73, 95), (64, 98), (12, 33), (69, 91), (28, 93), (27, 39), (61, 99), (9, 25), (36, 51), (43, 81), (17, 38), (15, 77), (13, 86), (40, 82), (6, 19), (62, 88), (18, 97), (63, 96), (80, 90), (65, 71), (8, 89), (11, 21)}
Згенероване вершинне покриття (C): [0, 1, 2, 3, 4, 5, 6, 7, 8, 9, 10, 11, 12, 13, 14, 15, 16, 17, 18, 19, 20, 21, 22, 23, 24, 25, 26, 27, 28, 29, 30, 31, 32, 33, 34, 35, 36, 37, 38, 39, 40, 41, 42, 43, 44, 45, 46, 47, 48, 49, 51, 52, 53, 54, 55, 56, 57, 58, 59, 60, 61, 62, 63, 64, 65, 66, 67, 68, 69, 70, 71, 72, 73, 74, 75, 76, 77, 78, 80, 81, 82, 83, 84, 85, 86, 87, 88, 89, 90, 91, 92, 93, 94, 95, 96, 97, 98, 99]

--- Генерація вершинного покриття (зі списку суміжності) ---
Знайдене максимальне парування (M): {(39, 73), (1, 92), (19, 49), (7, 17), (31, 78), (26, 33), (82, 90), (52, 61), (43, 58), (29, 93), (2, 54), (72, 97), (3, 77), (13, 51), (18, 41), (60, 74), (24, 63), (16, 53), (45, 46), (79, 84), (37, 48), (12, 55), (57, 87), (6, 75), (10, 42), (32, 36), (47, 64), (38, 40), (27, 70), (22, 86), (44, 68), (69, 85), (5, 88), (15, 65), (50, 99), (76, 81), (0, 89), (11, 98), (25, 30), (59, 62), (71, 91), (4, 80), (20, 94), (9, 67), (21, 96), (14, 35), (28, 95), (23, 56), (8, 34)}
Згенероване вершинне покриття (C): [0, 1, 2, 3, 4, 5, 6, 7, 8, 9, 10, 11, 12, 13, 14, 15, 16, 17, 18, 19, 20, 21, 22, 23, 24, 25, 26, 27, 28, 29, 30, 31, 32, 33, 34, 35, 36, 37, 38, 39, 40, 41, 42, 43, 44, 45, 46, 47, 48, 49, 50, 51, 52, 53, 54, 55, 56, 57, 58, 59, 60, 61, 62, 63, 64, 65, 67, 68, 69, 70, 71, 72, 73, 74, 75, 76, 77, 78, 79, 80, 81, 82, 84, 85, 86, 87, 88, 89, 90, 91, 92, 93, 94, 95, 96, 97, 98, 99]

--- Генерація вершинного покриття (зі списку суміжності) ---
Знайдене максимальне парування (M): {(37, 55), (2, 94), (30, 46), (15, 88), (36, 68), (42, 51), (44, 54), (59, 73), (10, 61), (20, 35), (18, 41), (23, 92), (34, 40), (49, 71), (52, 97), (17, 45), (6, 72), (25, 89), (33, 96), (50, 63), (12, 56), (39, 90), (27, 64), (48, 53), (19, 75), (86, 95), (5, 24), (11, 16), (26, 65), (28, 99), (8, 29), (0, 31), (1, 32), (43, 93), (62, 82), (79, 98), (21, 78), (47, 60), (70, 77), (22, 91), (4, 83), (9, 67), (58, 81), (80, 87), (3, 84), (14, 38), (7, 66), (57, 76), (13, 85)}
Згенероване вершинне покриття (C): [0, 1, 2, 3, 4, 5, 6, 7, 8, 9, 10, 11, 12, 13, 14, 15, 16, 17, 18, 19, 20, 21, 22, 23, 24, 25, 26, 27, 28, 29, 30, 31, 32, 33, 34, 35, 36, 37, 38, 39, 40, 41, 42, 43, 44, 45, 46, 47, 48, 49, 50, 51, 52, 53, 54, 55, 56, 57, 58, 59, 60, 61, 62, 63, 64, 65, 66, 67, 68, 70, 71, 72, 73, 75, 76, 77, 78, 79, 80, 81, 82, 83, 84, 85, 86, 87, 88, 89, 90, 91, 92, 93, 94, 95, 96, 97, 98, 99]

--- Генерація вершинного покриття (зі списку суміжності) ---
Знайдене максимальне парування (M): {(73, 90), (60, 62), (6, 39), (14, 74), (42, 69), (12, 31), (54, 98), (19, 76), (51, 86), (38, 65), (2, 17), (35, 78), (10, 27), (13, 26), (56, 70), (81, 93), (3, 79), (45, 88), (37, 84), (44, 71), (91, 94), (20, 58), (75, 92), (5, 36), (8, 32), (46, 83), (66, 95), (48, 89), (30, 50), (9, 49), (43, 53), (0, 52), (34, 72), (64, 85), (1, 47), (7, 97), (11, 55), (67, 87), (41, 68), (21, 99), (4, 28), (23, 29), (59, 77), (22, 24), (16, 57), (15, 61), (25, 63), (80, 96), (33, 82)}
Згенероване вершинне покриття (C): [0, 1, 2, 3, 4, 5, 6, 7, 8, 9, 10, 11, 12, 13, 14, 15, 16, 17, 19, 20, 21, 22, 23, 24, 25, 26, 27, 28, 29, 30, 31, 32, 33, 34, 35, 36, 37, 38, 39, 41, 42, 43, 44, 45, 46, 47, 48, 49, 50, 51, 52, 53, 54, 55, 56, 57, 58, 59, 60, 61, 62, 63, 64, 65, 66, 67, 68, 69, 70, 71, 72, 73, 74, 75, 76, 77, 78, 79, 80, 81, 82, 83, 84, 85, 86, 87, 88, 89, 90, 91, 92, 93, 94, 95, 96, 97, 98, 99]

--- Генерація вершинного покриття (зі списку суміжності) ---
Знайдене максимальне парування (M): {(36, 56), (19, 49), (8, 46), (0, 48), (64, 87), (55, 84), (69, 77), (18, 44), (41, 70), (22, 90), (12, 31), (20, 38), (17, 79), (24, 60), (32, 73), (14, 98), (52, 88), (75, 96), (93, 95), (76, 91), (29, 65), (2, 26), (43, 94), (37, 57), (1, 97), (71, 86), (15, 35), (3, 67), (78, 82), (51, 61), (5, 9), (33, 62), (85, 92), (39, 47), (50, 81), (13, 68), (10, 23), (30, 99), (16, 21), (27, 54), (58, 63), (25, 42), (6, 89), (34, 72), (59, 80), (4, 28), (74, 83), (40, 66), (7, 11), (45, 53)}
Згенероване вершинне покриття (C): [0, 1, 2, 3, 4, 5, 6, 7, 8, 9, 10, 11, 12, 13, 14, 15, 16, 17, 18, 19, 20, 21, 22, 23, 24, 25, 26, 27, 28, 29, 30, 31, 32, 33, 34, 35, 36, 37, 38, 39, 40, 41, 42, 43, 44, 45, 46, 47, 48, 49, 50, 51, 52, 53, 54, 55, 56, 57, 58, 59, 60, 61, 62, 63, 64, 65, 66, 67, 68, 69, 70, 71, 72, 73, 74, 75, 76, 77, 78, 79, 80, 81, 82, 83, 84, 85, 86, 87, 88, 89, 90, 91, 92, 93, 94, 95, 96, 97, 98, 99]

--- Генерація вершинного покриття (зі списку суміжності) ---
Знайдене максимальне парування (M): {(8, 98), (72, 79), (39, 88), (12, 25), (53, 93), (4, 33), (59, 94), (21, 46), (0, 11), (29, 62), (13, 17), (27, 34), (22, 56), (7, 16), (20, 68), (10, 36), (43, 97), (30, 48), (38, 92), (5, 6), (49, 95), (1, 45), (15, 44), (14, 18), (69, 82), (61, 78), (60, 76), (75, 77), (83, 87), (52, 90), (54, 66), (31, 64), (96, 99), (58, 63), (71, 91), (41, 65), (37, 80), (23, 84), (3, 81), (2, 55), (40, 51), (42, 70), (19, 74), (28, 86), (9, 24), (57, 67), (26, 73), (35, 85), (47, 50)}
Згенероване вершинне покриття (C): [0, 1, 2, 3, 4, 5, 6, 7, 8, 9, 10, 11, 12, 13, 14, 15, 16, 17, 18, 19, 20, 21, 22, 23, 24, 25, 26, 27, 28, 29, 30, 31, 33, 34, 35, 36, 37, 38, 39, 40, 41, 42, 43, 44, 45, 46, 47, 48, 49, 50, 51, 52, 53, 54, 55, 56, 57, 58, 59, 60, 61, 62, 63, 64, 65, 66, 67, 68, 69, 70, 71, 72, 73, 74, 75, 76, 77, 78, 79, 80, 81, 82, 83, 84, 85, 86, 87, 88, 90, 91, 92, 93, 94, 95, 96, 97, 98, 99]

--- Генерація вершинного покриття (зі списку суміжності) ---
Знайдене максимальне парування (M): {(18, 78), (24, 27), (4, 58), (5, 53), (6, 79), (13, 42), (81, 97), (37, 76), (0, 2), (22, 87), (17, 70), (12, 28), (61, 73), (77, 96), (14, 92), (26, 57), (36, 95), (30, 91), (10, 88), (7, 80), (38, 83), (55, 62), (15, 82), (29, 89), (90, 93), (43, 51), (59, 69), (60, 64), (39, 44), (23, 94), (33, 68), (25, 67), (50, 84), (1, 8), (3, 45), (54, 63), (41, 99), (75, 98), (47, 66), (20, 21), (9, 49), (46, 52), (34, 35), (32, 71), (85, 86), (31, 48), (65, 74), (16, 72), (19, 40)}
Згенероване вершинне покриття (C): [0, 1, 2, 3, 4, 5, 6, 7, 8, 9, 10, 12, 13, 14, 15, 16, 17, 18, 19, 20, 21, 22, 23, 24, 25, 26, 27, 28, 29, 30, 31, 32, 33, 34, 35, 36, 37, 38, 39, 40, 41, 42, 43, 44, 45, 46, 47, 48, 49, 50, 51, 52, 53, 54, 55, 57, 58, 59, 60, 61, 62, 63, 64, 65, 66, 67, 68, 69, 70, 71, 72, 73, 74, 75, 76, 77, 78, 79, 80, 81, 82, 83, 84, 85, 86, 87, 88, 89, 90, 91, 92, 93, 94, 95, 96, 97, 98, 99]

--- Генерація вершинного покриття (зі списку суміжності) ---
Знайдене максимальне парування (M): {(57, 91), (25, 35), (41, 43), (23, 71), (28, 64), (39, 88), (19, 55), (72, 94), (8, 18), (38, 53), (60, 89), (10, 82), (20, 56), (93, 98), (49, 65), (37, 45), (79, 81), (15, 17), (11, 32), (7, 13), (48, 87), (31, 74), (2, 96), (58, 73), (52, 63), (12, 24), (6, 99), (47, 85), (59, 84), (9, 22), (16, 67), (1, 78), (4, 44), (62, 70), (36, 54), (51, 97), (33, 95), (46, 86), (26, 83), (68, 92), (30, 50), (3, 5), (27, 69), (61, 77), (29, 42), (14, 90), (0, 21), (76, 80), (40, 75)}
Згенероване вершинне покриття (C): [0, 1, 2, 3, 4, 5, 6, 7, 8, 9, 10, 11, 12, 13, 14, 15, 16, 17, 18, 19, 20, 21, 22, 23, 24, 25, 26, 27, 28, 29, 30, 31, 32, 33, 35, 36, 37, 38, 39, 40, 41, 42, 43, 44, 45, 46, 47, 48, 49, 50, 51, 52, 53, 54, 55, 56, 57, 58, 59, 60, 61, 62, 63, 64, 65, 67, 68, 69, 70, 71, 72, 73, 74, 75, 76, 77, 78, 79, 80, 81, 82, 83, 84, 85, 86, 87, 88, 89, 90, 91, 92, 93, 94, 95, 96, 97, 98, 99]

--- Генерація вершинного покриття (зі списку суміжності) ---
Знайдене максимальне парування (M): {(1, 74), (13, 27), (17, 52), (34, 71), (54, 80), (57, 97), (77, 81), (5, 68), (55, 78), (84, 96), (31, 32), (42, 66), (6, 48), (67, 95), (28, 30), (8, 79), (38, 62), (0, 75), (4, 39), (45, 46), (26, 69), (2, 29), (72, 93), (3, 18), (58, 76), (56, 88), (7, 43), (37, 87), (9, 10), (14, 91), (44, 83), (22, 61), (15, 73), (65, 90), (24, 85), (49, 94), (64, 82), (12, 35), (40, 51), (89, 99), (25, 63), (33, 70), (11, 21), (59, 98), (19, 92), (36, 41), (23, 53), (20, 60), (47, 50)}
Згенероване вершинне покриття (C): [0, 1, 2, 3, 4, 5, 6, 7, 8, 9, 10, 11, 12, 13, 14, 15, 17, 18, 19, 20, 21, 22, 23, 24, 25, 26, 27, 28, 29, 30, 31, 32, 33, 34, 35, 36, 37, 38, 39, 40, 41, 42, 43, 44, 45, 46, 47, 48, 49, 50, 51, 52, 53, 54, 55, 56, 57, 58, 59, 60, 61, 62, 63, 64, 65, 66, 67, 68, 69, 70, 71, 72, 73, 74, 75, 76, 77, 78, 79, 80, 81, 82, 83, 84, 85, 87, 88, 89, 90, 91, 92, 93, 94, 95, 96, 97, 98, 99]

--- Генерація вершинного покриття (зі списку суміжності) ---
Знайдене максимальне парування (M): {(53, 72), (6, 79), (56, 71), (44, 51), (32, 43), (5, 68), (41, 61), (78, 80), (52, 55), (0, 2), (31, 96), (42, 69), (18, 47), (14, 28), (36, 89), (35, 60), (16, 59), (7, 50), (70, 91), (27, 92), (30, 33), (9, 99), (37, 48), (25, 83), (13, 82), (73, 77), (1, 88), (39, 90), (29, 40), (4, 75), (67, 97), (19, 26), (76, 81), (23, 57), (3, 54), (49, 85), (15, 86), (24, 98), (17, 62), (34, 87), (58, 84), (45, 93), (46, 64), (10, 74), (11, 21), (38, 66), (8, 22), (94, 95), (63, 65)}
Згенероване вершинне покриття (C): [0, 1, 2, 3, 4, 5, 6, 7, 8, 9, 10, 11, 13, 14, 15, 16, 17, 18, 19, 21, 22, 23, 24, 25, 26, 27, 28, 29, 30, 31, 32, 33, 34, 35, 36, 37, 38, 39, 40, 41, 42, 43, 44, 45, 46, 47, 48, 49, 50, 51, 52, 53, 54, 55, 56, 57, 58, 59, 60, 61, 62, 63, 64, 65, 66, 67, 68, 69, 70, 71, 72, 73, 74, 75, 76, 77, 78, 79, 80, 81, 82, 83, 84, 85, 86, 87, 88, 89, 90, 91, 92, 93, 94, 95, 96, 97, 98, 99]

--- Генерація вершинного покриття (зі списку суміжності) ---
Знайдене максимальне парування (M): {(51, 99), (26, 85), (49, 87), (45, 62), (90, 97), (30, 55), (70, 76), (12, 31), (24, 63), (18, 53), (61, 88), (80, 95), (13, 29), (6, 78), (79, 96), (3, 9), (37, 75), (14, 73), (1, 54), (43, 69), (22, 40), (42, 77), (25, 67), (20, 46), (39, 50), (32, 84), (2, 74), (0, 16), (4, 38), (44, 86), (10, 35), (56, 60), (68, 98), (82, 91), (27, 57), (36, 66), (23, 72), (17, 65), (64, 94), (21, 93), (8, 71), (58, 81), (7, 48), (59, 92), (83, 89), (34, 41), (19, 28), (11, 33), (5, 47)}
Згенероване вершинне покриття (C): [0, 1, 2, 3, 4, 5, 6, 7, 8, 9, 10, 11, 12, 13, 14, 16, 17, 18, 19, 20, 21, 22, 23, 24, 25, 26, 27, 28, 29, 30, 31, 32, 33, 34, 35, 36, 37, 38, 39, 40, 41, 42, 43, 44, 45, 46, 47, 48, 49, 50, 51, 53, 54, 55, 56, 57, 58, 59, 60, 61, 62, 63, 64, 65, 66, 67, 68, 69, 70, 71, 72, 73, 74, 75, 76, 77, 78, 79, 80, 81, 82, 83, 84, 85, 86, 87, 88, 89, 90, 91, 92, 93, 94, 95, 96, 97, 98, 99]

--- Генерація вершинного покриття (зі списку суміжності) ---
Знайдене максимальне парування (M): {(9, 45), (28, 52), (41, 43), (37, 58), (1, 34), (20, 87), (72, 97), (55, 93), (47, 89), (36, 86), (0, 14), (8, 21), (91, 92), (39, 63), (19, 88), (68, 81), (35, 90), (4, 60), (7, 77), (29, 83), (32, 54), (44, 53), (13, 56), (18, 49), (59, 84), (10, 69), (31, 98), (11, 74), (24, 71), (50, 96), (12, 48), (16, 79), (38, 85), (33, 40), (23, 66), (62, 76), (6, 22), (64, 82), (61, 95), (17, 65), (5, 78), (51, 75), (30, 80), (2, 3), (46, 73), (15, 70), (42, 94), (27, 99), (25, 26)}
Згенероване вершинне покриття (C): [0, 1, 2, 3, 4, 5, 6, 7, 8, 9, 10, 11, 12, 13, 14, 15, 16, 17, 18, 19, 20, 21, 22, 23, 24, 25, 26, 27, 28, 29, 30, 31, 32, 33, 34, 35, 36, 37, 38, 39, 40, 41, 42, 43, 44, 45, 46, 47, 48, 49, 50, 51, 52, 53, 54, 55, 56, 58, 59, 60, 61, 62, 63, 64, 65, 66, 68, 69, 70, 71, 72, 73, 74, 75, 76, 77, 78, 79, 80, 81, 82, 83, 84, 85, 86, 87, 88, 89, 90, 91, 92, 93, 94, 95, 96, 97, 98, 99]

--- Генерація вершинного покриття (зі списку суміжності) ---
Знайдене максимальне парування (M): {(12, 71), (16, 29), (45, 74), (6, 94), (84, 96), (52, 82), (11, 23), (36, 43), (5, 98), (28, 39), (55, 65), (38, 83), (34, 67), (42, 53), (8, 57), (61, 66), (10, 48), (7, 25), (46, 47), (24, 41), (35, 50), (56, 76), (73, 86), (19, 60), (78, 88), (58, 85), (13, 62), (3, 91), (59, 93), (9, 92), (33, 77), (30, 99), (1, 81), (20, 70), (51, 97), (75, 95), (15, 89), (22, 64), (54, 72), (21, 87), (2, 49), (14, 26), (4, 31), (80, 90), (17, 37), (44, 79), (63, 68), (0, 27), (40, 69)}
Згенероване вершинне покриття (C): [0, 1, 2, 3, 4, 5, 6, 7, 8, 9, 10, 11, 12, 13, 14, 15, 16, 17, 19, 20, 21, 22, 23, 24, 25, 26, 27, 28, 29, 30, 31, 33, 34, 35, 36, 37, 38, 39, 40, 41, 42, 43, 44, 45, 46, 47, 48, 49, 50, 51, 52, 53, 54, 55, 56, 57, 58, 59, 60, 61, 62, 63, 64, 65, 66, 67, 68, 69, 70, 71, 72, 73, 74, 75, 76, 77, 78, 79, 80, 81, 82, 83, 84, 85, 86, 87, 88, 89, 90, 91, 92, 93, 94, 95, 96, 97, 98, 99]

--- Генерація вершинного покриття (зі списку суміжності) ---
Знайдене максимальне парування (M): {(53, 72), (18, 87), (28, 64), (43, 58), (14, 74), (5, 77), (23, 92), (36, 83), (46, 60), (9, 20), (52, 79), (49, 62), (4, 39), (2, 26), (6, 8), (47, 61), (88, 99), (13, 93), (34, 67), (22, 71), (10, 45), (65, 97), (31, 89), (1, 48), (29, 40), (54, 94), (41, 69), (11, 80), (59, 96), (17, 32), (42, 95), (7, 70), (57, 86), (16, 24), (21, 78), (19, 56), (15, 37), (73, 91), (3, 81), (35, 55), (27, 84), (38, 63), (33, 82), (66, 76), (12, 44), (51, 90), (50, 98), (68, 85)}
Згенероване вершинне покриття (C): [1, 2, 3, 4, 5, 6, 7, 8, 9, 10, 11, 12, 13, 14, 15, 16, 17, 18, 19, 20, 21, 22, 23, 24, 26, 27, 28, 29, 31, 32, 33, 34, 35, 36, 37, 38, 39, 40, 41, 42, 43, 44, 45, 46, 47, 48, 49, 50, 51, 52, 53, 54, 55, 56, 57, 58, 59, 60, 61, 62, 63, 64, 65, 66, 67, 68, 69, 70, 71, 72, 73, 74, 76, 77, 78, 79, 80, 81, 82, 83, 84, 85, 86, 87, 88, 89, 90, 91, 92, 93, 94, 95, 96, 97, 98, 99]

--- Генерація вершинного покриття (зі списку суміжності) ---
Знайдене максимальне парування (M): {(13, 30), (18, 78), (3, 68), (16, 99), (2, 45), (36, 77), (43, 61), (35, 63), (4, 33), (0, 14), (20, 41), (12, 98), (76, 79), (38, 62), (17, 91), (74, 94), (11, 93), (28, 48), (31, 71), (34, 73), (21, 27), (47, 82), (52, 72), (55, 83), (56, 97), (10, 69), (6, 59), (39, 65), (8, 32), (24, 89), (15, 25), (37, 53), (7, 70), (66, 95), (26, 86), (81, 92), (51, 60), (46, 49), (54, 84), (22, 85), (87, 90), (9, 67), (44, 58), (50, 80), (23, 96), (5, 29), (40, 57), (42, 88), (1, 19)}
Згенероване вершинне покриття (C): [0, 1, 2, 3, 4, 5, 6, 7, 8, 9, 10, 11, 12, 13, 14, 15, 16, 17, 18, 19, 20, 21, 22, 23, 24, 25, 26, 27, 28, 29, 30, 31, 32, 33, 34, 35, 36, 37, 38, 39, 40, 41, 42, 43, 44, 45, 46, 47, 48, 49, 50, 51, 52, 53, 54, 55, 56, 57, 58, 59, 60, 61, 62, 63, 65, 66, 67, 68, 69, 70, 71, 72, 73, 74, 76, 77, 78, 79, 80, 81, 82, 83, 84, 85, 86, 87, 88, 89, 90, 91, 92, 93, 94, 95, 96, 97, 98, 99]

--- Генерація вершинного покриття (зі списку суміжності) ---
Знайдене максимальне парування (M): {(71, 84), (11, 42), (41, 58), (62, 90), (37, 70), (33, 57), (78, 89), (16, 50), (22, 44), (49, 68), (0, 81), (93, 98), (40, 65), (3, 52), (29, 74), (4, 8), (1, 45), (20, 28), (15, 38), (34, 79), (36, 76), (67, 85), (12, 30), (80, 82), (19, 69), (56, 94), (17, 23), (10, 60), (43, 75), (14, 91), (48, 59), (18, 61), (26, 77), (13, 83), (31, 64), (47, 54), (66, 86), (6, 25), (55, 73), (7, 88), (39, 92), (2, 46), (95, 97), (21, 32), (51, 72), (87, 99), (9, 24), (5, 35), (53, 63)}
Згенероване вершинне покриття (C): [0, 1, 2, 3, 4, 5, 6, 7, 8, 9, 10, 11, 12, 13, 14, 15, 16, 17, 18, 19, 20, 21, 22, 23, 24, 25, 26, 28, 29, 30, 31, 32, 33, 34, 35, 36, 37, 38, 39, 40, 41, 42, 43, 44, 45, 46, 47, 48, 49, 50, 51, 52, 53, 54, 55, 56, 57, 58, 59, 60, 61, 62, 63, 64, 65, 66, 67, 68, 69, 70, 71, 72, 73, 74, 75, 76, 77, 78, 79, 80, 81, 82, 83, 84, 85, 86, 87, 88, 89, 90, 91, 92, 93, 94, 95, 97, 98, 99]

--- Генерація вершинного покриття (зі списку суміжності) ---
Знайдене максимальне парування (M): {(66, 91), (62, 72), (79, 88), (35, 97), (5, 65), (78, 83), (23, 86), (12, 34), (32, 73), (22, 38), (19, 85), (10, 24), (44, 84), (9, 99), (43, 94), (20, 77), (1, 33), (90, 93), (60, 61), (4, 14), (31, 89), (7, 95), (50, 75), (69, 76), (15, 56), (25, 64), (28, 87), (36, 39), (41, 81), (3, 45), (29, 70), (6, 68), (55, 58), (47, 51), (42, 98), (27, 48), (16, 82), (0, 46), (59, 71), (26, 49), (17, 80), (54, 96), (37, 92), (52, 74), (8, 13), (57, 67), (2, 18), (40, 63), (21, 53), (11, 30)}
Згенероване вершинне покриття (C): [0, 1, 2, 3, 4, 5, 6, 7, 8, 9, 10, 11, 12, 13, 14, 15, 16, 17, 18, 19, 20, 21, 22, 23, 24, 25, 26, 27, 28, 29, 30, 31, 32, 33, 34, 35, 36, 37, 38, 39, 40, 41, 42, 43, 44, 45, 46, 47, 48, 49, 50, 51, 52, 53, 54, 55, 56, 57, 58, 59, 60, 61, 62, 63, 64, 65, 66, 67, 68, 69, 70, 71, 72, 73, 74, 75, 76, 77, 78, 79, 80, 81, 82, 83, 84, 85, 86, 87, 88, 89, 90, 91, 92, 93, 94, 95, 96, 97, 98, 99]

--- Генерація вершинного покриття (зі списку суміжності) ---
Знайдене максимальне парування (M): {(79, 85), (47, 71), (67, 80), (17, 40), (69, 77), (97, 99), (3, 31), (75, 78), (91, 92), (45, 98), (10, 76), (8, 30), (46, 72), (43, 94), (24, 90), (36, 55), (5, 52), (39, 84), (2, 93), (4, 66), (28, 60), (32, 48), (58, 73), (21, 27), (0, 59), (22, 89), (70, 81), (53, 95), (6, 56), (15, 62), (61, 96), (19, 29), (51, 88), (68, 74), (7, 12), (33, 37), (16, 18), (57, 86), (11, 34), (9, 49), (23, 87), (44, 64), (38, 54), (20, 42), (1, 65), (25, 63), (41, 83), (35, 82), (14, 50)}
Згенероване вершинне покриття (C): [0, 1, 2, 3, 4, 5, 6, 7, 8, 9, 10, 11, 12, 14, 15, 16, 17, 18, 19, 20, 21, 22, 23, 24, 25, 27, 28, 29, 30, 31, 32, 33, 34, 35, 36, 37, 38, 39, 40, 41, 42, 43, 44, 45, 46, 47, 48, 49, 50, 51, 52, 53, 54, 55, 56, 57, 58, 59, 60, 61, 62, 63, 64, 65, 66, 67, 68, 69, 70, 71, 72, 73, 74, 75, 76, 77, 78, 79, 80, 81, 82, 83, 84, 85, 86, 87, 88, 89, 90, 91, 92, 93, 94, 95, 96, 97, 98, 99]

--- Генерація вершинного покриття (зі списку суміжності) ---
Знайдене максимальне парування (M): {(6, 21), (16, 90), (72, 76), (35, 39), (44, 57), (4, 24), (34, 92), (22, 96), (91, 95), (36, 49), (46, 84), (0, 29), (17, 45), (56, 61), (73, 77), (7, 65), (15, 78), (2, 32), (64, 80), (43, 48), (81, 99), (69, 79), (30, 60), (55, 83), (54, 97), (3, 33), (8, 23), (11, 74), (5, 94), (25, 70), (75, 86), (63, 66), (13, 37), (20, 82), (28, 62), (26, 40), (12, 87), (53, 88), (52, 68), (9, 67), (41, 71), (1, 59), (31, 42), (18, 51), (58, 93), (19, 89), (14, 47), (27, 38), (85, 98)}
Згенероване вершинне покриття (C): [0, 1, 2, 3, 4, 5, 6, 7, 8, 9, 11, 12, 13, 14, 15, 16, 17, 18, 19, 20, 21, 22, 23, 24, 25, 26, 27, 28, 29, 30, 31, 32, 33, 34, 35, 36, 37, 38, 39, 40, 41, 42, 43, 44, 45, 46, 47, 48, 49, 51, 52, 53, 54, 55, 56, 57, 58, 59, 60, 61, 62, 63, 64, 65, 66, 67, 68, 69, 70, 71, 72, 73, 74, 75, 76, 77, 78, 79, 80, 81, 82, 83, 84, 85, 86, 87, 88, 89, 90, 91, 92, 93, 94, 95, 96, 97, 98, 99]

--- Генерація вершинного покриття (зі списку суміжності) ---
Знайдене максимальне парування (M): {(52, 98), (34, 68), (57, 94), (0, 48), (31, 96), (56, 89), (60, 77), (18, 41), (17, 79), (8, 15), (19, 21), (37, 91), (1, 9), (28, 33), (42, 99), (29, 65), (81, 84), (62, 80), (4, 69), (72, 93), (35, 47), (27, 70), (58, 76), (66, 71), (39, 50), (22, 46), (11, 13), (20, 49), (16, 67), (32, 90), (2, 25), (54, 75), (43, 44), (7, 24), (3, 5), (51, 63), (36, 78), (55, 85), (73, 97), (86, 88), (59, 83), (14, 87), (30, 92), (40, 45), (12, 38), (10, 74), (61, 95), (6, 64), (23, 53), (26, 82)}
Згенероване вершинне покриття (C): [0, 1, 2, 3, 4, 5, 6, 7, 8, 9, 10, 11, 12, 13, 14, 15, 16, 17, 18, 19, 20, 21, 22, 23, 24, 25, 26, 27, 28, 29, 30, 31, 32, 33, 34, 35, 36, 37, 38, 39, 40, 41, 42, 43, 44, 45, 46, 47, 48, 49, 50, 51, 52, 53, 54, 55, 56, 57, 58, 59, 60, 61, 62, 63, 64, 65, 66, 67, 68, 69, 70, 71, 72, 73, 74, 75, 76, 77, 78, 79, 80, 81, 82, 83, 84, 85, 86, 87, 88, 89, 90, 91, 92, 93, 94, 95, 96, 97, 98, 99]

--- Генерація вершинного покриття (зі списку суміжності) ---
Знайдене максимальне парування (M): {(62, 84), (71, 96), (37, 73), (10, 52), (44, 54), (23, 77), (33, 63), (7, 47), (61, 82), (12, 89), (22, 29), (40, 50), (57, 60), (68, 78), (76, 91), (15, 81), (88, 99), (41, 48), (58, 64), (8, 51), (31, 86), (17, 69), (56, 94), (9, 19), (0, 74), (11, 13), (75, 83), (3, 36), (5, 39), (28, 93), (46, 80), (27, 42), (43, 87), (20, 70), (53, 79), (25, 97), (14, 66), (1, 38), (21, 72), (90, 95), (24, 49), (26, 98), (16, 45), (6, 34), (32, 59), (2, 55), (30, 65), (35, 67), (85, 92)}
Згенероване вершинне покриття (C): [0, 1, 2, 3, 5, 6, 7, 8, 9, 10, 11, 12, 13, 14, 15, 16, 17, 19, 20, 21, 22, 23, 24, 25, 26, 27, 28, 29, 30, 31, 32, 33, 34, 35, 36, 37, 38, 39, 40, 41, 42, 43, 44, 45, 46, 47, 48, 49, 50, 51, 52, 53, 54, 55, 56, 57, 58, 59, 60, 61, 62, 63, 64, 65, 66, 67, 68, 69, 70, 71, 72, 73, 74, 75, 76, 77, 78, 79, 80, 81, 82, 83, 84, 85, 86, 87, 88, 89, 90, 91, 92, 93, 94, 95, 96, 97, 98, 99]

--- Генерація вершинного покриття (зі списку суміжності) ---
Знайдене максимальне парування (M): {(8, 43), (31, 75), (38, 93), (55, 84), (23, 77), (58, 74), (12, 92), (70, 88), (33, 81), (26, 69), (32, 85), (19, 94), (53, 65), (0, 29), (11, 35), (20, 59), (10, 22), (48, 90), (39, 87), (1, 36), (44, 56), (51, 61), (2, 50), (42, 68), (78, 91), (3, 24), (14, 30), (27, 82), (49, 73), (54, 57), (28, 96), (15, 16), (9, 37), (13, 86), (34, 60), (21, 63), (76, 99), (7, 18), (40, 79), (25, 45), (67, 72), (17, 71), (52, 62), (6, 98), (64, 97), (4, 89), (41, 80), (83, 95), (5, 47)}
Згенероване вершинне покриття (C): [0, 1, 2, 3, 4, 5, 6, 7, 8, 9, 10, 11, 12, 13, 14, 15, 16, 17, 18, 19, 20, 21, 22, 23, 24, 25, 26, 27, 28, 29, 30, 31, 32, 33, 34, 35, 36, 37, 38, 39, 40, 41, 42, 43, 44, 45, 47, 48, 49, 50, 51, 52, 53, 54, 55, 56, 57, 58, 59, 60, 61, 62, 63, 64, 65, 67, 68, 69, 70, 71, 72, 73, 74, 75, 76, 77, 78, 79, 80, 81, 82, 83, 84, 85, 86, 87, 88, 89, 90, 91, 92, 93, 94, 95, 96, 97, 98, 99]

--- Генерація вершинного покриття (зі списку суміжності) ---
Знайдене максимальне парування (M): {(68, 88), (18, 87), (12, 16), (35, 51), (72, 94), (21, 25), (81, 97), (11, 60), (0, 63), (49, 53), (9, 36), (5, 86), (17, 27), (39, 75), (34, 58), (23, 64), (55, 62), (40, 83), (24, 99), (82, 92), (71, 95), (67, 76), (47, 73), (33, 59), (3, 15), (38, 43), (1, 48), (30, 69), (26, 56), (4, 52), (41, 84), (14, 42), (85, 93), (2, 37), (22, 70), (28, 65), (44, 61), (6, 46), (20, 91), (7, 45), (78, 90), (8, 74), (19, 80), (29, 54), (10, 77), (66, 79), (31, 57), (32, 89), (96, 98)}
Згенероване вершинне покриття (C): [0, 1, 2, 3, 4, 5, 6, 7, 8, 9, 10, 11, 12, 14, 15, 16, 17, 18, 19, 20, 21, 22, 23, 24, 25, 26, 27, 28, 29, 30, 31, 32, 33, 34, 35, 36, 37, 38, 39, 40, 41, 42, 43, 44, 45, 46, 47, 48, 49, 51, 52, 53, 54, 55, 56, 57, 58, 59, 60, 61, 62, 63, 64, 65, 66, 67, 68, 69, 70, 71, 72, 73, 74, 75, 76, 77, 78, 79, 80, 81, 82, 83, 84, 85, 86, 87, 88, 89, 90, 91, 92, 93, 94, 95, 96, 97, 98, 99]

--- Генерація вершинного покриття (зі списку суміжності) ---
Знайдене максимальне парування (M): {(24, 30), (71, 84), (88, 94), (42, 48), (16, 93), (10, 52), (31, 35), (86, 96), (11, 66), (9, 78), (13, 60), (51, 83), (44, 81), (1, 21), (14, 46), (5, 43), (12, 58), (55, 68), (2, 32), (34, 67), (56, 73), (49, 92), (59, 75), (3, 41), (23, 85), (18, 40), (47, 82), (39, 99), (77, 98), (45, 91), (17, 20), (50, 87), (26, 62), (28, 29), (27, 97), (36, 54), (7, 70), (37, 53), (6, 74), (63, 90), (4, 22), (19, 80), (57, 64), (61, 89), (33, 76), (0, 15), (25, 72), (38, 69), (8, 95)}
Згенероване вершинне покриття (C): [0, 1, 2, 3, 4, 5, 6, 7, 8, 9, 10, 11, 12, 13, 14, 15, 16, 17, 18, 19, 20, 21, 22, 23, 24, 25, 26, 27, 28, 29, 30, 31, 32, 33, 34, 35, 36, 37, 38, 39, 40, 41, 42, 43, 44, 45, 46, 47, 48, 49, 50, 51, 52, 53, 54, 55, 56, 57, 58, 59, 60, 61, 62, 63, 64, 66, 67, 68, 69, 70, 71, 72, 73, 74, 75, 76, 77, 78, 80, 81, 82, 83, 84, 85, 86, 87, 88, 89, 90, 91, 92, 93, 94, 95, 96, 97, 98, 99]

--- Генерація вершинного покриття (зі списку суміжності) ---
Знайдене максимальне парування (M): {(15, 79), (63, 80), (56, 68), (2, 91), (29, 90), (35, 39), (72, 88), (10, 55), (19, 70), (6, 97), (76, 82), (11, 26), (53, 59), (13, 81), (40, 77), (57, 87), (38, 92), (45, 67), (3, 9), (44, 50), (22, 74), (52, 60), (17, 20), (46, 62), (25, 73), (23, 51), (21, 66), (43, 96), (24, 86), (41, 47), (16, 33), (54, 78), (48, 98), (7, 94), (14, 75), (58, 69), (28, 71), (0, 61), (18, 36), (42, 64), (30, 65), (34, 84), (12, 99), (4, 31), (5, 32), (85, 89), (27, 93), (37, 49), (8, 95), (1, 83)}
Згенероване вершинне покриття (C): [0, 1, 2, 3, 4, 5, 6, 7, 8, 9, 10, 11, 12, 13, 14, 15, 16, 17, 18, 19, 20, 21, 22, 23, 24, 25, 26, 27, 28, 29, 30, 31, 32, 33, 34, 35, 36, 37, 38, 39, 40, 41, 42, 43, 44, 45, 46, 47, 48, 49, 50, 51, 52, 53, 54, 55, 56, 57, 58, 59, 60, 61, 62, 63, 64, 65, 66, 67, 68, 69, 70, 71, 72, 73, 74, 75, 76, 77, 78, 79, 80, 81, 82, 83, 84, 85, 86, 87, 88, 89, 90, 91, 92, 93, 94, 95, 96, 97, 98, 99]

--- Генерація вершинного покриття (зі списку суміжності) ---
Знайдене максимальне парування (M): {(54, 65), (57, 88), (31, 69), (79, 94), (42, 48), (19, 55), (4, 76), (21, 25), (45, 89), (60, 71), (8, 9), (49, 50), (32, 70), (36, 86), (11, 14), (23, 40), (38, 59), (17, 24), (5, 22), (43, 82), (28, 91), (0, 26), (33, 84), (15, 81), (68, 90), (1, 97), (3, 85), (30, 75), (20, 95), (51, 73), (77, 98), (66, 74), (35, 83), (10, 29), (41, 93), (16, 18), (53, 67), (47, 63), (72, 80), (13, 34), (7, 27), (52, 62), (78, 87), (44, 58), (56, 96), (46, 61), (12, 99), (37, 92), (2, 6), (39, 64)}
Згенероване вершинне покриття (C): [0, 1, 2, 3, 4, 5, 6, 7, 8, 9, 10, 11, 12, 13, 14, 15, 16, 17, 18, 19, 20, 21, 22, 23, 24, 25, 26, 27, 28, 29, 30, 31, 32, 33, 34, 35, 36, 37, 38, 39, 40, 41, 42, 43, 44, 45, 46, 47, 48, 49, 50, 51, 52, 53, 54, 55, 56, 57, 58, 59, 60, 61, 62, 63, 64, 65, 66, 67, 68, 69, 70, 71, 72, 73, 74, 75, 76, 77, 78, 79, 80, 81, 82, 83, 84, 85, 86, 87, 88, 89, 90, 91, 92, 93, 94, 95, 96, 97, 98, 99]

--- Генерація вершинного покриття (зі списку суміжності) ---
Знайдене максимальне парування (M): {(55, 57), (7, 78), (67, 68), (48, 97), (53, 87), (8, 61), (32, 58), (24, 54), (84, 99), (37, 79), (28, 76), (3, 22), (33, 66), (23, 98), (0, 11), (14, 34), (35, 75), (44, 81), (40, 62), (12, 46), (36, 49), (65, 94), (38, 83), (2, 93), (20, 80), (69, 70), (43, 51), (5, 64), (39, 90), (29, 92), (52, 63), (21, 88), (1, 72), (26, 77), (9, 89), (13, 19), (41, 96), (15, 74), (25, 82), (6, 10), (16, 85), (4, 56), (18, 30), (71, 91), (27, 60), (42, 73), (59, 86), (31, 45), (17, 95), (47, 50)}
Згенероване вершинне покриття (C): [0, 1, 2, 3, 4, 5, 6, 7, 8, 9, 10, 11, 12, 13, 14, 15, 16, 17, 18, 19, 20, 21, 22, 23, 24, 25, 26, 27, 28, 29, 30, 31, 32, 33, 34, 35, 36, 37, 38, 39, 40, 41, 42, 43, 44, 45, 46, 47, 48, 49, 50, 51, 52, 53, 54, 55, 56, 57, 58, 59, 60, 61, 62, 63, 64, 65, 66, 67, 68, 69, 70, 71, 72, 73, 74, 75, 76, 77, 78, 79, 80, 81, 82, 83, 84, 85, 86, 87, 88, 89, 90, 91, 92, 93, 94, 95, 96, 97, 98, 99]

--- Генерація вершинного покриття (зі списку суміжності) ---
Знайдене максимальне парування (M): {(15, 79), (2, 33), (45, 71), (61, 67), (29, 38), (26, 54), (8, 85), (27, 92), (31, 56), (74, 91), (23, 46), (1, 76), (41, 94), (36, 49), (14, 34), (24, 87), (7, 10), (12, 58), (66, 93), (59, 63), (65, 97), (13, 35), (22, 77), (9, 53), (6, 99), (64, 98), (4, 20), (52, 69), (37, 84), (32, 72), (70, 96), (25, 73), (3, 39), (44, 89), (19, 90), (11, 86), (5, 51), (0, 95), (21, 81), (50, 62), (47, 78), (55, 88), (43, 68), (28, 83), (30, 80), (16, 60), (40, 57), (42, 82), (18, 75)}
Згенероване вершинне покриття (C): [0, 1, 2, 3, 4, 5, 6, 7, 8, 9, 10, 11, 12, 13, 14, 15, 16, 18, 19, 20, 21, 22, 23, 24, 25, 26, 27, 28, 29, 30, 31, 32, 33, 34, 35, 36, 37, 38, 39, 40, 41, 42, 43, 44, 45, 46, 47, 49, 50, 51, 52, 53, 54, 55, 56, 57, 58, 59, 60, 61, 62, 63, 64, 65, 66, 67, 68, 69, 70, 71, 72, 73, 74, 75, 76, 77, 78, 79, 80, 81, 82, 83, 84, 85, 86, 87, 88, 89, 90, 91, 92, 93, 94, 95, 96, 97, 98, 99]

--- Генерація вершинного покриття (зі списку суміжності) ---
Знайдене максимальне парування (M): {(63, 74), (42, 54), (53, 81), (43, 52), (37, 70), (17, 73), (6, 36), (87, 92), (3, 83), (61, 94), (1, 76), (21, 58), (26, 72), (7, 80), (19, 51), (35, 99), (29, 86), (56, 82), (5, 9), (15, 44), (14, 18), (60, 79), (12, 27), (33, 71), (30, 78), (49, 55), (31, 66), (50, 84), (2, 77), (45, 57), (65, 90), (24, 28), (0, 34), (88, 91), (8, 38), (11, 98), (40, 75), (47, 69), (41, 59), (16, 39), (20, 97), (32, 62), (89, 93), (23, 96), (13, 67), (48, 64), (10, 22), (4, 46), (68, 85)}
Згенероване вершинне покриття (C): [0, 1, 2, 3, 4, 5, 6, 7, 8, 9, 10, 11, 12, 13, 14, 15, 16, 17, 18, 19, 20, 21, 22, 23, 24, 26, 27, 28, 29, 30, 31, 32, 33, 34, 35, 36, 37, 38, 39, 40, 41, 42, 43, 44, 45, 46, 47, 48, 49, 50, 51, 52, 53, 54, 55, 56, 57, 58, 59, 60, 61, 62, 63, 64, 65, 66, 67, 68, 69, 70, 71, 72, 73, 74, 75, 76, 77, 78, 79, 80, 81, 82, 83, 84, 85, 86, 87, 88, 89, 90, 91, 92, 93, 94, 96, 97, 98, 99]

--- Генерація вершинного покриття (зі списку суміжності) ---
Знайдене максимальне парування (M): {(22, 63), (19, 98), (56, 62), (23, 68), (55, 66), (17, 58), (12, 80), (13, 45), (7, 38), (24, 57), (67, 92), (64, 99), (87, 95), (3, 31), (39, 48), (18, 53), (20, 50), (44, 81), (54, 61), (27, 46), (33, 90), (40, 83), (79, 93), (47, 82), (6, 41), (30, 78), (89, 97), (10, 75), (5, 94), (14, 36), (2, 74), (0, 28), (8, 29), (49, 73), (16, 76), (9, 34), (32, 35), (21, 69), (37, 59), (15, 86), (25, 42), (71, 91), (52, 65), (26, 43), (77, 85), (51, 72), (60, 84), (1, 4), (11, 88)}
Згенероване вершинне покриття (C): [0, 1, 2, 3, 4, 5, 6, 7, 8, 9, 10, 11, 12, 13, 14, 15, 16, 17, 18, 19, 20, 21, 22, 23, 24, 25, 26, 27, 28, 29, 30, 31, 32, 33, 34, 35, 36, 37, 38, 39, 40, 41, 42, 43, 44, 45, 46, 47, 48, 49, 50, 51, 52, 53, 54, 55, 56, 57, 58, 59, 60, 61, 62, 63, 64, 65, 66, 67, 68, 69, 71, 72, 73, 74, 75, 76, 77, 78, 79, 80, 81, 82, 83, 84, 85, 86, 87, 88, 89, 90, 91, 92, 93, 94, 95, 97, 98, 99]

--- Генерація вершинного покриття (зі списку суміжності) ---
Знайдене максимальне парування (M): {(6, 76), (2, 97), (49, 90), (15, 33), (0, 54), (63, 89), (20, 84), (4, 21), (64, 99), (23, 95), (44, 72), (35, 75), (48, 69), (24, 81), (14, 52), (68, 96), (51, 55), (18, 86), (30, 57), (16, 37), (11, 59), (13, 56), (67, 91), (27, 73), (10, 66), (29, 43), (34, 36), (40, 58), (70, 93), (45, 53), (5, 94), (85, 87), (9, 22), (28, 32), (25, 88), (39, 77), (7, 82), (46, 92), (3, 60), (62, 79), (12, 26), (41, 71), (31, 42), (8, 74), (61, 83), (65, 80), (1, 19), (17, 98), (38, 78), (47, 50)}
Згенероване вершинне покриття (C): [0, 1, 2, 3, 4, 5, 6, 7, 8, 9, 10, 11, 12, 13, 14, 15, 16, 17, 18, 19, 20, 21, 22, 23, 24, 25, 26, 27, 28, 29, 30, 31, 32, 33, 34, 35, 36, 37, 38, 39, 40, 41, 42, 43, 44, 45, 46, 47, 48, 49, 50, 51, 52, 53, 54, 55, 56, 57, 58, 59, 60, 61, 62, 63, 64, 65, 66, 67, 68, 69, 70, 71, 72, 73, 74, 75, 76, 77, 78, 79, 80, 81, 82, 83, 84, 85, 86, 87, 88, 89, 90, 91, 92, 93, 94, 95, 96, 97, 98, 99]

--- Генерація вершинного покриття (зі списку суміжності) ---
Знайдене максимальне парування (M): {(79, 91), (24, 33), (81, 94), (7, 90), (59, 73), (64, 87), (9, 66), (11, 57), (20, 96), (45, 83), (25, 53), (40, 47), (4, 88), (29, 56), (27, 98), (22, 50), (18, 74), (82, 89), (39, 84), (51, 55), (71, 92), (6, 26), (28, 60), (19, 63), (37, 72), (62, 95), (52, 75), (30, 78), (23, 42), (21, 54), (16, 76), (13, 86), (10, 38), (1, 44), (17, 68), (46, 49), (5, 69), (2, 61), (31, 36), (15, 58), (34, 35), (12, 32), (67, 99), (65, 77), (3, 93), (43, 80), (48, 70), (0, 85), (14, 41)}
Згенероване вершинне покриття (C): [0, 1, 2, 3, 4, 5, 6, 7, 9, 10, 11, 12, 13, 14, 15, 16, 17, 18, 19, 20, 21, 22, 23, 24, 25, 26, 27, 28, 29, 30, 31, 32, 33, 34, 35, 36, 37, 38, 39, 40, 41, 42, 43, 44, 45, 46, 47, 48, 49, 50, 51, 52, 53, 54, 55, 56, 57, 58, 59, 60, 61, 62, 63, 64, 65, 66, 67, 68, 69, 70, 71, 72, 73, 74, 75, 76, 77, 78, 79, 80, 81, 82, 83, 84, 85, 86, 87, 88, 89, 90, 91, 92, 93, 94, 95, 96, 98, 99]

--- Генерація вершинного покриття (зі списку суміжності) ---
Знайдене максимальне парування (M): {(1, 92), (26, 88), (12, 74), (21, 83), (29, 96), (7, 93), (5, 65), (56, 95), (68, 72), (18, 53), (42, 87), (17, 91), (36, 98), (13, 78), (94, 97), (3, 52), (49, 77), (8, 39), (28, 54), (37, 66), (46, 99), (31, 80), (47, 67), (41, 57), (4, 11), (61, 81), (27, 85), (2, 71), (50, 90), (34, 45), (76, 84), (10, 32), (38, 70), (63, 69), (22, 55), (14, 48), (19, 44), (24, 25), (73, 79), (16, 33), (6, 89), (9, 64), (43, 59), (23, 35), (15, 58), (20, 51), (30, 86), (0, 82)}
Згенероване вершинне покриття (C): [0, 1, 2, 3, 4, 5, 6, 7, 8, 9, 10, 11, 12, 13, 14, 15, 16, 17, 18, 19, 20, 21, 22, 23, 24, 25, 26, 27, 28, 29, 30, 31, 32, 33, 34, 35, 36, 37, 38, 39, 41, 42, 43, 44, 45, 46, 47, 48, 49, 50, 51, 52, 53, 54, 55, 56, 57, 58, 59, 61, 63, 64, 65, 66, 67, 68, 69, 70, 71, 72, 73, 74, 76, 77, 78, 79, 80, 81, 82, 83, 84, 85, 86, 87, 88, 89, 90, 91, 92, 93, 94, 95, 96, 97, 98, 99]

--- Генерація вершинного покриття (зі списку суміжності) ---
Знайдене максимальне парування (M): {(33, 42), (29, 84), (7, 90), (77, 81), (6, 94), (14, 74), (19, 58), (70, 82), (38, 44), (12, 95), (32, 67), (60, 98), (45, 55), (49, 92), (11, 47), (62, 86), (20, 22), (53, 89), (3, 15), (16, 52), (48, 50), (57, 65), (4, 35), (8, 23), (25, 73), (21, 66), (68, 83), (27, 51), (43, 93), (54, 69), (24, 37), (26, 28), (2, 40), (10, 41), (39, 61), (30, 59), (18, 97), (36, 72), (64, 88), (78, 87), (56, 96), (5, 17), (9, 79), (0, 76), (1, 13), (91, 99), (63, 71), (46, 85)}
Згенероване вершинне покриття (C): [0, 1, 2, 3, 4, 5, 6, 7, 8, 9, 10, 11, 12, 13, 14, 15, 16, 17, 18, 19, 20, 21, 22, 23, 24, 25, 26, 27, 28, 29, 30, 32, 33, 35, 36, 37, 38, 39, 40, 41, 42, 43, 44, 45, 46, 47, 48, 49, 50, 51, 52, 53, 54, 55, 56, 57, 58, 59, 60, 61, 62, 63, 64, 65, 66, 67, 68, 69, 70, 71, 72, 73, 74, 76, 77, 78, 79, 81, 82, 83, 84, 85, 86, 87, 88, 89, 90, 91, 92, 93, 94, 95, 96, 97, 98, 99]

--- Генерація вершинного покриття (зі списку суміжності) ---
Знайдене максимальне парування (M): {(39, 73), (44, 91), (19, 49), (53, 87), (11, 51), (18, 32), (2, 48), (84, 93), (64, 96), (3, 16), (14, 83), (23, 25), (61, 82), (77, 90), (4, 30), (56, 98), (35, 72), (15, 69), (27, 40), (54, 58), (6, 26), (22, 74), (1, 45), (62, 95), (31, 37), (29, 66), (78, 94), (0, 10), (67, 97), (41, 81), (68, 71), (5, 33), (28, 47), (21, 63), (38, 85), (46, 92), (17, 50), (55, 70), (36, 60), (24, 34), (13, 43), (12, 20), (59, 86), (42, 79), (80, 99), (9, 88), (52, 89), (57, 76), (7, 75)}
Згенероване вершинне покриття (C): [0, 1, 2, 3, 4, 5, 6, 7, 9, 10, 11, 12, 13, 14, 15, 16, 17, 18, 19, 20, 21, 22, 23, 24, 25, 26, 27, 28, 29, 30, 31, 32, 33, 34, 35, 36, 37, 38, 39, 40, 41, 42, 43, 44, 45, 46, 47, 48, 49, 50, 51, 52, 53, 54, 55, 56, 57, 58, 59, 60, 61, 62, 63, 64, 66, 67, 68, 69, 70, 71, 72, 73, 74, 75, 76, 77, 78, 79, 80, 81, 82, 83, 84, 85, 86, 87, 88, 89, 90, 91, 92, 93, 94, 95, 96, 97, 98, 99]

--- Генерація вершинного покриття (зі списку суміжності) ---
Знайдене максимальне парування (M): {(2, 88), (11, 42), (7, 26), (33, 48), (49, 96), (23, 86), (4, 82), (29, 50), (22, 99), (67, 98), (5, 31), (66, 78), (51, 89), (21, 55), (0, 20), (85, 94), (24, 81), (18, 19), (16, 28), (57, 90), (58, 64), (15, 93), (40, 95), (46, 56), (3, 79), (87, 97), (14, 27), (34, 45), (6, 68), (54, 69), (8, 41), (36, 63), (43, 44), (62, 91), (47, 72), (37, 65), (30, 59), (39, 92), (17, 71), (61, 77), (60, 75), (80, 84), (1, 53), (9, 76), (12, 38), (35, 70), (13, 73), (10, 25), (32, 83)}
Згенероване вершинне покриття (C): [0, 1, 2, 3, 4, 5, 6, 7, 8, 9, 10, 11, 12, 13, 14, 15, 16, 17, 18, 19, 20, 21, 22, 23, 24, 25, 26, 27, 28, 29, 30, 31, 32, 33, 34, 35, 36, 37, 38, 39, 40, 41, 42, 43, 44, 45, 46, 47, 48, 49, 50, 51, 53, 54, 55, 56, 57, 58, 59, 60, 61, 62, 63, 64, 65, 66, 67, 68, 69, 70, 71, 72, 73, 75, 76, 77, 78, 79, 80, 81, 82, 83, 84, 85, 86, 87, 88, 89, 90, 91, 92, 93, 94, 95, 96, 97, 98, 99]

--- Генерація вершинного покриття (зі списку суміжності) ---
Знайдене максимальне парування (M): {(73, 78), (17, 55), (14, 62), (67, 74), (12, 19), (21, 25), (16, 41), (47, 80), (0, 2), (66, 88), (3, 22), (24, 57), (26, 54), (8, 76), (23, 34), (4, 30), (36, 37), (20, 50), (38, 68), (42, 90), (10, 94), (44, 93), (81, 84), (65, 97), (82, 89), (6, 29), (39, 70), (51, 64), (1, 63), (58, 91), (32, 72), (46, 77), (7, 75), (61, 99), (9, 40), (53, 79), (59, 71), (5, 11), (27, 69), (87, 96), (48, 49), (15, 52), (13, 18), (33, 85), (83, 95), (45, 56), (28, 98), (31, 60), (43, 92)}
Згенероване вершинне покриття (C): [0, 1, 2, 3, 4, 5, 6, 7, 8, 9, 10, 11, 12, 13, 14, 15, 16, 17, 18, 19, 20, 21, 22, 23, 24, 25, 26, 27, 28, 29, 30, 31, 32, 33, 34, 36, 37, 38, 39, 40, 41, 42, 43, 44, 45, 46, 47, 48, 49, 50, 51, 52, 53, 54, 55, 56, 57, 58, 59, 60, 61, 62, 63, 64, 65, 66, 67, 68, 69, 70, 71, 72, 73, 74, 75, 76, 77, 78, 79, 80, 81, 82, 83, 84, 85, 87, 88, 89, 90, 91, 92, 93, 94, 95, 96, 97, 98, 99]

Середній час виконання: 0.0004479218 секунд
